       1       9.9481737
       2       13.971928
       3       17.815186
       4       21.136035
       5       39.617773
       6       47.272756
       7       47.086860
       8       31.144190
       9       20.677008
      10       9.6075921
      11       8.6471345
      12       9.0443003
      13   275.97
 
       1       6.8906122
       2       9.0581318
       3       12.170993
       4       12.886674
       5       21.451294
       6       23.865058
       7       25.551748
       8       16.994260
       9       11.894976
      10       6.4448682
      11       6.3889486
      12       6.2501947
      13   159.85
 
       1      0.84793737
       2       1.3502790
       3       2.1818942
       4       2.3825417
       5       3.0401117
       6       2.9256733
       7       3.3268036
       8       2.2586572
       9       1.4725647
      10      0.92249401
      11       1.0237482
      12      0.82791176
      13    22.56
 
       1      0.56942893
       2      0.94140184
       3       3.6673449
       4       4.1957709
       5       6.8992659
       6       14.031360
       7       16.100588
       8       8.7733186
       9       3.1906612
      10      0.85562329
      11       1.2311916
      12       1.1059121
      13    61.56
 
       1      0.29427662
       2      0.33395466
       3       1.4163861
       4       2.8089793
       5       4.3343768
       6       6.9001574
       7       7.1302030
       8       5.0050899
       9       2.3506554
      10      0.33668758
      11      0.30223557
      12      0.32763252
      13    31.54
 
       1      0.78217101
       2       1.2688041
       3       2.6463489
       4       3.0243422
       5       4.0205140
       6       4.0028895
       7       4.0585476
       8       2.7103087
       9       1.7718539
      10       1.0460482
      11       1.0616137
      12      0.66330152
      13     2.25
 
       1 0.0
       2 0.0
       3 0.0
       4 0.0
       5 0.0
       6 0.0
       7 0.0
       8 0.0
       9 0.0
      10 0.0
      11 0.0
      12 0.0
      13 0.0
 
       1     0.021782011
       2     0.034560457
       3     0.070389423
       4     0.077035020
       5      0.10389499
       6     0.098154284
       7     0.097292614
       8     0.064571269
       9     0.042919452
      10     0.028524349
      11     0.030239169
      12     0.017931707
      13   0.0573
 
       1      0.85344574
       2      0.85046235
       3      0.84866664
       4      0.84481561
       5      0.84782465
       6      0.84636981
       7      0.84544439
       8      0.84631483
       9      0.84571814
      10      0.85171921
      11      0.85418266
      12      0.85306591
      13   0.8490
 
       1    0.0033023035
       2    0.0052974931
       3     0.010901212
       4     0.012145961
       5     0.016135821
       6     0.015552863
       7     0.015559060
       8     0.010427470
       9    0.0069249192
      10    0.0043762911
      11    0.0045389981
      12    0.0027708044
      13   0.0090
 
       1      0.84260660
       2      0.89539329
       3      0.95893346
       4      0.97495345
       5      0.98095908
       6      0.98470279
       7      0.98114242
       8      0.97765480
       9      0.96724573
      10      0.96257821
      11      0.95854283
      12      0.86886524
      13   0.9461
 
