       1       623.30364
       2       556.01456
       3       593.44535
       4       595.03689
       5       644.30134
       6       572.71919
       7       708.52551
       8       620.66273
       9       587.18995
      10       563.65868
      11       556.78884
      12       609.36367
      13  7231.01
 
       1       361.17415
       2       329.74661
       3       357.43709
       4       359.50223
       5       384.40284
       6       337.86652
       7       415.37463
       8       373.98676
       9       350.41590
      10       341.45263
      11       330.92181
      12       356.75599
      13  4299.04
 
       1       43.387153
       2       39.280294
       3       42.037883
       4       41.530401
       5       45.353690
       6       40.406808
       7       50.452759
       8       45.650509
       9       42.863436
      10       39.700120
      11       39.054342
      12       42.505504
      13   512.22
 
       1       182.95589
       2       161.66820
       3       165.64583
       4       164.92863
       5       180.28207
       6       159.21507
       7       199.74281
       8       167.66994
       9       160.28615
      10       152.91323
      11       160.21051
      12       182.36824
      13  2037.89
 
       1       30.481860
       2       25.640629
       3       27.758192
       4       30.240349
       5       33.795352
       6       36.231832
       7       40.048572
       8       35.042444
       9       33.757665
      10       28.655678
      11       27.539048
      12       28.137353
      13   377.33
 
       1       6.3500332
       2       6.4799960
       3       6.1942320
       4       6.2297637
       5       6.5619303
       6       6.0572294
       7       7.3797386
       8       6.8991523
       9       6.7751704
      10       6.0369587
      11       6.0682052
      12       6.3870935
      13     6.45
 
       1 0.0
       2 0.0
       3 0.0
       4 0.0
       5 0.0
       6 0.0
       7 0.0
       8 0.0
       9 0.0
      10 0.0
      11 0.0
      12 0.0
      13 0.0
 
       1     0.025090212
       2     0.026190688
       3     0.025282813
       4     0.025582727
       5     0.026883803
       6     0.024236971
       7     0.029754889
       8     0.027872298
       9     0.027142320
      10     0.024379310
      11     0.024246410
      12     0.025437508
      13   0.0260
 
       1       1.0000000
       2       1.0000000
       3       1.0000000
       4       1.0000000
       5       1.0000000
       6       1.0000000
       7       1.0000000
       8       1.0000000
       9       1.0000000
      10       1.0000000
      11       1.0000000
      12       1.0000000
      13   1.0000
 
       1       0.0000000
       2       0.0000000
       3       0.0000000
       4       0.0000000
       5       0.0000000
       6       0.0000000
       7       0.0000000
       8       0.0000000
       9       0.0000000
      10       0.0000000
      11       0.0000000
      12       0.0000000
      13   0.0000
 
       1      0.72656916
       2      0.68470877
       3      0.64996981
       4      0.62379990
       5      0.61821059
       6      0.63733187
       7      0.66290823
       8      0.66809118
       9      0.68585491
      10      0.68350824
      11      0.66812991
      12      0.69349066
      13   0.6669
 
