       1       11.617104
       2       16.765975
       3       18.785033
       4       20.106468
       5       30.908803
       6       43.115674
       7       48.699256
       8       25.517933
       9       21.533808
      10       8.3604253
      11       9.8964022
      12       5.8237133
      13   261.13
 
       1       7.8215158
       2       10.916766
       3       12.355954
       4       12.941047
       5       17.172831
       6       20.998693
       7       24.507710
       8       15.620766
       9       11.769555
      10       5.8178894
      11       7.1673361
      12       4.6224813
      13   151.71
 
       1      0.96343227
       2       1.6009141
       3       2.0754540
       4       2.7901959
       5       2.7674457
       6       2.4659766
       7       3.2119381
       8       2.3074743
       9       1.4874242
      10      0.91205117
      11       1.0595341
      12      0.63943364
      13    22.28
 
       1       1.0391070
       2       1.7138022
       3       3.1112168
       4       4.5302568
       5       4.7237151
       6       11.691932
       7       19.514835
       8       6.7451021
       9       3.3834268
      10      0.96774140
      11      0.98449074
      12      0.79055382
      13    59.20
 
       1      0.38805089
       2      0.71528549
       3       1.8484440
       4       3.1756202
       5       3.7264268
       6       5.3011509
       7       7.7371310
       8       4.9185465
       9       2.2961825
      10      0.43376606
      11      0.20026704
      12      0.15968700
      13    30.90
 
       1      0.91126251
       2       1.7217515
       3       3.0104350
       4       4.2255741
       5       3.8809802
       6       3.5470376
       7       3.7425926
       8       2.4398566
       9       1.6541018
      10      0.94439752
      11      0.99440958
      12      0.59624924
      13     2.31
 
       1 0.0
       2 0.0
       3 0.0
       4 0.0
       5 0.0
       6 0.0
       7 0.0
       8 0.0
       9 0.0
      10 0.0
      11 0.0
      12 0.0
      13 0.0
 
       1     0.025763996
       2     0.047981107
       3     0.082148125
       4      0.11770149
       5      0.10383877
       6     0.088164110
       7     0.091096743
       8     0.059965356
       9     0.040385538
      10     0.025760556
      11     0.028992394
      12     0.017233172
      13   0.0608
 
       1      0.89087092
       2      0.88813000
       3      0.88604503
       4      0.88714332
       5      0.88580022
       6      0.88351767
       7      0.88357407
       8      0.88386490
       9      0.88294460
      10      0.88813668
      11      0.89058615
      12      0.89135272
      13   0.8868
 
       1    0.0029456190
       2    0.0055131160
       3    0.0095539849
       4     0.013526466
       5     0.012143584
       6     0.010650663
       7     0.011134918
       8    0.0073466284
       9    0.0049859179
      10    0.0030089883
      11    0.0032557480
      12    0.0019615932
      13   0.0072
 
       1      0.89086931
       2      0.94707006
       3      0.96198705
       4      0.98411925
       5      0.97937203
       6      0.98379048
       7      0.98147816
       8      0.98411099
       9      0.97350310
      10      0.95938871
      11      0.96561044
      12      0.89933206
      13   0.9592
 
