       1       182.96480
       2       134.12420
       3       179.40801
       4       172.21006
       5       239.36916
       6       191.97124
       7       249.62839
       8       193.31262
       9       158.87585
      10       140.07292
      11       106.68644
      12       139.88178
      13  2088.51
 
       1       124.94334
       2       90.001231
       3       117.38119
       4       108.57037
       5       145.78998
       6       113.00028
       7       136.78944
       8       112.14676
       9       99.719230
      10       93.474584
      11       73.028255
      12       95.779520
      13  1310.62
 
       1       16.988179
       2       12.495632
       3       15.211518
       4       14.090343
       5       16.109140
       6       13.491579
       7       14.320335
       8       12.621974
       9       11.768819
      10       11.224666
      11       9.8227669
      12       12.854866
      13   161.00
 
       1       21.943327
       2       15.473154
       3       21.182726
       4       25.225146
       5       31.335086
       6       39.498851
       7       53.004846
       8       35.124369
       9       20.415416
      10       14.950259
      11       16.474527
      12       18.202371
      13   312.83
 
       1       16.840754
       2       13.736613
       3       18.032974
       4       21.162871
       5       34.156455
       6       37.821480
       7       44.659505
       8       39.545534
       9       31.360163
      10       23.322621
      11       11.892886
      12       11.990052
      13   304.52
 
       1       14.260132
       2       13.948248
       3       23.113218
       4       26.352343
       5       35.372846
       6       30.713059
       7       29.882330
       8       23.902503
       9       21.025881
      10       16.804508
      11       11.922623
      12       11.573776
      13    21.57
 
       1 0.0
       2 0.0
       3 0.0
       4 0.0
       5 0.0
       6 0.0
       7 0.0
       8 0.0
       9 0.0
      10 0.0
      11 0.0
      12 0.0
      13 0.0
 
       1     0.017419911
       2     0.016781081
       3     0.028203198
       4     0.031724960
       5     0.042535672
       6     0.036900382
       7     0.034415646
       8     0.027613734
       9     0.024554663
      10     0.019984837
      11     0.014324194
      12     0.013965686
      13   0.0257
 
       1      0.86312377
       2      0.85999295
       3      0.86128393
       4      0.86119359
       5      0.85993948
       6      0.86049427
       7      0.86256129
       8      0.86449412
       9      0.86292088
      10      0.86209222
      11      0.86317955
      12      0.86222526
      13   0.8620
 
       1    0.0026451068
       2    0.0025798680
       3    0.0042976905
       4    0.0048707638
       5    0.0065026221
       6    0.0056431077
       7    0.0053575147
       8    0.0043031038
       9    0.0038155846
      10    0.0030911424
      11    0.0022071412
      12    0.0021430777
      13   0.0040
 
       1      0.28044355
       2      0.28271307
       3      0.33338659
       4      0.36596568
       5      0.39289909
       6      0.41385432
       7      0.36533583
       8      0.34192483
       9      0.33086717
      10      0.31752261
      11      0.31150680
      12      0.31521697
      13   0.3376
 
