       1       478.63623
       2       437.57545
       3       500.57773
       4       479.15547
       5       516.07429
       6       524.92142
       7       532.01047
       8       516.41942
       9       506.92804
      10       470.95733
      11       456.66730
      12       497.87016
      13  5917.79
 
       1       286.81321
       2       267.42199
       3       307.93535
       4       297.27281
       5       315.47640
       6       322.59152
       7       323.98704
       8       315.66149
       9       314.63933
      10       290.83557
      11       277.60506
      12       301.78922
      13  3622.03
 
       1       36.641887
       2       33.636348
       3       37.747592
       4       35.588429
       5       38.490358
       6       39.541923
       7       40.694195
       8       39.672062
       9       38.910292
      10       35.738246
      11       35.032987
      12       37.146258
      13   448.84
 
       1       131.91526
       2       117.90040
       3       131.70065
       4       124.39103
       5       135.82163
       6       136.25558
       7       142.87344
       8       136.84718
       9       130.84662
      10       124.38669
      11       122.56080
      12       136.01297
      13  1571.51
 
       1       22.411208
       2       18.974385
       3       22.467572
       4       22.417694
       5       25.527879
       6       25.051397
       7       26.028166
       8       24.590984
       9       21.978014
      10       20.626798
      11       20.977410
      12       22.102520
      13   273.15
 
       1       5.7985742
       2       5.9092673
       3       5.8762454
       4       5.9078859
       5       6.0632449
       6       6.5428293
       7       6.6305688
       8       6.5331596
       9       6.3913964
      10       5.6816954
      11       5.7241206
      12       6.0318944
      13     6.09
 
       1 0.0
       2 0.0
       3 0.0
       4 0.0
       5 0.0
       6 0.0
       7 0.0
       8 0.0
       9 0.0
      10 0.0
      11 0.0
      12 0.0
      13 0.0
 
       1     0.023764502
       2     0.024624109
       3     0.024485558
       4     0.024592328
       5     0.025045179
       6     0.026987892
       7     0.027233992
       8     0.026738474
       9     0.026763161
      10     0.023672750
      11     0.023508636
      12     0.024874159
      13   0.0252
 
       1       1.0000000
       2       1.0000000
       3       1.0000000
       4       1.0000000
       5       1.0000000
       6       1.0000000
       7       1.0000000
       8       1.0000000
       9       1.0000000
      10       1.0000000
      11       1.0000000
      12       1.0000000
      13   1.0000
 
       1       0.0000000
       2       0.0000000
       3       0.0000000
       4       0.0000000
       5       0.0000000
       6       0.0000000
       7       0.0000000
       8       0.0000000
       9       0.0000000
      10       0.0000000
      11       0.0000000
      12       0.0000000
      13   0.0000
 
       1      0.69915742
       2      0.70983198
       3      0.65072329
       4      0.63079581
       5      0.60801970
       6      0.59442465
       7      0.62105763
       8      0.67226538
       9      0.67533887
      10      0.68797921
      11      0.70771233
      12      0.71185486
      13   0.6641
 
