       1       473.69715
       2       420.25715
       3       507.11681
       4       460.91285
       5       481.08981
       6       514.37918
       7       534.12792
       8       552.45602
       9       489.39671
      10       480.49913
      11       443.81846
      12       470.08020
      13  5827.83
 
       1       286.43724
       2       256.20185
       3       312.02058
       4       286.36225
       5       296.09554
       6       310.77613
       7       326.00343
       8       337.62619
       9       303.46130
      10       299.24781
      11       275.49018
      12       283.14341
      13  3572.87
 
       1       36.361943
       2       32.331573
       3       38.591818
       4       34.573620
       5       35.686255
       6       38.725188
       7       40.172371
       8       41.669143
       9       37.544562
      10       36.586675
      11       32.519576
      12       35.827711
      13   440.59
 
       1       130.39407
       2       112.01349
       3       135.03138
       4       119.43864
       5       125.56671
       6       138.40145
       7       142.54559
       8       146.34580
       9       127.01488
      10       124.05747
      11       117.58397
      12       128.01136
      13  1546.40
 
       1       20.969319
       2       18.571792
       3       22.589373
       4       20.229038
       5       22.997353
       6       25.864623
       7       26.079260
       8       25.634371
       9       22.680643
      10       20.803108
      11       19.336917
      12       21.397339
      13   267.15
 
       1       5.7304905
       2       5.6061551
       3       6.0692275
       4       5.6178550
       5       5.7032782
       6       6.5907287
       7       6.5469266
       8       6.6949082
       9       6.1775176
      10       5.8749729
      11       5.3967943
      12       5.8538791
      13     5.99
 
       1 0.0
       2 0.0
       3 0.0
       4 0.0
       5 0.0
       6 0.0
       7 0.0
       8 0.0
       9 0.0
      10 0.0
      11 0.0
      12 0.0
      13 0.0
 
       1     0.023655952
       2     0.023353084
       3     0.025327196
       4     0.023587413
       5     0.023350315
       6     0.026552683
       7     0.026893583
       8     0.027606515
       9     0.025903225
      10     0.024590046
      11     0.022430602
      12     0.023999779
      13   0.0248
 
       1       1.0000000
       2       1.0000000
       3       1.0000000
       4       1.0000000
       5       1.0000000
       6       1.0000000
       7       1.0000000
       8       1.0000000
       9       1.0000000
      10       1.0000000
      11       1.0000000
      12       1.0000000
      13   1.0000
 
       1       0.0000000
       2       0.0000000
       3       0.0000000
       4       0.0000000
       5       0.0000000
       6       0.0000000
       7       0.0000000
       8       0.0000000
       9       0.0000000
      10       0.0000000
      11       0.0000000
      12       0.0000000
      13   0.0000
 
       1      0.72899838
       2      0.70119785
       3      0.65520344
       4      0.62617991
       5      0.61004920
       6      0.60614203
       7      0.62263499
       8      0.65889837
       9      0.66351189
      10      0.68273145
      11      0.68232874
      12      0.67505793
      13   0.6594
 
