       1       15.465528
       2       12.064872
       3       18.331678
       4       26.127720
       5       36.400149
       6       41.067583
       7       38.842190
       8       23.179257
       9       21.482301
      10       10.276294
      11       7.0918631
      12       7.3648436
      13   257.69
 
       1       10.487454
       2       7.8104506
       3       11.472993
       4       16.375367
       5       21.000708
       6       21.589689
       7       20.857083
       8       13.897382
       9       12.122609
      10       6.9604736
      11       5.0211840
      12       5.6029939
      13   153.20
 
       1       1.3972769
       2       1.0034977
       3       1.7934661
       4       3.2646273
       5       3.2931693
       6       2.7862634
       7       2.8201232
       8       2.0781857
       9       1.5165650
      10       1.0497835
      11      0.61599261
      12      0.68746557
      13    22.31
 
       1       1.6298833
       2       1.0509053
       3       2.1494327
       4       4.6079374
       5       7.2775142
       6       9.8759297
       7       11.179014
       8       6.1093937
       9       3.0564202
      10       1.0920028
      11      0.58039630
      12       1.2516654
      13    49.86
 
       1      0.41599883
       2      0.49482522
       3       1.5065335
       4       3.3272835
       5       4.4132619
       6       5.9741702
       7       6.6651356
       8       4.0187785
       9       2.4707603
      10      0.36933651
      11      0.10842761
      12      0.42675163
      13    30.19
 
       1       1.2369062
       2       1.2668467
       3       2.0153918
       4       4.4710855
       5       4.7850521
       6       3.6635570
       7       3.2604221
       8       2.3658592
       9       1.7098912
      10       1.1659580
      11      0.60620171
      12      0.58221680
      13     2.26
 
       1 0.0
       2 0.0
       3 0.0
       4 0.0
       5 0.0
       6 0.0
       7 0.0
       8 0.0
       9 0.0
      10 0.0
      11 0.0
      12 0.0
      13 0.0
 
       1     0.027916911
       2     0.027352237
       3     0.042530454
       4     0.096527432
       5      0.10169858
       6     0.071851792
       7     0.062425032
       8     0.045614292
       9     0.033456505
      10     0.024511115
      11     0.013054468
      12     0.012190883
      13   0.0466
 
       1      0.83340581
       2      0.83057925
       3      0.83027562
       4      0.82684678
       5      0.82734608
       6      0.82316764
       7      0.82036784
       8      0.82261029
       9      0.82187411
      10      0.82820203
      11      0.82868608
      12      0.82717302
      13   0.8267
 
       1    0.0047815616
       2    0.0047981414
       3    0.0075534071
       4     0.016924017
       5     0.017865182
       6     0.013103977
       7     0.011496589
       8    0.0084500047
       9    0.0061535522
      10    0.0043908984
      11    0.0023287493
      12    0.0022083785
      13   0.0083
 
       1      0.92438991
       2      0.88125540
       3      0.88632986
       4      0.97828742
       5      0.98739450
       6      0.98478116
       7      0.97810923
       8      0.96993004
       9      0.96428813
      10      0.92447549
      11      0.93553445
      12      0.81815542
      13   0.9361
 
