       1       478.50238
       2       462.97678
       3       488.39371
       4       446.12216
       5       505.13637
       6       503.81333
       7       562.59927
       8       579.75986
       9       493.58619
      10       506.09551
      11       452.52830
      12       483.36518
      13  5962.88
 
       1       286.98643
       2       279.23070
       3       297.96693
       4       274.70947
       5       308.90063
       6       304.21078
       7       336.52878
       8       355.04803
       9       306.26792
      10       314.46725
      11       276.72395
      12       291.65480
      13  3632.70
 
       1       37.606901
       2       35.537512
       3       38.025511
       4       33.168077
       5       37.943626
       6       37.613157
       7       42.513556
       8       44.451918
       9       37.195783
      10       38.026156
      11       34.624002
      12       36.715544
      13   453.42
 
       1       131.58176
       2       125.39397
       3       132.34564
       4       116.08247
       5       133.68230
       6       135.25739
       7       154.08475
       8       152.98703
       9       127.56712
      10       131.72914
      11       120.32158
      12       133.10436
      13  1594.14
 
       1       22.934582
       2       21.042678
       3       21.877113
       4       20.690128
       5       24.824686
       6       26.262418
       7       28.630423
       8       28.614261
       9       22.401922
      10       22.626123
      11       20.821911
      12       21.258669
      13   281.98
 
       1       5.9264582
       2       6.2338453
       3       5.9783541
       4       5.3111117
       5       6.0655641
       6       6.1552012
       7       6.8527580
       8       7.1417591
       9       6.0264006
      10       5.9877314
      11       5.7253752
      12       5.9228462
      13     6.11
 
       1 0.0
       2 0.0
       3 0.0
       4 0.0
       5 0.0
       6 0.0
       7 0.0
       8 0.0
       9 0.0
      10 0.0
      11 0.0
      12 0.0
      13 0.0
 
       1     0.024367806
       2     0.025646791
       3     0.024732555
       4     0.022085615
       5     0.024847875
       6     0.025151978
       7     0.027830998
       8     0.029588181
       9     0.025228396
      10     0.025256095
      11     0.023642346
      12     0.024293408
      13   0.0252
 
       1       1.0000000
       2       1.0000000
       3       1.0000000
       4       1.0000000
       5       1.0000000
       6       1.0000000
       7       1.0000000
       8       1.0000000
       9       1.0000000
      10       1.0000000
      11       1.0000000
      12       1.0000000
      13   1.0000
 
       1       0.0000000
       2       0.0000000
       3       0.0000000
       4       0.0000000
       5       0.0000000
       6       0.0000000
       7       0.0000000
       8       0.0000000
       9       0.0000000
      10       0.0000000
      11       0.0000000
      12       0.0000000
      13   0.0000
 
       1      0.71765324
       2      0.72106052
       3      0.69409137
       4      0.66244617
       5      0.62557818
       6      0.62576150
       7      0.67144490
       8      0.70014725
       9      0.69656774
      10      0.71730029
      11      0.72620138
      12      0.73383624
      13   0.6910
 
