       1       8.3094120
       2       11.277352
       3       20.366748
       4       25.672339
       5       39.356211
       6       51.046869
       7       45.086269
       8       26.501024
       9       18.814574
      10       13.277544
      11       5.8204494
      12       8.3742023
      13   273.90
 
       1       5.5658943
       2       7.1720029
       3       13.467364
       4       15.954033
       5       21.068966
       6       25.508326
       7       23.786277
       8       15.213609
       9       11.018051
      10       8.5269091
      11       4.4904836
      12       5.9949890
      13   157.77
 
       1      0.60222649
       2      0.99482681
       3       2.5631446
       4       3.2681514
       5       3.1840911
       6       3.3319439
       7       3.1985084
       8       2.1734946
       9       1.4865534
      10       1.1940804
      11      0.70799755
      12      0.78978586
      13    23.49
 
       1      0.38967236
       2       1.2888240
       3       4.2532955
       4       5.8269561
       5       7.0313774
       6       15.586457
       7       13.874539
       8       6.6230062
       9       2.7034103
      10      0.94595463
      11      0.97235889
      12      0.92205627
      13    60.42
 
       1      0.11372777
       2      0.31051609
       3       2.1775691
       4       3.9497402
       5       5.2158382
       6       7.0704203
       7       6.8246041
       8       3.8652712
       9       1.9677839
      10      0.44544559
      11      0.26239821
      12      0.25685862
      13    32.46
 
       1      0.50257553
       2       1.1019475
       3       3.3088046
       4       3.9087775
       5       4.0721674
       6       4.3611680
       7       3.7389669
       8       2.4680347
       9       1.7154775
      10       1.1938449
      11      0.85329042
      12      0.64774519
      13     2.32
 
       1 0.0
       2 0.0
       3 0.0
       4 0.0
       5 0.0
       6 0.0
       7 0.0
       8 0.0
       9 0.0
      10 0.0
      11 0.0
      12 0.0
      13 0.0
 
       1     0.010471163
       2     0.023037582
       3     0.072810119
       4     0.082750453
       5     0.083281510
       6     0.085330461
       7     0.071816118
       8     0.047121828
       9     0.033324848
      10     0.025584754
      11     0.018949322
      12     0.013846263
      13   0.0474
 
       1      0.86808280
       2      0.86815561
       3      0.87249511
       4      0.86956977
       5      0.86955408
       6      0.86593436
       7      0.86679989
       8      0.86488958
       9      0.86530102
      10      0.86981925
      11      0.87107528
      12      0.87220967
      13   0.8687
 
       1    0.0014396911
       2    0.0031244251
       3    0.0095321454
       4     0.011091358
       5     0.011321164
       6     0.011835527
       7     0.010083994
       8    0.0066857664
       9    0.0047016568
      10    0.0034180649
      11    0.0024999526
      12    0.0018710477
      13   0.0065
 
       1      0.83945506
       2      0.89135244
       3      0.96511399
       4      0.96554545
       5      0.98009187
       6      0.98187796
       7      0.97206317
       8      0.97144227
       9      0.97992528
      10      0.96314329
      11      0.94900677
      12      0.88482482
      13   0.9453
 
