       1       471.35060
       2       451.70644
       3       479.54181
       4       487.22144
       5       507.74245
       6       538.09964
       7       535.90027
       8       523.71293
       9       471.10380
      10       505.24222
      11       422.22325
      12       476.48050
      13  5870.33
 
       1       284.09721
       2       273.10885
       3       292.13802
       4       300.23072
       5       313.52114
       6       326.05354
       7       325.87977
       8       321.75602
       9       291.20396
      10       315.39758
      11       260.17227
      12       289.42288
      13  3592.98
 
       1       36.697755
       2       34.858538
       3       37.118410
       4       36.748777
       5       37.771190
       6       39.889285
       7       40.663114
       8       39.590931
       9       35.988252
      10       38.459831
      11       32.207306
      12       36.032065
      13   446.03
 
       1       128.77831
       2       124.00520
       3       127.46480
       4       129.04948
       5       130.47163
       6       144.01226
       7       144.00459
       8       139.24459
       9       120.58716
      10       130.94192
      11       110.86141
      12       129.54309
      13  1558.96
 
       1       21.418825
       2       20.112247
       3       22.318483
       4       22.489155
       5       25.171412
       6       26.896602
       7       25.474879
       8       24.033081
       9       22.614494
      10       21.375588
      11       18.302839
      12       21.632897
      13   271.84
 
       1       5.8451387
       2       6.0911119
       3       5.7221470
       4       5.9473358
       5       5.9936811
       6       6.5216914
       7       6.6924458
       8       6.4797025
       9       5.9156271
      10       6.0920599
      11       5.2389483
      12       5.7033745
      13     6.02
 
       1 0.0
       2 0.0
       3 0.0
       4 0.0
       5 0.0
       6 0.0
       7 0.0
       8 0.0
       9 0.0
      10 0.0
      11 0.0
      12 0.0
      13 0.0
 
       1     0.024214992
       2     0.025164871
       3     0.023793957
       4     0.024708770
       5     0.024782808
       6     0.026733478
       7     0.027369656
       8     0.026697155
       9     0.024794382
      10     0.025507497
      11     0.021830510
      12     0.023411598
      13   0.0249
 
       1       1.0000000
       2       1.0000000
       3       1.0000000
       4       1.0000000
       5       1.0000000
       6       1.0000000
       7       1.0000000
       8       1.0000000
       9       1.0000000
      10       1.0000000
      11       1.0000000
      12       1.0000000
      13   1.0000
 
       1       0.0000000
       2       0.0000000
       3       0.0000000
       4       0.0000000
       5       0.0000000
       6       0.0000000
       7       0.0000000
       8       0.0000000
       9       0.0000000
      10       0.0000000
      11       0.0000000
      12       0.0000000
      13   0.0000
 
       1      0.72078504
       2      0.69999087
       3      0.68984406
       4      0.63845690
       5      0.60058044
       6      0.58900391
       7      0.62677445
       8      0.66389002
       9      0.68621308
      10      0.70256428
      11      0.69825782
      12      0.72902387
      13   0.6704
 
