       1       8.7273250
       2       12.449229
       3       17.125863
       4       23.221316
       5       42.545505
       6       45.008772
       7       45.683439
       8       30.109995
       9       22.589852
      10       11.550932
      11       9.0151017
      12       7.7024858
      13   275.73
 
       1       5.8726985
       2       8.0262234
       3       11.091017
       4       13.453319
       5       22.559503
       6       23.194961
       7       24.023030
       8       16.406266
       9       12.945490
      10       7.2980188
      11       6.6097047
      12       5.6827356
      13   157.16
 
       1      0.73047711
       2       1.0672325
       3       1.8571334
       4       2.8176738
       5       3.5034402
       6       2.9744595
       7       3.1041845
       8       2.1454406
       9       1.5977958
      10       1.0334673
      11      0.98131612
      12      0.73948180
      13    22.55
 
       1      0.96598817
       2       1.8608201
       3       3.5301738
       4       3.8708238
       5       8.5691138
       6       10.725077
       7       16.100659
       8       7.8835908
       9       3.6227131
      10      0.76891561
      11       1.2281540
      12       1.0055287
      13    60.13
 
       1      0.29845790
       2      0.62973999
       3       2.4135595
       4       3.5385926
       5       4.8782426
       6       6.3659590
       7       6.7502133
       8       4.2326702
       9       2.1199798
      10      0.41437479
      11      0.17796388
      12      0.19675903
      13    32.02
 
       1      0.79651945
       2       1.2387367
       3       2.2044556
       4       3.1717172
       5       4.3145248
       6       3.8846016
       7       3.7450633
       8       2.5096696
       9       1.9351957
      10       1.0069921
      11      0.95247261
      12      0.66244628
      13     2.20
 
       1 0.0
       2 0.0
       3 0.0
       4 0.0
       5 0.0
       6 0.0
       7 0.0
       8 0.0
       9 0.0
      10 0.0
      11 0.0
      12 0.0
      13 0.0
 
       1     0.017408765
       2     0.025557314
       3     0.047315323
       4     0.068337883
       5     0.090173655
       6     0.076645960
       7     0.071580659
       8     0.047716876
       9     0.037844779
      10     0.021186551
      11     0.020996083
      12     0.015148000
      13   0.0450
 
       1      0.82948741
       2      0.82494888
       3      0.82936429
       4      0.82815026
       5      0.82791503
       6      0.82495613
       7      0.82317808
       8      0.82189395
       9      0.82264679
      10      0.82771188
      11      0.82897922
      12      0.83345248
      13   0.8269
 
       1    0.0030685781
       2    0.0046111270
       3    0.0083173411
       4     0.012009658
       5     0.015966489
       6     0.013886914
       7     0.013191687
       8    0.0088898646
       9    0.0069593500
      10    0.0037881291
      11    0.0036729578
      12    0.0026021665
      13   0.0081
 
       1      0.87376681
       2      0.82658842
       3      0.93838659
       4      0.97643685
       5      0.98068680
       6      0.97610519
       7      0.97214537
       8      0.96676378
       9      0.97698962
      10      0.95496160
      11      0.92660956
      12      0.91548848
      13   0.9404
 
