       1       166.26850
       2       197.11646
       3       228.42949
       4       197.28505
       5       184.72376
       6       210.13005
       7       232.56094
       8       211.10078
       9       163.32542
      10       133.36904
      11       153.39093
      12       147.81415
      13  2225.51
 
       1       115.50422
       2       127.40801
       3       148.97254
       4       129.89053
       5       116.33351
       6       118.59346
       7       129.60804
       8       121.65981
       9       102.25714
      10       88.282558
      11       103.57779
      12       100.14646
      13  1402.23
 
       1       15.436067
       2       15.481538
       3       19.172211
       4       17.205911
       5       15.463108
       6       13.285514
       7       14.253726
       8       13.885934
       9       12.262387
      10       11.848758
      11       12.545322
      12       13.030076
      13   173.87
 
       1       18.071964
       2       17.808024
       3       27.250329
       4       27.232686
       5       28.169847
       6       40.597013
       7       47.266408
       8       37.570072
       9       19.647271
      10       17.061412
      11       18.618913
      12       18.503927
      13   317.80
 
       1       15.186121
       2       16.653804
       3       26.173728
       4       25.774927
       5       30.088016
       6       35.838593
       7       43.953633
       8       47.859345
       9       29.866341
      10       23.860336
      11       18.368138
      12       17.824569
      13   331.45
 
       1       13.873457
       2       17.965135
       3       27.594662
       4       32.913435
       5       33.685868
       6       30.108580
       7       30.434844
       8       29.011697
       9       22.038910
      10       16.627607
      11       15.694597
      12       12.503877
      13    23.54
 
       1 0.0
       2 0.0
       3 0.0
       4 0.0
       5 0.0
       6 0.0
       7 0.0
       8 0.0
       9 0.0
      10 0.0
      11 0.0
      12 0.0
      13 0.0
 
       1     0.017479635
       2     0.022243692
       3     0.034775027
       4     0.041201828
       5     0.042016054
       6     0.036045513
       7     0.035809823
       8     0.034467717
       9     0.026178500
      10     0.020395497
      11     0.019641434
      12     0.015624804
      13   0.0288
 
       1      0.89937606
       2      0.89689855
       3      0.89738249
       4      0.89757838
       5      0.89586818
       6      0.89543020
       7      0.89693867
       8      0.89859368
       9      0.89699647
      10      0.89873718
      11      0.90078585
      12      0.90025650
      13   0.8979
 
       1    0.0019924878
       2    0.0025594365
       3    0.0039555591
       4    0.0047156248
       5    0.0048182948
       6    0.0042176238
       7    0.0042221878
       8    0.0040464552
       9    0.0030854980
      10    0.0023630004
      11    0.0022492687
      12    0.0017891129
      13   0.0033
 
       1      0.28265253
       2      0.29288604
       3      0.34436565
       4      0.37072322
       5      0.41143212
       6      0.40030581
       7      0.37960219
       8      0.35082318
       9      0.35406204
      10      0.32898953
      11      0.31138831
      12      0.30610251
      13   0.3444
 
