       1       490.70947
       2       424.15459
       3       490.40914
       4       478.54601
       5       511.17561
       6       471.60149
       7       519.36380
       8       513.28566
       9       464.10328
      10       492.40110
      11       478.72338
      12       460.30905
      13  5794.78
 
       1       291.35732
       2       258.34851
       3       300.85372
       4       295.24876
       5       312.14757
       6       286.20625
       7       309.21753
       8       311.80038
       9       288.70328
      10       308.97509
      11       294.24983
      12       280.87268
      13  3537.98
 
       1       38.229153
       2       32.448619
       3       37.149094
       4       36.284848
       5       38.698914
       6       35.213002
       7       39.867896
       8       39.191341
       9       35.633616
      10       37.253608
      11       35.658577
      12       35.140726
      13   440.77
 
       1       138.79149
       2       113.42919
       3       130.42620
       4       124.87280
       5       133.52600
       6       126.74550
       7       141.10022
       8       136.94899
       9       120.85672
      10       126.71191
      11       125.64260
      12       124.82031
      13  1543.87
 
       1       22.889239
       2       19.277843
       3       21.338096
       4       22.713538
       5       26.402527
       6       23.863664
       7       27.688789
       8       25.518091
       9       19.599903
      10       20.464404
      11       20.536477
      12       21.487352
      13   271.78
 
       1       6.0069400
       2       5.7338266
       3       5.8868124
       4       5.9021015
       5       6.1420746
       6       5.9664783
       7       6.5185101
       8       6.3056906
       9       5.9544991
      10       5.9368832
      11       5.8160278
      12       5.6213867
      13     5.98
 
       1 0.0
       2 0.0
       3 0.0
       4 0.0
       5 0.0
       6 0.0
       7 0.0
       8 0.0
       9 0.0
      10 0.0
      11 0.0
      12 0.0
      13 0.0
 
       1     0.024572049
       2     0.023809579
       3     0.024574552
       4     0.024484142
       5     0.025198625
       6     0.024130225
       7     0.025955155
       8     0.025802933
       9     0.024912308
      10     0.024979457
      11     0.024150298
      12     0.023080331
      13   0.0246
 
       1       1.0000000
       2       1.0000000
       3       1.0000000
       4       1.0000000
       5       1.0000000
       6       1.0000000
       7       1.0000000
       8       1.0000000
       9       1.0000000
      10       1.0000000
      11       1.0000000
      12       1.0000000
      13   1.0000
 
       1       0.0000000
       2       0.0000000
       3       0.0000000
       4       0.0000000
       5       0.0000000
       6       0.0000000
       7       0.0000000
       8       0.0000000
       9       0.0000000
      10       0.0000000
      11       0.0000000
      12       0.0000000
      13   0.0000
 
       1      0.74295231
       2      0.71652156
       3      0.65316723
       4      0.65243616
       5      0.61021674
       6      0.59943587
       7      0.65041976
       8      0.67306352
       9      0.68039827
      10      0.69929007
      11      0.71094520
      12      0.73919342
      13   0.6773
 
