       1       12.203513
       2       14.533888
       3       15.437277
       4       26.535896
       5       36.457396
       6       37.580706
       7       36.510280
       8       27.347921
       9       21.369657
      10       9.8968813
      11       7.6134639
      12       7.3506955
      13   252.84
 
       1       8.2879585
       2       8.6702056
       3       10.402737
       4       15.306519
       5       20.145095
       6       20.647066
       7       19.955887
       8       14.644023
       9       12.194412
      10       6.6578679
      11       5.4666979
      12       5.7028398
      13   148.08
 
       1       1.1413363
       2      0.97547636
       3       1.8262022
       4       2.6885789
       5       2.9801779
       6       2.5929410
       7       2.7355380
       8       1.9519752
       9       1.5914612
      10       1.0989346
      11      0.88376569
      12      0.73844865
      13    21.20
 
       1      0.74738106
       2      0.83410427
       3       2.4992431
       4       3.9064188
       5       5.4693372
       6       7.8810050
       7       10.491298
       8       7.3517572
       9       3.5590976
      10       1.1227925
      11      0.88339262
      12       1.1462865
      13    45.89
 
       1      0.20824670
       2      0.46403108
       3       1.0498570
       4       2.2388097
       5       4.2766652
       6       4.3377619
       7       5.4649021
       8       4.1273886
       9       2.5684595
      10      0.46878849
      11      0.23833313
      12      0.12286305
      13    25.57
 
       1      0.81514124
       2       1.1516587
       3       2.3843297
       4       3.5904029
       5       3.9573841
       6       3.4402872
       7       3.1694005
       8       2.1606591
       9       1.7630810
      10       1.0951127
      11      0.86459100
      12      0.64091281
      13     2.09
 
       1 0.0
       2 0.0
       3 0.0
       4 0.0
       5 0.0
       6 0.0
       7 0.0
       8 0.0
       9 0.0
      10 0.0
      11 0.0
      12 0.0
      13 0.0
 
       1     0.017607257
       2     0.023002079
       3     0.049881442
       4     0.074256011
       5     0.079999334
       6     0.065650972
       7     0.058909556
       8     0.039733407
       9     0.033611053
      10     0.022835870
      11     0.018637994
      12     0.014073589
      13   0.0415
 
       1      0.93365292
       2      0.93018021
       3      0.93014703
       4      0.92983457
       5      0.93042784
       6      0.92835994
       7      0.92871601
       8      0.92734467
       9      0.92876929
      10      0.93126642
      11      0.93330686
      12      0.93343631
      13   0.9305
 
       1    0.0012288724
       2    0.0016917190
       3    0.0035553622
       4    0.0053153013
       5    0.0057886494
       6    0.0049248352
       7    0.0045088674
       8    0.0030711261
       9    0.0025417430
      10    0.0016304758
      11    0.0013054633
      12   0.00097353743
      13   0.0030
 
       1      0.85552498
       2      0.80084036
       3      0.94364347
       4      0.97118354
       5      0.98150558
       6      0.97460603
       7      0.96225355
       8      0.95825383
       9      0.97659341
      10      0.95710244
      11      0.92425181
      12      0.88669553
      13   0.9327
 
