       1       6.7230799
       2       10.133427
       3       20.697750
       4       21.930122
       5       33.463663
       6       50.320060
       7       37.097712
       8       24.861957
       9       17.593891
      10       9.7742154
      11       7.4499615
      12       6.4153259
      13   246.46
 
       1       5.4879789
       2       7.3410179
       3       12.954894
       4       13.163117
       5       19.124775
       6       25.724414
       7       20.870656
       8       14.408290
       9       10.289972
      10       6.4384459
      11       5.4644136
      12       5.0198162
      13   146.29
 
       1      0.79244284
       2       1.2582802
       3       2.3802931
       4       2.4233796
       5       3.0110218
       6       3.1670295
       7       3.0097996
       8       2.0772643
       9       1.3842023
      10      0.92500804
      11      0.79377135
      12      0.61854071
      13    21.84
 
       1       1.0757831
       2       2.1595654
       3       4.2651354
       4       3.7221112
       5       5.6984024
       6       12.683804
       7       12.179692
       8       5.8495110
       9       3.2198406
      10      0.80108480
      11       1.3716868
      12      0.61109217
      13    53.64
 
       1      0.48670890
       2      0.62396424
       3       1.8389539
       4       2.9810673
       5       3.5123865
       6       7.0471931
       7       6.1712723
       8       4.1052279
       9       2.2542946
      10      0.38225297
      11      0.10850207
      12      0.11597692
      13    29.63
 
       1      0.78999659
       2       1.9452392
       3       3.2919175
       4       3.2516763
       5       3.7525589
       6       4.2336479
       7       3.4751923
       8       2.2522367
       9       1.5679146
      10       1.0398897
      11      0.85020077
      12      0.55517664
      13     2.25
 
       1 0.0
       2 0.0
       3 0.0
       4 0.0
       5 0.0
       6 0.0
       7 0.0
       8 0.0
       9 0.0
      10 0.0
      11 0.0
      12 0.0
      13 0.0
 
       1     0.021870953
       2     0.054339679
       3     0.091991020
       4     0.085291493
       5     0.097691815
       6      0.10287602
       7     0.082792776
       8     0.053011926
       9     0.037793511
      10     0.027593755
      11     0.023383769
      12     0.015321420
      13   0.0578
 
       1      0.85052163
       2      0.85152864
       3      0.85238395
       4      0.84841780
       5      0.84870771
       6      0.84741846
       7      0.84483299
       8      0.84502909
       9      0.84329988
      10      0.84951413
      11      0.85055484
      12      0.85208721
      13   0.8487
 
       1    0.0033523739
       2    0.0082146046
       3     0.013811584
       4     0.013225190
       5     0.015128416
       6     0.016372421
       7     0.013344074
       8    0.0086556089
       9    0.0061150928
      10    0.0043017640
      11    0.0036004565
      12    0.0023606485
      13   0.0090
 
       1      0.91518735
       2      0.95548496
       3      0.95609872
       4      0.97400376
       5      0.98559520
       6      0.98402998
       7      0.98123044
       8      0.96549846
       9      0.97721322
      10      0.95742251
      11      0.92124225
      12      0.88252271
      13   0.9546
 
