       1       8.2733520
       2       14.894709
       3       16.919805
       4       19.839209
       5       40.087689
       6       46.260831
       7       47.299032
       8       26.092895
       9       18.945054
      10       8.2471497
      11       7.4748043
      12       4.5612030
      13   258.90
 
       1       6.2267880
       2       9.3771249
       3       11.325337
       4       13.098727
       5       20.915320
       6       22.881922
       7       24.532639
       8       14.696345
       9       10.862327
      10       5.4410792
      11       5.3211271
      12       3.7393972
      13   148.42
 
       1      0.88156846
       2       1.1872041
       3       2.0711944
       4       3.0886212
       5       3.1984001
       6       2.7932089
       7       3.2324492
       8       2.1063452
       9       1.4090535
      10      0.79917429
      11      0.78593493
      12      0.54093591
      13    22.09
 
       1       1.0533064
       2       1.3500294
       3       4.0021153
       4       5.2650769
       5       7.2348212
       6       13.554800
       7       16.058449
       8       6.9859439
       9       3.1072672
      10      0.85502951
      11       1.0001741
      12      0.62642811
      13    61.09
 
       1      0.14904077
       2      0.61910362
       3       2.7597941
       4       4.0163963
       5       4.4099025
       6       6.0688798
       7       7.0172786
       8       4.2615290
       9       2.0836312
      10      0.38829995
      11      0.19618860
      12      0.16412122
      13    32.13
 
       1      0.77753648
       2       1.4429506
       3       2.6502111
       4       3.9129679
       5       4.2161774
       6       3.7334506
       7       3.7828639
       8       2.3533642
       9       1.6343431
      10      0.87326505
      11      0.73853813
      12      0.44016617
      13     2.21
 
       1 0.0
       2 0.0
       3 0.0
       4 0.0
       5 0.0
       6 0.0
       7 0.0
       8 0.0
       9 0.0
      10 0.0
      11 0.0
      12 0.0
      13 0.0
 
       1     0.017311001
       2     0.030313016
       3     0.055802454
       4     0.084280679
       5     0.088391111
       6     0.072462818
       7     0.072570779
       8     0.044747005
       9     0.031597415
      10     0.018135272
      11     0.016071130
      12    0.0094675235
      13   0.0451
 
       1      0.87471756
       2      0.86950132
       3      0.86846871
       4      0.86897888
       5      0.86902946
       6      0.86729486
       7      0.86712035
       8      0.86544035
       9      0.86600101
      10      0.86819324
      11      0.87141418
      12      0.87315057
      13   0.8691
 
       1    0.0022710719
       2    0.0040934739
       3    0.0075290502
       4     0.011224671
       5     0.011851650
       6     0.010074918
       7     0.010173384
       8    0.0063613316
       9    0.0044676714
      10    0.0024835111
      11    0.0021497459
      12    0.0012810576
      13   0.0062
 
       1      0.89915678
       2      0.85174967
       3      0.93119359
       4      0.97205308
       5      0.98188545
       6      0.97946658
       7      0.97182407
       8      0.96725224
       9      0.97625996
      10      0.96831373
      11      0.92589019
      12      0.84987866
      13   0.9396
 
