       1       177.83013
       2       146.73398
       3       167.78368
       4       210.18401
       5       275.41090
       6       236.83722
       7       245.17788
       8       193.59295
       9       151.13628
      10       111.46361
      11       145.02161
      12       149.08218
      13  2210.25
 
       1       119.86819
       2       97.844366
       3       108.93691
       4       132.88785
       5       167.99163
       6       142.12472
       7       137.85977
       8       112.08636
       9       95.277581
      10       73.667519
      11       98.607340
      12       100.22786
      13  1387.38
 
       1       15.414929
       2       13.263731
       3       14.304270
       4       15.802169
       5       18.273694
       6       16.413124
       7       15.524607
       8       12.994330
       9       11.450182
      10       10.143506
      11       12.292938
      12       12.503975
      13   168.38
 
       1       19.923411
       2       19.387343
       3       21.562612
       4       27.076573
       5       34.872071
       6       47.491767
       7       51.555117
       8       35.293774
       9       20.103882
      10       13.459638
      11       18.455223
      12       16.744039
      13   325.93
 
       1       16.944892
       2       16.303528
       3       17.784467
       4       23.288588
       5       34.173561
       6       49.697043
       7       49.588994
       8       37.381897
       9       29.818781
      10       18.472951
      11       17.449175
      12       15.791425
      13   326.70
 
       1       14.896825
       2       16.034695
       3       19.467058
       4       32.268710
       5       41.725479
       6       41.608472
       7       33.123146
       8       24.284298
       9       20.231891
      10       14.022527
      11       14.821881
      12       11.469492
      13    23.66
 
       1 0.0
       2 0.0
       3 0.0
       4 0.0
       5 0.0
       6 0.0
       7 0.0
       8 0.0
       9 0.0
      10 0.0
      11 0.0
      12 0.0
      13 0.0
 
       1     0.014618273
       2     0.015623908
       3     0.018813003
       4     0.031382269
       5     0.041048343
       6     0.041292056
       7     0.031299053
       8     0.022466940
       9     0.018850581
      10     0.013301440
      11     0.014473618
      12     0.011076874
      13   0.0229
 
       1      0.84383565
       2      0.84236023
       3      0.84298560
       4      0.84098449
       5      0.84173100
       6      0.84350159
       7      0.84586447
       8      0.84589849
       9      0.84331406
      10      0.84276992
      11      0.84581125
      12      0.84507974
      13   0.8437
 
       1    0.0025374576
       2    0.0027274235
       3    0.0032958935
       4    0.0054771161
       5    0.0070884484
       6    0.0070870741
       7    0.0055081683
       8    0.0040142468
       9    0.0033702979
      10    0.0023632388
      11    0.0025246105
      12    0.0019437621
      13   0.0040
 
       1      0.27921496
       2      0.30000913
       3      0.31015594
       4      0.36154309
       5      0.39941956
       6      0.41099609
       7      0.37322555
       8      0.33610998
       9      0.31378692
      10      0.29743572
      11      0.30174218
      12      0.27097613
      13   0.3296
 
