       1       181.71558
       2       215.22754
       3       252.35651
       4       166.38305
       5       243.90059
       6       236.27668
       7       255.51354
       8       228.57232
       9       161.59275
      10       124.95193
      11       116.34621
      12       104.92451
      13  2287.76
 
       1       122.60794
       2       142.60397
       3       166.52962
       4       105.69993
       5       148.79792
       6       135.38556
       7       141.21825
       8       130.79265
       9       100.65086
      10       83.527757
      11       77.846067
      12       72.883845
      13  1428.54
 
       1       16.754714
       2       19.383406
       3       22.152004
       4       14.404502
       5       17.081917
       6       15.046869
       7       15.289001
       8       14.561529
       9       12.323630
      10       11.212618
      11       9.9352549
      12       9.5199306
      13   177.67
 
       1       23.468439
       2       24.186036
       3       30.483206
       4       23.439775
       5       33.742879
       6       47.563299
       7       53.302600
       8       39.897262
       9       20.767266
      10       16.247737
      11       14.372634
      12       13.773217
      13   341.24
 
       1       18.157905
       2       22.173194
       3       25.397266
       4       20.372158
       5       35.636397
       6       44.411238
       7       50.138342
       8       45.338914
       9       32.864607
      10       22.441187
      11       13.691266
      12       12.280380
      13   342.90
 
       1       13.684846
       2       20.593331
       3       29.566335
       4       25.884565
       5       36.924918
       6       34.964321
       7       33.283212
       8       29.763521
       9       21.755155
      10       15.452733
      11       11.666794
      12       10.070067
      13    23.63
 
       1 0.0
       2 0.0
       3 0.0
       4 0.0
       5 0.0
       6 0.0
       7 0.0
       8 0.0
       9 0.0
      10 0.0
      11 0.0
      12 0.0
      13 0.0
 
       1     0.016721590
       2     0.025777973
       3     0.037142944
       4     0.031822293
       5     0.045039545
       6     0.041805932
       7     0.039221053
       8     0.035148046
       9     0.025828734
      10     0.018393540
      11     0.014189670
      12     0.012410323
      13   0.0286
 
       1      0.88887565
       2      0.88938479
       3      0.88988564
       4      0.88980601
       5      0.88701230
       6      0.88763252
       7      0.88972410
       8      0.89272959
       9      0.88986112
      10      0.89007960
      11      0.89109065
      12      0.89113038
      13   0.8898
 
       1    0.0020462071
       2    0.0031045605
       3    0.0044666005
       4    0.0038904745
       5    0.0055060595
       6    0.0051491966
       7    0.0048545967
       8    0.0043488913
       9    0.0032012261
      10    0.0022879031
      11    0.0017492986
      12    0.0015205304
      13   0.0035
 
       1      0.26538393
       2      0.28116598
       3      0.35244096
       4      0.35903801
       5      0.40676846
       6      0.40610360
       7      0.37114471
       8      0.34899162
       9      0.33475970
      10      0.31215699
      11      0.30910757
      12      0.28925273
      13   0.3364
 
