       1       183.65082
       2       161.67206
       3       238.96071
       4       197.94951
       5       226.56692
       6       220.31940
       7       226.84799
       8       188.78336
       9       152.28060
      10       113.30395
      11       182.23354
      12       125.99149
      13  2218.56
 
       1       124.67695
       2       104.73465
       3       159.26167
       4       123.47538
       5       142.89898
       6       130.00960
       7       128.04163
       8       110.73942
       9       95.326825
      10       73.924852
      11       123.35891
      12       86.882074
      13  1403.33
 
       1       17.104110
       2       13.541384
       3       21.251455
       4       15.656150
       5       17.075652
       6       15.318428
       7       13.648395
       8       12.605930
       9       11.666109
      10       9.1937812
      11       14.523252
      12       11.246640
      13   172.83
 
       1       23.740983
       2       16.361109
       3       30.398508
       4       24.563470
       5       33.808221
       6       42.257509
       7       46.957769
       8       34.404413
       9       20.721738
      10       13.408585
      11       20.372841
      12       16.241302
      13   323.24
 
       1       18.006233
       2       15.344334
       3       25.457573
       4       22.791427
       5       33.420036
       6       40.505496
       7       42.356205
       8       38.840159
       9       30.290476
      10       16.731713
      11       24.437765
      12       14.080152
      13   322.26
 
       1       14.968448
       2       15.736253
       3       29.829138
       4       29.453725
       5       37.167315
       6       34.629458
       7       29.205726
       8       25.051458
       9       20.673593
      10       13.378039
      11       17.650492
      12       11.009982
      13    23.23
 
       1 0.0
       2 0.0
       3 0.0
       4 0.0
       5 0.0
       6 0.0
       7 0.0
       8 0.0
       9 0.0
      10 0.0
      11 0.0
      12 0.0
      13 0.0
 
       1     0.018500793
       2     0.019089264
       3     0.037205399
       4     0.036471651
       5     0.045703307
       6     0.041728603
       7     0.033743067
       8     0.029063161
       9     0.024079469
      10     0.015676302
      11     0.021572972
      12     0.013346764
      13   0.0280
 
       1      0.86353699
       2      0.86146035
       3      0.86262611
       4      0.86222999
       5      0.86026593
       6      0.85994871
       7      0.86256825
       8      0.86384019
       9      0.86259900
      10      0.86178665
      11      0.86467986
      12      0.86510499
      13   0.8626
 
       1    0.0027915672
       2    0.0029118561
       3    0.0055759128
       4    0.0055042421
       5    0.0069057527
       6    0.0063653003
       7    0.0052471130
       8    0.0045211317
       9    0.0037507652
      10    0.0024482927
      11    0.0032785719
      12    0.0020439380
      13   0.0043
 
       1      0.31308033
       2      0.30557503
       3      0.35039563
       4      0.38625891
       5      0.39563357
       6      0.42102272
       7      0.37845611
       8      0.34424093
       9      0.33408336
      10      0.31989280
      11      0.29439982
      12      0.28769461
      13   0.3442
 
