       1       140.74145
       2       179.20431
       3       170.15834
       4       207.64408
       5       199.31485
       6       220.57552
       7       226.25756
       8       178.09581
       9       143.50201
      10       119.22580
      11       135.46389
      12       166.56870
      13  2086.75
 
       1       94.799075
       2       119.58535
       3       110.77304
       4       130.62887
       5       120.61038
       6       130.86493
       7       124.87637
       8       104.04493
       9       88.778954
      10       79.163217
      11       93.101114
      12       112.66122
      13  1309.89
 
       1       12.571007
       2       16.438532
       3       15.105715
       4       17.706845
       5       15.097441
       6       15.668009
       7       13.609817
       8       12.225387
       9       10.986389
      10       10.526237
      11       12.183859
      12       14.374540
      13   166.49
 
       1       16.173512
       2       20.561545
       3       22.033887
       4       29.275416
       5       27.099615
       6       41.927890
       7       49.767778
       8       32.777920
       9       18.723517
      10       13.363839
      11       16.436504
      12       20.730388
      13   308.87
 
       1       11.340795
       2       19.027865
       3       18.398960
       4       26.163808
       5       31.261003
       6       37.739684
       7       40.598372
       8       36.611948
       9       25.904001
      10       19.310662
      11       15.728946
      12       17.583459
      13   299.67
 
       1       11.560859
       2       17.848875
       3       20.262767
       4       28.051009
       5       27.613944
       6       30.669783
       7       27.133093
       8       22.081448
       9       18.130163
      10       14.510979
      11       13.494446
      12       13.773373
      13    20.43
 
       1 0.0
       2 0.0
       3 0.0
       4 0.0
       5 0.0
       6 0.0
       7 0.0
       8 0.0
       9 0.0
      10 0.0
      11 0.0
      12 0.0
      13 0.0
 
       1     0.010875062
       2     0.017149553
       3     0.019093226
       4     0.026476139
       5     0.025433037
       6     0.028001760
       7     0.024306811
       8     0.019757657
       9     0.016287280
      10     0.013277336
      11     0.012769293
      12     0.013277505
      13   0.0189
 
       1      0.93842027
       2      0.93851572
       3      0.93808801
       4      0.93807725
       5      0.93729846
       6      0.93671123
       7      0.93866428
       8      0.93975027
       9      0.93767250
      10      0.93804000
      11      0.93942785
      12      0.94012352
      13   0.9384
 
       1   0.00077043456
       2    0.0011919812
       3    0.0013507714
       4    0.0018630350
       5    0.0018249886
       6    0.0020157936
       7    0.0017710190
       8    0.0014447929
       9    0.0011910082
      10   0.00096024609
      11   0.00090036427
      12   0.00092182528
      13   0.0014
 
       1      0.27704081
       2      0.28192804
       3      0.31653752
       4      0.34390396
       5      0.36309735
       6      0.35731930
       7      0.31890510
       8      0.30659127
       9      0.29815560
      10      0.28117016
      11      0.28957317
      12      0.27526979
      13   0.3091
 
