       1       90.607659
       2       152.20629
       3       161.50664
       4       176.85000
       5       187.06488
       6       110.32020
       7       138.45937
       8       135.10950
       9       95.426051
      10       82.293595
      11       87.866022
      12       102.52045
      13  1520.23
 
       1       62.550661
       2       98.789362
       3       107.41071
       4       105.98081
       5       120.05850
       6       66.279947
       7       76.879294
       8       78.578982
       9       62.557075
      10       55.007112
      11       61.308893
      12       70.657201
      13   966.06
 
       1       7.3494502
       2       11.889608
       3       12.295261
       4       9.2984260
       5       11.546429
       6       6.4993072
       7       6.5527069
       8       7.0750481
       9       7.3438618
      10       6.2203442
      11       6.8600113
      12       8.0813030
      13   101.01
 
       1       7.1736978
       2       12.849994
       3       15.547409
       4       12.056071
       5       20.641359
       6       12.930490
       7       14.814905
       8       13.712545
       9       9.4701826
      10       6.3589704
      11       8.0615535
      12       9.3750314
      13   142.99
 
       1       7.7655469
       2       11.441992
       3       15.263555
       4       12.893413
       5       24.524194
       6       14.184269
       7       20.290720
       8       22.546378
       9       23.030496
      10       13.669895
      11       11.295101
      12       11.049916
      13   187.96
 
       1       6.9049587
       2       12.773244
       3       17.324903
       4       19.877200
       5       30.697598
       6       17.615495
       7       17.565819
       8       17.504850
       9       14.559716
      10       9.7175192
      11       8.2723405
      12       7.9294107
      13    15.06
 
       1 0.0
       2 0.0
       3 0.0
       4 0.0
       5 0.0
       6 0.0
       7 0.0
       8 0.0
       9 0.0
      10 0.0
      11 0.0
      12 0.0
      13 0.0
 
       1     0.072348480
       2      0.13896370
       3      0.18707004
       4      0.20608819
       5      0.33572073
       6      0.18308339
       7      0.17637584
       8      0.17739828
       9      0.15019237
      10     0.098173643
      11     0.085709292
      12     0.084630928
      13   0.1580
 
       1      0.83323275
       2      0.83182583
       3      0.83379932
       4      0.83269195
       5      0.83403143
       6      0.82975335
       7      0.83069211
       8      0.83220001
       9      0.83078326
      10      0.83016859
      11      0.83157565
      12      0.83580695
      13   0.8322
 
       1     0.012880207
       2     0.023932343
       3     0.032465391
       4     0.036557071
       5     0.057692302
       6     0.032539020
       7     0.031820695
       8     0.031842671
       9     0.026830731
      10     0.017866757
      11     0.015372944
      12     0.014911605
      13   0.0279
 
       1      0.63273102
       2      0.74445632
       3      0.77249689
       4      0.74259949
       5      0.90626368
       6      0.85719510
       7      0.82312624
       8      0.80682244
       9      0.83425707
      10      0.68382457
      11      0.69011136
      12      0.64427584
      13   0.7615
 
