       1       126.08710
       2       157.23311
       3       124.33294
       4       148.03471
       5       173.58747
       6       142.94626
       7       154.50697
       8       129.49548
       9       113.64726
      10       89.925166
      11       109.19335
      12       145.95033
      13  1614.94
 
       1       87.593211
       2       101.85710
       3       82.229409
       4       90.075035
       5       106.68122
       6       83.933316
       7       85.700874
       8       73.866089
       9       70.030226
      10       61.696570
      11       75.756613
      12       98.759146
      13  1018.18
 
       1       10.820172
       2       12.331165
       3       10.404771
       4       8.1987957
       5       10.501597
       6       7.6351056
       7       7.4856170
       8       7.1904542
       9       7.3327548
      10       7.9114839
      11       9.2009822
      12       11.855068
      13   110.87
 
       1       10.733655
       2       13.958171
       3       12.513165
       4       8.6819371
       5       14.812396
       6       15.148087
       7       19.473531
       8       14.641817
       9       11.443784
      10       8.6330928
      11       10.308890
      12       12.559995
      13   152.91
 
       1       9.5765048
       2       12.519881
       3       13.633102
       4       9.9441994
       5       19.698750
       6       18.065901
       7       26.263024
       8       24.816882
       9       23.136169
      10       17.085731
      11       13.925344
      12       13.361144
      13   202.03
 
       1       10.043063
       2       14.028656
       3       13.255539
       4       16.171473
       5       25.675659
       6       23.555428
       7       21.163247
       8       16.270864
       9       15.017144
      10       11.335956
      11       10.173292
      12       9.8991605
      13    15.55
 
       1 0.0
       2 0.0
       3 0.0
       4 0.0
       5 0.0
       6 0.0
       7 0.0
       8 0.0
       9 0.0
      10 0.0
      11 0.0
      12 0.0
      13 0.0
 
       1      0.10882931
       2      0.15259744
       3      0.14033873
       4      0.16423627
       5      0.26940866
       6      0.24515004
       7      0.21524188
       8      0.16332055
       9      0.15162205
      10      0.11629463
      11      0.10627285
      12      0.10731147
      13   0.1617
 
       1      0.87585186
       2      0.87559334
       3      0.87265532
       4      0.87129665
       5      0.87428240
       6      0.87166346
       7      0.87325886
       8      0.87382730
       9      0.87169812
      10      0.87408025
      11      0.87534441
      12      0.87695589
      13   0.8739
 
       1     0.014285418
       2     0.019886084
       3     0.018646937
       4     0.022400757
       5     0.035898967
       6     0.032888886
       7     0.029174873
       8     0.022371875
       9     0.020759358
      10     0.015845822
      11     0.014290400
      12     0.014057353
      13   0.0217
 
       1      0.70917344
       2      0.72162921
       3      0.78829304
       4      0.70594549
       5      0.80192714
       6      0.86727795
       7      0.83426816
       8      0.79657642
       9      0.82087344
      10      0.68840958
      11      0.65372599
      12      0.69153124
      13   0.7566
 
