       1       193.23995
       2       117.38616
       3       165.86481
       4       211.93031
       5       196.52683
       6       248.94165
       7       230.90365
       8       205.05059
       9       134.04159
      10       115.92495
      11       122.07991
      12       186.72005
      13  2128.61
 
       1       131.97870
       2       78.835774
       3       107.77679
       4       132.28097
       5       122.23316
       6       142.27372
       7       129.87170
       8       118.51456
       9       85.289122
      10       77.225299
      11       82.103876
      12       126.87663
      13  1335.26
 
       1       18.952890
       2       10.829822
       3       14.360367
       4       15.877799
       5       15.667073
       6       15.334898
       7       15.271035
       8       13.261097
       9       10.915047
      10       10.289276
      11       10.042502
      12       15.702985
      13   166.50
 
       1       24.781471
       2       15.289966
       3       18.783671
       4       25.137764
       5       27.856718
       6       42.799625
       7       52.033476
       8       32.536373
       9       18.444047
      10       14.083946
      11       15.901765
      12       20.389646
      13   308.04
 
       1       19.415679
       2       12.412212
       3       16.315944
       4       28.144701
       5       28.955586
       6       41.419541
       7       49.615279
       8       43.339778
       9       27.382063
      10       18.274384
      11       13.662052
      12       20.421984
      13   319.36
 
       1       15.949620
       2       13.124148
       3       18.415979
       4       30.027939
       5       32.044079
       6       38.053262
       7       32.407167
       8       26.035396
       9       19.040217
      10       14.800063
      11       12.417552
      12       14.498161
      13    22.23
 
       1 0.0
       2 0.0
       3 0.0
       4 0.0
       5 0.0
       6 0.0
       7 0.0
       8 0.0
       9 0.0
      10 0.0
      11 0.0
      12 0.0
      13 0.0
 
       1     0.019869816
       2     0.015980039
       3     0.022123566
       4     0.036614973
       5     0.039200446
       6     0.045770668
       7     0.038484621
       8     0.030370241
       9     0.022462641
      10     0.017659295
      11     0.014978601
      12     0.017979195
      13   0.0268
 
       1      0.89034193
       2      0.88796537
       3      0.88798897
       4      0.88775010
       5      0.88746439
       6      0.88699702
       7      0.88976927
       8      0.89108614
       9      0.88960158
      10      0.88930091
      11      0.89050990
      12      0.89083833
      13   0.8891
 
       1    0.0024043457
       2    0.0019677747
       3    0.0027384916
       4    0.0044791426
       5    0.0047971277
       6    0.0056228635
       7    0.0047486208
       8    0.0037898409
       9    0.0027995092
      10    0.0021962130
      11    0.0018566355
      12    0.0021838170
      13   0.0033
 
       1      0.27211545
       2      0.29703631
       3      0.31314311
       4      0.35720112
       5      0.39440498
       6      0.41240594
       7      0.38722070
       8      0.34367347
       9      0.32281454
      10      0.32223407
      11      0.30066895
      12      0.29489804
      13   0.3348
 
