       1       10.079478
       2       13.707650
       3       21.885260
       4       16.805792
       5       39.323358
       6       45.280743
       7       48.647463
       8       29.688705
       9       20.543738
      10       10.504663
      11       6.5195296
      12       6.6867531
      13   269.67
 
       1       7.4348393
       2       9.7313323
       3       14.511479
       4       11.007264
       5       21.001497
       6       24.142769
       7       25.717168
       8       17.040146
       9       11.919077
      10       6.9608420
      11       5.0548961
      12       4.7595425
      13   159.28
 
       1       1.0877460
       2       1.5155674
       3       2.4281297
       4       2.4549980
       5       3.1785614
       6       3.2868273
       7       3.3680162
       8       2.4431210
       9       1.6545104
      10       1.0398073
      11      0.85626143
      12      0.51773489
      13    23.83
 
       1      0.65257354
       2       2.1120455
       3       3.6643392
       4       3.3600825
       5       7.1145742
       6       12.242534
       7       16.938749
       8       7.4934654
       9       3.7954348
      10       1.1628760
      11       1.2777951
      12      0.35549757
      13    60.17
 
       1      0.19633369
       2      0.41041870
       3       1.3231816
       4       3.1858153
       5       4.1362630
       6       6.6458202
       7       6.7748359
       8       4.4856415
       9       2.6172167
      10      0.45175102
      11      0.20632573
      12     0.052175503
      13    30.49
 
       1      0.74793203
       2       2.0625184
       3       3.3653290
       4       3.6719170
       5       4.3564002
       6       4.2721347
       7       3.9339173
       8       2.6727980
       9       1.9761880
      10       1.2550693
      11      0.86770921
      12      0.36552858
      13     2.46
 
       1 0.0
       2 0.0
       3 0.0
       4 0.0
       5 0.0
       6 0.0
       7 0.0
       8 0.0
       9 0.0
      10 0.0
      11 0.0
      12 0.0
      13 0.0
 
       1     0.020897250
       2     0.057049131
       3     0.091487983
       4      0.10057844
       5      0.11618753
       6      0.10591087
       7     0.093684935
       8     0.063699575
       9     0.049354300
      10     0.033741453
      11     0.024033299
      12    0.0099819540
      13   0.0639
 
       1      0.85498175
       2      0.85090978
       3      0.85052224
       4      0.85091675
       5      0.85040266
       6      0.84693752
       7      0.84680566
       8      0.84640164
       9      0.84758158
      10      0.84906920
      11      0.85159743
      12      0.85383199
      13   0.8500
 
       1    0.0031761778
       2    0.0086615979
       3     0.013906664
       4     0.015311502
       5     0.017732762
       6     0.016701190
       7     0.015040982
       8     0.010306318
       9    0.0078232667
      10    0.0052348819
      11    0.0036821756
      12    0.0015382166
      13   0.0099
 
       1      0.83791346
       2      0.95263576
       3      0.96133081
       4      0.97328760
       5      0.98575188
       6      0.98590598
       7      0.98066963
       8      0.97399824
       9      0.97985145
      10      0.98131231
      11      0.92671038
      12      0.86858616
      13   0.9507
 
