       1       493.86562
       2       438.44112
       3       495.81526
       4       461.14420
       5       489.74375
       6       508.01087
       7       528.99135
       8       535.85079
       9       456.61064
      10       478.43598
      11       447.40953
      12       470.64110
      13  5804.96
 
       1       296.83942
       2       267.14271
       3       303.65698
       4       285.20779
       5       300.79284
       6       307.47719
       7       323.63475
       8       329.64831
       9       284.26653
      10       297.41746
      11       275.34394
      12       284.99390
      13  3556.42
 
       1       37.393015
       2       33.547905
       3       38.015356
       4       34.367871
       5       36.808864
       6       38.676977
       7       39.707172
       8       40.933807
       9       35.212388
      10       35.785224
      11       33.792114
      12       35.936017
      13   440.18
 
       1       135.15095
       2       118.31625
       3       132.38981
       4       120.80724
       5       127.17695
       6       137.06930
       7       140.14502
       8       138.94241
       9       117.54939
      10       126.47071
      11       118.14093
      12       127.88396
      13  1540.04
 
       1       23.098583
       2       19.411582
       3       21.463807
       4       22.173539
       5       24.239705
       6       24.462525
       7       26.070885
       8       25.396096
       9       19.462127
      10       19.642891
      11       19.534874
      12       22.383881
      13   267.34
 
       1       6.0387992
       2       5.8946794
       3       6.0153039
       4       5.5909135
       5       5.8042823
       6       6.5341480
       7       6.2763146
       8       6.5728194
       9       5.8727215
      10       5.7190689
      11       5.4147095
      12       5.6619631
      13     5.95
 
       1 0.0
       2 0.0
       3 0.0
       4 0.0
       5 0.0
       6 0.0
       7 0.0
       8 0.0
       9 0.0
      10 0.0
      11 0.0
      12 0.0
      13 0.0
 
       1     0.024792294
       2     0.024428372
       3     0.025022796
       4     0.023231506
       5     0.024044976
       6     0.026470175
       7     0.025912095
       8     0.027502886
       9     0.024486895
      10     0.023979766
      11     0.022578046
      12     0.023339602
      13   0.0246
 
       1       1.0000000
       2       1.0000000
       3       1.0000000
       4       1.0000000
       5       1.0000000
       6       1.0000000
       7       1.0000000
       8       1.0000000
       9       1.0000000
      10       1.0000000
      11       1.0000000
      12       1.0000000
      13   1.0000
 
       1       0.0000000
       2       0.0000000
       3       0.0000000
       4       0.0000000
       5       0.0000000
       6       0.0000000
       7       0.0000000
       8       0.0000000
       9       0.0000000
      10       0.0000000
      11       0.0000000
      12       0.0000000
      13   0.0000
 
       1      0.73030865
       2      0.69591943
       3      0.67513660
       4      0.64463752
       5      0.61720917
       6      0.62025752
       7      0.64758311
       8      0.67820761
       9      0.68249732
      10      0.70864232
      11      0.70376919
      12      0.72807942
      13   0.6777
 
