       1       433.00091
       2       454.33873
       3       460.87318
       4       464.51146
       5       517.86782
       6       496.25931
       7       557.11282
       8       521.64536
       9       456.08671
      10       500.61347
      11       447.32504
      12       490.47880
      13  5800.11
 
       1       262.48571
       2       272.76049
       3       284.52928
       4       286.67669
       5       320.01546
       6       300.15141
       7       337.29763
       8       316.38835
       9       282.41884
      10       311.40603
      11       277.24691
      12       297.11526
      13  3548.49
 
       1       33.350915
       2       35.004602
       3       35.092493
       4       35.097636
       5       38.335055
       6       37.198280
       7       42.097018
       8       39.868699
       9       34.692016
      10       37.900460
      11       33.019274
      12       37.061310
      13   438.72
 
       1       117.60738
       2       125.16685
       3       121.58675
       4       119.55985
       5       133.01646
       6       133.08099
       7       150.45946
       8       140.30415
       9       118.96713
      10       129.56230
      11       118.70596
      12       134.27599
      13  1542.29
 
       1       20.134625
       2       21.618789
       3       20.189430
       4       21.933129
       5       25.781740
       6       25.413843
       7       27.475395
       8       25.703441
       9       20.655628
      10       21.777078
      11       19.157997
      12       21.477169
      13   271.32
 
       1       5.3781142
       2       6.1854925
       3       5.5720435
       4       5.5709745
       5       6.1287216
       6       6.2448771
       7       6.7014239
       8       6.5003236
       9       5.8136207
      10       5.8397715
      11       5.4566011
      12       5.8874396
      13     5.94
 
       1 0.0
       2 0.0
       3 0.0
       4 0.0
       5 0.0
       6 0.0
       7 0.0
       8 0.0
       9 0.0
      10 0.0
      11 0.0
      12 0.0
      13 0.0
 
       1     0.022107292
       2     0.025267288
       3     0.023196339
       4     0.023239188
       5     0.025344955
       6     0.025241622
       7     0.027330009
       8     0.026587458
       9     0.024172560
      10     0.024469119
      11     0.022909713
      12     0.024280592
      13   0.0245
 
       1       1.0000000
       2       1.0000000
       3       1.0000000
       4       1.0000000
       5       1.0000000
       6       1.0000000
       7       1.0000000
       8       1.0000000
       9       1.0000000
      10       1.0000000
      11       1.0000000
      12       1.0000000
      13   1.0000
 
       1       0.0000000
       2       0.0000000
       3       0.0000000
       4       0.0000000
       5       0.0000000
       6       0.0000000
       7       0.0000000
       8       0.0000000
       9       0.0000000
      10       0.0000000
      11       0.0000000
      12       0.0000000
      13   0.0000
 
       1      0.72442189
       2      0.68897142
       3      0.67554780
       4      0.64393385
       5      0.62693749
       6      0.62677919
       7      0.63730524
       8      0.66666868
       9      0.68147305
      10      0.70885562
      11      0.70171051
      12      0.71049557
      13   0.6744
 
