       1       126.22326
       2       160.42083
       3       189.37295
       4       179.56743
       5       212.08516
       6       259.00404
       7       241.24129
       8       194.78823
       9       136.58608
      10       117.35420
      11       178.16084
      12       155.30535
      13  2150.11
 
       1       84.436843
       2       107.92399
       3       120.99458
       4       115.32883
       5       131.75642
       6       151.15201
       7       135.86921
       8       113.95744
       9       86.033264
      10       77.433443
      11       119.92185
      12       108.21461
      13  1353.02
 
       1       10.337875
       2       14.122781
       3       15.080892
       4       14.864522
       5       15.832191
       6       16.018208
       7       15.210439
       8       13.310367
       9       10.513756
      10       9.9345096
      11       14.390083
      12       14.360249
      13   163.98
 
       1       13.829854
       2       18.645812
       3       23.087958
       4       25.759313
       5       29.127791
       6       43.030192
       7       52.232196
       8       35.082017
       9       18.916458
      10       12.416192
      11       20.970852
      12       20.639563
      13   313.74
 
       1       11.081722
       2       17.416602
       3       20.031721
       4       21.376146
       5       29.601618
       6       45.210432
       7       49.453067
       8       41.482660
       9       26.733596
      10       16.706278
      11       23.204344
      12       18.026183
      13   320.32
 
       1       10.368314
       2       16.402211
       3       22.107008
       4       28.487977
       5       34.086849
       6       40.673248
       7       33.147930
       8       25.306367
       9       18.991328
      10       13.940535
      11       16.760590
      12       12.618676
      13    22.74
 
       1 0.0
       2 0.0
       3 0.0
       4 0.0
       5 0.0
       6 0.0
       7 0.0
       8 0.0
       9 0.0
      10 0.0
      11 0.0
      12 0.0
      13 0.0
 
       1    0.0098539213
       2     0.016028244
       3     0.021476341
       4     0.027923123
       5     0.033306480
       6     0.039369006
       7     0.031435382
       8     0.023607393
       9     0.017664970
      10     0.013068440
      11     0.016373039
      12     0.012355169
      13   0.0219
 
       1      0.84492724
       2      0.84330566
       3      0.84310659
       4      0.84140917
       5      0.84048833
       6      0.84245999
       7      0.84420443
       8      0.84649964
       9      0.84302671
      10      0.84397772
      11      0.84514268
      12      0.84641204
      13   0.8437
 
       1    0.0017489951
       2    0.0027914468
       3    0.0037558666
       4    0.0048536997
       5    0.0057901415
       6    0.0068521706
       7    0.0055241594
       8    0.0042026802
       9    0.0031667828
      10    0.0023400694
      11    0.0028496187
      12    0.0021507582
      13   0.0038
 
       1      0.26656772
       2      0.28138395
       3      0.31833293
       4      0.35871471
       5      0.38545945
       6      0.39978643
       7      0.37574416
       8      0.32213170
       9      0.31691620
      10      0.28373872
      11      0.28859317
      12      0.25596710
      13   0.3211
 
