       1       490.67199
       2       476.60239
       3       504.65128
       4       486.43112
       5       538.08759
       6       484.05449
       7       515.78303
       8       523.80459
       9       460.09463
      10       474.77242
      11       489.89866
      12       489.05792
      13  5933.91
 
       1       297.30041
       2       285.75834
       3       307.14332
       4       301.70216
       5       331.50141
       6       291.34310
       7       314.13560
       8       321.16012
       9       285.79905
      10       297.09605
      11       305.20873
      12       295.28313
      13  3633.43
 
       1       37.120476
       2       37.348616
       3       38.612887
       4       36.304388
       5       40.673879
       6       36.055998
       7       38.651226
       8       39.801425
       9       35.373757
      10       35.793675
      11       36.702027
      12       36.570409
      13   449.01
 
       1       135.30746
       2       131.47732
       3       135.57572
       4       127.97664
       5       139.97382
       6       131.65542
       7       138.08105
       8       137.68831
       9       116.97362
      10       122.78991
      11       126.40183
      12       134.63567
      13  1578.54
 
       1       21.531461
       2       20.636451
       3       22.877581
       4       21.026700
       5       25.746809
       6       25.114001
       7       24.674989
       8       26.025059
       9       20.345069
      10       21.536189
      11       20.708597
      12       21.939756
      13   272.16
 
       1       6.0814539
       2       6.5932136
       3       6.0678649
       4       5.9213836
       5       6.4060221
       6       6.0658463
       7       6.2974712
       8       6.4498944
       9       5.9837828
      10       5.6511382
      11       5.9380645
      12       6.0046947
      13     6.12
 
       1 0.0
       2 0.0
       3 0.0
       4 0.0
       5 0.0
       6 0.0
       7 0.0
       8 0.0
       9 0.0
      10 0.0
      11 0.0
      12 0.0
      13 0.0
 
       1     0.025128712
       2     0.027177102
       3     0.025069792
       4     0.024884256
       5     0.026634175
       6     0.024434785
       7     0.025648136
       8     0.026495583
       9     0.025023780
      10     0.023869886
      11     0.024915367
      12     0.024713136
      13   0.0253
 
       1       1.0000000
       2       1.0000000
       3       1.0000000
       4       1.0000000
       5       1.0000000
       6       1.0000000
       7       1.0000000
       8       1.0000000
       9       1.0000000
      10       1.0000000
      11       1.0000000
      12       1.0000000
      13   1.0000
 
       1       0.0000000
       2       0.0000000
       3       0.0000000
       4       0.0000000
       5       0.0000000
       6       0.0000000
       7       0.0000000
       8       0.0000000
       9       0.0000000
      10       0.0000000
      11       0.0000000
      12       0.0000000
      13   0.0000
 
       1      0.68012751
       2      0.68467246
       3      0.65405303
       4      0.60045721
       5      0.58108647
       6      0.57107383
       7      0.58992796
       8      0.64252410
       9      0.67152239
      10      0.69048762
      11      0.70013247
      12      0.69799601
      13   0.6470
 
