       1       159.57772
       2       135.94714
       3       204.77781
       4       223.92243
       5       123.04835
       6       107.43637
       7       113.93035
       8       119.64348
       9       79.781309
      10       88.780976
      11       128.27231
      12       98.513641
      13  1583.63
 
       1       110.76512
       2       89.744384
       3       133.18104
       4       143.92594
       5       78.823455
       6       65.579444
       7       64.296447
       8       70.492639
       9       51.827423
      10       57.559728
      11       87.180278
      12       68.040411
      13  1021.42
 
       1       15.333589
       2       10.969210
       3       15.746460
       4       17.578805
       5       9.9468210
       6       6.6850244
       7       6.0232374
       8       7.1329495
       9       5.9985964
      10       6.3220127
      11       10.113009
      12       7.8437178
      13   119.69
 
       1       17.535718
       2       11.820661
       3       16.688598
       4       22.871386
       5       15.229151
       6       12.829417
       7       13.064078
       8       14.597311
       9       9.8315524
      10       7.1963192
      11       11.492726
      12       8.5658823
      13   161.72
 
       1       11.948154
       2       11.339715
       3       17.620374
       4       24.578971
       5       19.888084
       6       13.599637
       7       16.744436
       8       25.430069
       9       17.737104
      10       12.427084
      11       14.848974
      12       10.028118
      13   196.19
 
       1       12.121954
       2       12.132806
       3       19.671507
       4       27.904233
       5       17.636016
       6       15.772682
       7       13.674567
       8       15.780748
       9       11.246268
      10       9.0309261
      11       11.050913
      12       7.4216187
      13    14.45
 
       1 0.0
       2 0.0
       3 0.0
       4 0.0
       5 0.0
       6 0.0
       7 0.0
       8 0.0
       9 0.0
      10 0.0
      11 0.0
      12 0.0
      13 0.0
 
       1      0.16194857
       2      0.15829418
       3      0.25780767
       4      0.36937835
       5      0.22223815
       6      0.19346862
       7      0.16474836
       8      0.19385924
       9      0.13749583
      10      0.10997182
      11      0.14286228
      12     0.096023245
      13   0.1840
 
       1      0.92705863
       2      0.92515831
       3      0.92750097
       4      0.92596104
       5      0.92514028
       6      0.92426945
       7      0.92514141
       8      0.92569251
       9      0.92516374
      10      0.92542768
      11      0.92669407
      12      0.92713977
      13   0.9259
 
       1     0.012236115
       2     0.012150495
       3     0.019693913
       4     0.027990343
       5     0.017434256
       6     0.015419343
       7     0.013251239
       8     0.015410396
       9     0.011016587
      10    0.0088528947
      11     0.011050810
      12    0.0074516477
      13   0.0143
 
       1      0.75095309
       2      0.73008615
       3      0.78295620
       4      0.92046411
       5      0.85486990
       6      0.85990079
       7      0.78464325
       8      0.80691917
       9      0.79275445
      10      0.69205937
      11      0.75040376
      12      0.68046225
      13   0.7839
 
