       1       115.48099
       2       124.35084
       3       135.82850
       4       109.79357
       5       127.14719
       6       97.228231
       7       125.34982
       8       110.01896
       9       111.41345
      10       93.108490
      11       109.63327
      12       126.03552
      13  1385.39
 
       1       78.859205
       2       84.127259
       3       87.142933
       4       67.133470
       5       80.460160
       6       58.672364
       7       71.437786
       8       64.163988
       9       70.602548
      10       60.251306
      11       75.142897
      12       86.023424
      13   884.02
 
       1       10.143368
       2       11.473816
       3       10.540316
       4       6.6236171
       5       8.9370012
       6       6.4524787
       7       6.7830500
       8       6.5118159
       9       7.9383105
      10       7.1236036
      11       8.4564973
      12       10.671967
      13   101.66
 
       1       10.292289
       2       10.136002
       3       12.035873
       4       7.4287164
       5       11.358320
       6       11.587806
       7       15.784323
       8       12.280939
       9       10.759642
      10       8.8189518
      11       10.197270
      12       11.419499
      13   132.10
 
       1       9.5060192
       2       9.9685347
       3       12.408586
       4       9.8963488
       5       13.113024
       6       12.250017
       7       19.047792
       8       20.794793
       9       22.222791
      10       15.910570
      11       14.366873
      12       11.555293
      13   171.04
 
       1       8.9840738
       2       11.026732
       3       13.476626
       4       12.575488
       5       17.119799
       6       14.128708
       7       15.473992
       8       14.219351
       9       14.606799
      10       9.7014446
      11       10.325077
      12       8.5240848
      13    12.51
 
       1 0.0
       2 0.0
       3 0.0
       4 0.0
       5 0.0
       6 0.0
       7 0.0
       8 0.0
       9 0.0
      10 0.0
      11 0.0
      12 0.0
      13 0.0
 
       1     0.093573261
       2      0.11570620
       3      0.13955953
       4      0.12414280
       5      0.17384956
       6      0.13794729
       7      0.14958115
       8      0.13899364
       9      0.14458878
      10     0.096213705
      11      0.10617377
      12     0.089034316
      13   0.1258
 
       1      0.93261902
       2      0.93295738
       3      0.93320723
       4      0.93242910
       5      0.93227219
       6      0.93016951
       7      0.93204715
       8      0.93253446
       9      0.93175992
      10      0.93291563
      11      0.93395329
      12      0.93289072
      13   0.9325
 
       1    0.0066042133
       2    0.0081041002
       3    0.0098604177
       4    0.0091091125
       5     0.012485454
       6     0.010212360
       7     0.011095333
       8     0.010247819
       9     0.010567285
      10    0.0070500737
      11    0.0075678571
      12    0.0062688851
      13   0.0091
 
       1      0.69369745
       2      0.73138397
       3      0.71780842
       4      0.72043806
       5      0.78063963
       6      0.82550382
       7      0.74864426
       8      0.74728709
       9      0.79408405
      10      0.72085252
      11      0.69305053
      12      0.66904007
      13   0.7369
 
