       1       147.22705
       2       150.41508
       3       190.34156
       4       149.03622
       5       140.54341
       6       107.07546
       7       99.572957
       8       106.87638
       9       118.21313
      10       98.779061
      11       96.408689
      12       147.61236
      13  1552.10
 
       1       97.725069
       2       102.46791
       3       117.91762
       4       91.802552
       5       87.113547
       6       65.939268
       7       57.160557
       8       63.362450
       9       72.903206
      10       65.780551
      11       63.114612
      12       100.79567
      13   986.08
 
       1       11.836270
       2       14.905136
       3       13.683211
       4       10.320096
       5       9.8004997
       6       7.6075451
       7       5.9144730
       8       7.0759185
       9       8.3893038
      10       8.8603744
      11       6.7080911
      12       13.335930
      13   118.44
 
       1       12.567628
       2       19.003224
       3       19.367340
       4       13.308824
       5       13.409349
       6       14.734620
       7       11.660732
       8       14.465713
       9       12.898018
      10       9.4972528
      11       7.2388557
      12       15.847584
      13   164.00
 
       1       12.551803
       2       16.439457
       3       16.708587
       4       15.257209
       5       17.457405
       6       11.648926
       7       14.093816
       8       21.065175
       9       22.578192
      10       20.758928
      11       10.370776
      12       13.562539
      13   192.49
 
       1       10.581589
       2       14.740992
       3       18.898622
       4       18.262618
       5       19.785644
       6       15.214129
       7       12.057463
       8       13.696240
       9       14.326442
      10       11.717133
      11       8.0524758
      12       10.795347
      13    14.01
 
       1 0.0
       2 0.0
       3 0.0
       4 0.0
       5 0.0
       6 0.0
       7 0.0
       8 0.0
       9 0.0
      10 0.0
      11 0.0
      12 0.0
      13 0.0
 
       1      0.11270997
       2      0.16146154
       3      0.20005528
       4      0.18949737
       5      0.20419330
       6      0.15290347
       7      0.11808420
       8      0.13523965
       9      0.14237094
      10      0.11830863
      11     0.081103845
      12      0.11724626
      13   0.1444
 
       1      0.87465598
       2      0.87392087
       3      0.87362378
       4      0.87415534
       5      0.87318926
       6      0.86991616
       7      0.87170509
       8      0.87312563
       9      0.87113072
      10      0.87164429
      11      0.87186546
      12      0.87522850
      13   0.8728
 
       1     0.014915382
       2     0.020950579
       3     0.026461128
       4     0.025428573
       5     0.027536124
       6     0.020980334
       7     0.016471755
       8     0.018734208
       9     0.019684978
      10     0.016241375
      11     0.011186513
      12     0.015304304
      13   0.0195
 
       1      0.70190768
       2      0.73593740
       3      0.77344255
       4      0.74723483
       5      0.78675273
       6      0.81750718
       7      0.72354316
       8      0.73384896
       9      0.78323979
      10      0.75396996
      11      0.66903005
      12      0.71380374
      13   0.7450
 
