       1       167.82837
       2       151.48460
       3       167.97620
       4       117.14276
       5       137.54787
       6       120.43698
       7       121.05723
       8       118.13026
       9       97.461386
      10       81.414033
      11       102.08043
      12       128.41649
      13  1510.98
 
       1       114.01763
       2       99.008833
       3       112.53790
       4       72.201275
       5       85.549575
       6       73.196131
       7       69.283434
       8       69.114744
       9       62.255986
      10       52.779158
      11       69.239915
      12       89.263306
      13   968.45
 
       1       14.944296
       2       12.569549
       3       14.164827
       4       7.2880529
       5       9.2216723
       6       7.6052820
       7       6.5782200
       8       6.7927668
       9       7.1626815
      10       6.0811933
      11       7.7375629
      12       10.967107
      13   111.11
 
       1       18.330377
       2       16.000722
       3       18.348230
       4       9.3734196
       5       12.641169
       6       14.037374
       7       15.029376
       8       15.034120
       9       9.3615458
      10       6.3741965
      11       9.6797043
      12       12.639903
      13   156.85
 
       1       12.957626
       2       12.068376
       3       16.663872
       4       10.835153
       5       18.072851
       6       17.298185
       7       20.951781
       8       21.912556
       9       19.453866
      10       13.834623
      11       12.800849
      12       10.586852
      13   187.44
 
       1       12.578812
       2       12.729746
       3       17.958008
       4       12.888587
       5       18.614408
       6       18.592449
       7       15.653083
       8       15.193622
       9       13.222494
      10       8.6609863
      11       8.4612379
      12       9.2508987
      13    13.65
 
       1 0.0
       2 0.0
       3 0.0
       4 0.0
       5 0.0
       6 0.0
       7 0.0
       8 0.0
       9 0.0
      10 0.0
      11 0.0
      12 0.0
      13 0.0
 
       1      0.16884045
       2      0.16637574
       3      0.23644342
       4      0.16073814
       5      0.23330688
       6      0.23239852
       7      0.19060791
       8      0.18490713
       9      0.16264567
      10      0.10636034
      11      0.10777879
      12      0.12129930
      13   0.1726
 
       1      0.92700197
       2      0.92539805
       3      0.92545429
       4      0.92616062
       5      0.92508064
       6      0.92446354
       7      0.92542522
       8      0.92533658
       9      0.92475986
      10      0.92628383
      11      0.92649624
      12      0.92653279
      13   0.9257
 
       1     0.012743027
       2     0.012749138
       3     0.018015267
       4     0.012695170
       5     0.018331086
       6     0.018323644
       7     0.015204799
       8     0.014777593
       9     0.012967186
      10    0.0085234534
      11    0.0084331972
      12    0.0093108975
      13   0.0135
 
       1      0.70803600
       2      0.72613254
       3      0.84182768
       4      0.78199076
       5      0.82977100
       6      0.87730208
       7      0.81309196
       8      0.80776732
       9      0.80835089
      10      0.68329179
      11      0.66208730
      12      0.71767504
      13   0.7714
 
