       1       133.21704
       2       161.62645
       3       209.10080
       4       172.34499
       5       190.15896
       6       228.54138
       7       213.54025
       8       178.69120
       9       167.71430
      10       124.30641
      11       153.39300
      12       197.71754
      13  2130.35
 
       1       90.327605
       2       105.05947
       3       134.22216
       4       107.82877
       5       116.44312
       6       133.92839
       7       119.04748
       8       102.27925
       9       102.97588
      10       81.727802
      11       103.26481
      12       132.01225
      13  1329.12
 
       1       12.871159
       2       13.514264
       3       18.855949
       4       15.060245
       5       15.186550
       6       16.253490
       7       13.640751
       8       12.234406
       9       12.920431
      10       10.938497
      11       13.403835
      12       18.310266
      13   173.19
 
       1       18.852040
       2       17.439044
       3       27.985839
       4       24.567370
       5       29.427960
       6       44.730386
       7       44.138126
       8       33.417961
       9       20.837197
      10       15.535496
      11       19.087910
      12       27.104386
      13   323.12
 
       1       13.165606
       2       16.084832
       3       23.524502
       4       23.108186
       5       29.145455
       6       37.731034
       7       35.787699
       8       35.160348
       9       29.724573
      10       20.877434
      11       21.183911
      12       21.033731
      13   306.53
 
       1       12.328204
       2       15.844248
       3       24.534390
       4       24.337654
       5       26.381029
       6       30.345905
       7       25.414092
       8       21.521656
       9       20.563873
      10       14.826573
      11       15.656380
      12       15.722737
      13    20.62
 
       1 0.0
       2 0.0
       3 0.0
       4 0.0
       5 0.0
       6 0.0
       7 0.0
       8 0.0
       9 0.0
      10 0.0
      11 0.0
      12 0.0
      13 0.0
 
       1     0.011877625
       2     0.015149857
       3     0.023683347
       4     0.023117904
       5     0.024619001
       6     0.028138699
       7     0.022954707
       8     0.019456029
       9     0.018739087
      10     0.013780193
      11     0.015063744
      12     0.015288823
      13   0.0193
 
       1      0.88396809
       2      0.88177556
       3      0.88150702
       4      0.88192754
       5      0.87878260
       6      0.87990934
       7      0.88313328
       8      0.88423690
       9      0.88133593
      10      0.88286031
      11      0.88564024
      12      0.88531068
      13   0.8825
 
       1    0.0015790514
       2    0.0020219153
       3    0.0031300574
       4    0.0030943144
       5    0.0033297215
       6    0.0038031979
       7    0.0031511817
       8    0.0026754678
       9    0.0025696599
      10    0.0018751154
      11    0.0020013424
      12    0.0020111181
      13   0.0026
 
       1      0.28380075
       2      0.27476704
       3      0.31563682
       4      0.34595327
       5      0.35989087
       6      0.37621579
       7      0.31999786
       8      0.29300461
       9      0.30578401
      10      0.29781485
      11      0.29172524
      12      0.28694033
      13   0.3126
 
