       1     0.037489438
       2     0.045288187
       3     0.053683349
       4     0.057534239
       5     0.057819021
       6     0.049687730
       7     0.054750436
       8     0.047218023
       9     0.045226475
      10     0.040703966
      11     0.041573756
      12     0.039873538
      13   0.0476
 
       1      0.98196345
       2      0.98006516
       3      0.97788282
       4      0.97592921
       5      0.97565671
       6      0.97675730
       7      0.97793890
       8      0.97804032
       9      0.97915114
      10      0.97934309
      11      0.97882290
      12      0.98059946
      13   0.9785
 
       1   0.00085090049
       2    0.0012774063
       3    0.0019002664
       4    0.0021615700
       5    0.0020968436
       6    0.0017740575
       7    0.0017739741
       8    0.0013724473
       9    0.0012785786
      10    0.0011375967
      11    0.0011735492
      12   0.00096608647
      13   0.0015
 
