       1       76.431432
       2       119.15228
       3       161.99452
       4       214.06357
       5       163.12680
       6       152.07281
       7       123.72154
       8       136.99942
       9       116.35119
      10       77.483602
      11       130.30280
      12       147.08716
      13  1618.79
 
       1       53.823268
       2       79.397279
       3       103.76499
       4       135.35541
       5       99.211116
       6       90.751530
       7       70.327482
       8       77.646987
       9       73.039116
      10       52.018858
      11       87.232983
      12       98.611904
      13  1021.18
 
       1       6.9279871
       2       10.226763
       3       12.002937
       4       14.583152
       5       9.4239557
       6       8.4495454
       7       6.7189836
       8       7.1579768
       9       7.7777885
      10       6.4569914
      11       9.8550786
      12       12.463664
      13   112.04
 
       1       7.7281876
       2       9.3785001
       3       14.101813
       4       19.901864
       5       13.892235
       6       15.490391
       7       16.920014
       8       15.461189
       9       12.996896
      10       6.7397919
      11       13.355116
      12       14.709637
      13   160.68
 
       1       7.2407073
       2       8.4212524
       3       13.646539
       4       19.989213
       5       20.961201
       6       20.510223
       7       22.241368
       8       25.526940
       9       26.949240
      10       13.457169
      11       16.731661
      12       12.469780
      13   208.15
 
       1       6.0490122
       2       10.850934
       3       16.173563
       4       30.107118
       5       23.926098
       6       24.600588
       7       17.096090
       8       17.184965
       9       16.175198
      10       9.3990337
      11       10.897471
      12       9.4249155
      13    15.99
 
       1 0.0
       2 0.0
       3 0.0
       4 0.0
       5 0.0
       6 0.0
       7 0.0
       8 0.0
       9 0.0
      10 0.0
      11 0.0
      12 0.0
      13 0.0
 
       1     0.062968572
       2      0.11483660
       3      0.17223074
       4      0.32378833
       5      0.25006966
       6      0.25508582
       7      0.17219134
       8      0.17176087
       9      0.16558069
      10     0.094919765
      11      0.11358125
      12      0.10017593
      13   0.1664
 
       1      0.87163453
       2      0.87250573
       3      0.87360778
       4      0.87512149
       5      0.87241350
       6      0.87310953
       7      0.87319999
       8      0.87098169
       9      0.87291424
      10      0.87292820
      11      0.87329348
      12      0.87260532
      13   0.8729
 
       1    0.0085357514
       2     0.015260770
       3     0.022747159
       4     0.042408002
       5     0.033468733
       6     0.034245863
       7     0.023528685
       8     0.023572794
       9     0.022427000
      10     0.013073787
      11     0.015246040
      12     0.013273171
      13   0.0223
 
       1      0.63525639
       2      0.73448344
       3      0.77257475
       4      0.84074290
       5      0.85965018
       6      0.84469359
       7      0.81894914
       8      0.82354474
       9      0.82375799
      10      0.69991315
      11      0.69335500
      12      0.68600852
      13   0.7694
 
