       1       187.68396
       2       181.04295
       3       172.74510
       4       152.49398
       5       242.71097
       6       255.21679
       7       241.60070
       8       194.39396
       9       136.81223
      10       151.26814
      11       108.14662
      12       159.58059
      13  2183.70
 
       1       125.64894
       2       125.50348
       3       112.43722
       4       97.401886
       5       147.31931
       6       148.53352
       7       135.96794
       8       112.56498
       9       85.189971
      10       100.79256
      11       74.403631
      12       107.82999
      13  1373.59
 
       1       15.386916
       2       17.610883
       3       15.232341
       4       12.575039
       5       16.072915
       6       16.569435
       7       14.759495
       8       12.929094
       9       9.9271519
      10       11.947147
      11       10.176735
      12       13.112110
      13   166.30
 
       1       18.749474
       2       22.651297
       3       23.900773
       4       18.931714
       5       30.717387
       6       52.253217
       7       49.043028
       8       35.416439
       9       20.257063
      10       14.833312
      11       15.769680
      12       18.987781
      13   321.51
 
       1       14.096849
       2       18.959764
       3       22.390375
       4       17.907638
       5       32.581513
       6       51.123637
       7       46.156982
       8       39.878019
       9       26.388508
      10       21.444927
      11       16.964192
      12       15.839291
      13   323.73
 
       1       14.193631
       2       23.036111
       3       19.710406
       4       22.517189
       5       35.583902
       6       37.555646
       7       30.984210
       8       24.177831
       9       17.651215
      10       17.327249
      11       12.662010
      12       12.588429
      13    22.33
 
       1 0.0
       2 0.0
       3 0.0
       4 0.0
       5 0.0
       6 0.0
       7 0.0
       8 0.0
       9 0.0
      10 0.0
      11 0.0
      12 0.0
      13 0.0
 
       1     0.017181757
       2     0.029549665
       3     0.023939165
       4     0.026845985
       5     0.042953677
       6     0.045214427
       7     0.035958555
       8     0.027851596
       9     0.020329807
      10     0.020570243
      11     0.015502698
      12     0.015207712
      13   0.0268
 
       1      0.86309072
       2      0.86220753
       3      0.86242361
       4      0.86013462
       5      0.85813665
       6      0.86081465
       7      0.86391700
       8      0.86399462
       9      0.86159577
      10      0.86085535
      11      0.86383824
      12      0.86146303
      13   0.8619
 
       1    0.0026248681
       2    0.0043713617
       3    0.0036512625
       4    0.0041495061
       5    0.0065599173
       6    0.0068855604
       7    0.0055784883
       8    0.0043486110
       9    0.0031886715
      10    0.0031803694
      11    0.0023663589
      12    0.0023276138
      13   0.0041
 
       1      0.27547134
       2      0.32663135
       3      0.32177378
       4      0.34630261
       5      0.38180106
       6      0.40515408
       7      0.36256074
       8      0.33207456
       9      0.32757574
      10      0.30802121
      11      0.30639296
      12      0.30294191
      13   0.3331
 
