       1       33.413007
       2       25.933684
       3       30.000247
       4       20.756002
       5       19.459860
       6       19.584092
       7       19.274603
       8       15.352263
       9       12.135809
      10       12.986842
      11       21.525546
      12       27.857616
      13   258.28
 
       1       17.208227
       2       13.682551
       3       16.647820
       4       11.948498
       5       11.769973
       6       11.806771
       7       11.488305
       8       9.3824458
       9       7.3389674
      10       7.3106905
      11       11.046735
      12       14.411886
      13   144.04
 
       1       2.5648845
       2       2.2383189
       3       2.5456116
       4       1.7583949
       5       1.6064922
       6       1.4539633
       7       1.4235792
       8       1.1348017
       9      0.98084879
      10       1.0589536
      11       1.7065716
      12       2.0839243
      13    20.56
 
       1       11.595683
       2       8.1117650
       3       9.3859299
       4       5.7234332
       5       5.4911970
       6       5.4920422
       7       5.8704084
       8       4.5471208
       9       3.5012027
      10       4.1195076
      11       6.9623426
      12       9.5994446
      13    80.40
 
       1       1.5565252
       2       1.0299279
       3       1.2451743
       4      0.83373545
       5      0.92272755
       6      0.73037987
       7      0.84853831
       8      0.91802686
       9      0.80942689
      10       1.1793042
      11       1.4350702
      12       1.6072139
      13    13.12
 
       1      0.48055148
       2      0.42850598
       3      0.47541814
       4      0.37675384
       5      0.35636677
       6      0.35107765
       7      0.34703333
       8      0.26796779
       9      0.22396058
      10      0.19544375
      11      0.30410614
      12      0.36438972
      13     0.35
 
       1 0.0
       2 0.0
       3 0.0
       4 0.0
       5 0.0
       6 0.0
       7 0.0
       8 0.0
       9 0.0
      10 0.0
      11 0.0
      12 0.0
      13 0.0
 
       1     0.017400452
       2     0.015868248
       3     0.018211682
       4     0.014493036
       5     0.014476383
       6     0.015047381
       7     0.014370952
       8     0.011400509
       9    0.0090383605
      10    0.0075655337
      11     0.011228251
      12     0.013478290
      13   0.0135
 
       1       1.0000000
       2       1.0000000
       3       1.0000000
       4       1.0000000
       5       1.0000000
       6       1.0000000
       7       1.0000000
       8       1.0000000
       9       1.0000000
      10       1.0000000
      11       1.0000000
      12       1.0000000
      13   1.0000
 
       1       0.0000000
       2       0.0000000
       3       0.0000000
       4       0.0000000
       5       0.0000000
       6       0.0000000
       7       0.0000000
       8       0.0000000
       9       0.0000000
      10       0.0000000
      11       0.0000000
      12       0.0000000
      13   0.0000
 
       1      0.30897418
       2      0.21426232
       3      0.28164572
       4      0.15339482
       5      0.16176988
       6      0.10341563
       7      0.17618742
       8      0.15288136
       9      0.15463633
      10      0.27377418
      11      0.29439344
      12      0.30682943
      13   0.2152
 
