       1       66.342071
       2       44.890501
       3       55.677939
       4       45.617488
       5       32.943977
       6       16.715908
       7       15.194158
       8       9.7490183
       9       10.571723
      10       32.538981
      11       57.532768
      12       76.797724
      13   464.57
 
       1       33.312439
       2       22.940469
       3       31.195149
       4       26.729491
       5       21.095902
       6       11.235149
       7       10.137276
       8       6.6236353
       9       6.8600046
      10       18.203512
      11       29.140321
      12       37.387061
      13   254.86
 
       1       6.3450338
       2       4.0635650
       3       4.6727031
       4       3.3249735
       5       2.0563225
       6      0.96223258
       7      0.81121026
       8      0.54758001
       9      0.66713750
      10       2.4158865
      11       4.7442136
      12       6.6419921
      13    37.25
 
       1       22.155556
       2       14.024532
       3       16.161208
       4       11.733334
       5       9.2144271
       6       5.0713770
       7       4.9796871
       8       3.0568430
       9       2.5566833
      10       10.066233
      11       17.263303
      12       23.378170
      13   139.66
 
       1       3.4295866
       2       2.3033446
       3       2.7252761
       4       1.9312337
       5       1.5354700
       6       1.3049112
       7       1.3491397
       8      0.89340428
       9      0.66870378
      10       1.7302450
      11       3.1154546
      12       3.8557854
      13    24.84
 
       1      0.96051874
       2      0.71480697
       3      0.71860759
       4      0.50989156
       5      0.35061826
       6      0.19397251
       7      0.16979506
       8      0.11127793
       9      0.11575356
      10      0.38449703
      11      0.75563242
      12      0.97318932
      13     0.50
 
       1 0.0
       2 0.0
       3 0.0
       4 0.0
       5 0.0
       6 0.0
       7 0.0
       8 0.0
       9 0.0
      10 0.0
      11 0.0
      12 0.0
      13 0.0
 
       1     0.024473183
       2     0.018316647
       3     0.019361661
       4     0.013918826
       5     0.010037851
       6    0.0055206793
       7    0.0047669885
       8    0.0032261529
       9    0.0034154246
      10     0.010126345
      11     0.019459264
      12     0.024497345
      13   0.0131
 
       1       1.0000000
       2       1.0000000
       3       1.0000000
       4       1.0000000
       5       1.0000000
       6       1.0000000
       7       1.0000000
       8       1.0000000
       9       1.0000000
      10       1.0000000
      11       1.0000000
      12       1.0000000
      13   1.0000
 
       1       0.0000000
       2       0.0000000
       3       0.0000000
       4       0.0000000
       5       0.0000000
       6       0.0000000
       7       0.0000000
       8       0.0000000
       9       0.0000000
      10       0.0000000
      11       0.0000000
      12       0.0000000
      13   0.0000
 
       1      0.69717609
       2      0.63028571
       3      0.55538535
       4      0.45907883
       5      0.33177797
       6      0.29284754
       7      0.44363059
       8      0.49768397
       9      0.50557195
      10      0.54443194
      11      0.61484294
      12      0.70434937
      13   0.5231
 
