       1       73.233402
       2       54.352287
       3       45.064353
       4       42.536025
       5       31.203726
       6       16.225883
       7       17.551940
       8       11.498564
       9       11.060184
      10       25.118753
      11       59.589714
      12       66.400284
      13   453.84
 
       1       37.373612
       2       29.698557
       3       25.075690
       4       25.984690
       5       20.419373
       6       11.015362
       7       12.885420
       8       8.1311113
       9       7.3131751
      10       14.215090
      11       31.862338
      12       31.884377
      13   255.86
 
       1       6.6271999
       2       4.5674054
       3       4.0607800
       4       2.9269221
       5       1.8030162
       6      0.89155434
       7      0.83527015
       8      0.63185823
       9      0.71842430
      10       1.8784599
      11       4.9369657
      12       5.7450626
      13    35.62
 
       1       24.160304
       2       18.000401
       3       12.552765
       4       11.522527
       5       8.4144587
       6       4.9093958
       7       5.0262923
       8       2.8431352
       9       2.7793018
      10       7.4163826
      11       20.051891
      12       20.453626
      13   138.13
 
       1       3.8026172
       2       2.9424868
       3       2.5638622
       4       1.8363746
       5       1.5323691
       6       1.2684111
       7       1.2918961
       8      0.87203676
       9      0.65158998
      10       1.4752729
      11       3.1795222
      12       3.1917771
      13    24.61
 
       1       1.0060444
       2      0.82621613
       3      0.61261223
       4      0.49790602
       5      0.31938065
       6      0.18585344
       7      0.15596694
       8      0.10854258
       9      0.12658976
      10      0.30483343
      11      0.79294482
      12      0.85287243
      13     0.48
 
       1 0.0
       2 0.0
       3 0.0
       4 0.0
       5 0.0
       6 0.0
       7 0.0
       8 0.0
       9 0.0
      10 0.0
      11 0.0
      12 0.0
      13 0.0
 
       1     0.025989393
       2     0.022538581
       3     0.016827678
       4     0.013716817
       5    0.0092138612
       6    0.0053319117
       7    0.0048338334
       8    0.0033649656
       9    0.0037266300
      10    0.0082989999
      11     0.020680062
      12     0.021429175
      13   0.0130
 
       1       1.0000000
       2       1.0000000
       3       1.0000000
       4       1.0000000
       5       1.0000000
       6       1.0000000
       7       1.0000000
       8       1.0000000
       9       1.0000000
      10       1.0000000
      11       1.0000000
      12       1.0000000
      13   1.0000
 
       1       0.0000000
       2       0.0000000
       3       0.0000000
       4       0.0000000
       5       0.0000000
       6       0.0000000
       7       0.0000000
       8       0.0000000
       9       0.0000000
      10       0.0000000
      11       0.0000000
      12       0.0000000
      13   0.0000
 
       1      0.70183980
       2      0.65365841
       3      0.51373328
       4      0.43003398
       5      0.35761172
       6      0.34059503
       7      0.46836429
       8      0.53825425
       9      0.48224610
      10      0.55713111
      11      0.65931710
      12      0.61835579
      13   0.5268
 
