       1       192.53280
       2       138.93922
       3       206.88914
       4       191.29814
       5       185.35023
       6       204.32536
       7       216.33640
       8       197.10559
       9       160.86776
      10       122.30629
      11       156.69487
      12       192.08016
      13  2164.73
 
       1       131.62836
       2       92.940957
       3       132.69777
       4       120.13569
       5       114.89826
       6       121.83877
       7       120.69676
       8       113.13753
       9       101.05589
      10       82.117245
      11       105.63181
      12       130.41126
      13  1367.19
 
       1       18.283711
       2       12.731234
       3       17.579983
       4       15.756272
       5       14.985689
       6       14.668055
       7       13.074656
       8       12.516054
       9       12.142140
      10       11.119831
      11       12.622920
      12       16.701073
      13   172.18
 
       1       24.151818
       2       17.727560
       3       27.195452
       4       25.579627
       5       26.944151
       6       39.507584
       7       45.479280
       8       37.565186
       9       21.867271
      10       15.586604
      11       17.969092
      12       25.077578
      13   324.65
 
       1       19.085045
       2       14.291758
       3       22.475643
       4       21.560421
       5       28.395531
       6       35.253600
       7       36.381145
       8       35.832808
       9       29.024560
      10       23.208091
      11       19.152716
      12       20.787963
      13   305.45
 
       1       15.482933
       2       15.559139
       3       24.763413
       4       27.727390
       5       28.871474
       6       29.352721
       7       26.356287
       8       23.931956
       9       20.789386
      10       15.290126
      11       16.138709
      12       14.967950
      13    21.60
 
       1 0.0
       2 0.0
       3 0.0
       4 0.0
       5 0.0
       6 0.0
       7 0.0
       8 0.0
       9 0.0
      10 0.0
      11 0.0
      12 0.0
      13 0.0
 
       1     0.018460773
       2     0.018473315
       3     0.029396596
       4     0.032486865
       5     0.033839189
       6     0.033427049
       7     0.029405641
       8     0.026716010
       9     0.023614151
      10     0.017646349
      11     0.019172132
      12     0.017937008
      13   0.0250
 
       1      0.93128165
       2      0.93083352
       3      0.93062776
       4      0.93029855
       5      0.93089274
       6      0.93043943
       7      0.93059658
       8      0.93102544
       9      0.93060992
      10      0.93090751
      11      0.93185956
      12      0.93224507
      13   0.9310
 
       1    0.0014125759
       2    0.0014200656
       3    0.0022548346
       4    0.0025118507
       5    0.0026172078
       6    0.0026183695
       7    0.0023270043
       8    0.0021160314
       9    0.0018570448
      10    0.0013804451
      11    0.0014720101
      12    0.0013662508
      13   0.0019
 
       1      0.27688603
       2      0.29487449
       3      0.33923188
       4      0.36212197
       5      0.37395858
       6      0.38115503
       7      0.35052037
       8      0.32166681
       9      0.33223085
      10      0.30881942
      11      0.30049642
      12      0.28697456
      13   0.3274
 
