       1       481.94367
       2       436.26621
       3       479.80555
       4       463.08782
       5       510.43157
       6       510.87446
       7       528.12532
       8       511.87567
       9       472.73586
      10       458.81648
      11       445.78090
      12       477.42733
      13  5777.17
 
       1       289.14470
       2       267.34836
       3       295.61936
       4       285.89455
       5       316.65900
       6       312.73103
       7       318.85919
       8       317.29067
       9       289.68991
      10       283.68999
      11       270.45886
      12       284.47667
      13  3531.86
 
       1       37.368082
       2       33.726650
       3       36.850013
       4       34.285428
       5       37.811022
       6       38.777288
       7       40.227658
       8       38.484324
       9       36.819063
      10       34.874697
      11       34.094221
      12       36.585604
      13   439.90
 
       1       132.18200
       2       117.69592
       3       125.43114
       4       121.50387
       5       129.08819
       6       135.02349
       7       143.07516
       8       132.81923
       9       123.98779
      10       120.08482
      11       121.04898
      12       133.21900
      13  1535.16
 
       1       22.536691
       2       18.177413
       3       21.735031
       4       21.686768
       5       25.955261
       6       24.315414
       7       25.020179
       8       23.621569
       9       22.592304
      10       21.035551
      11       19.930501
      12       22.256052
      13   268.86
 
       1       5.9462910
       2       5.9104930
       3       5.8022782
       4       5.6001333
       5       6.0122686
       6       6.5072767
       7       6.6464395
       8       6.1757482
       9       6.1664889
      10       5.5251127
      11       5.6870856
      12       5.8336823
      13     5.98
 
       1 0.0
       2 0.0
       3 0.0
       4 0.0
       5 0.0
       6 0.0
       7 0.0
       8 0.0
       9 0.0
      10 0.0
      11 0.0
      12 0.0
      13 0.0
 
       1     0.024377028
       2     0.024676362
       3     0.024299097
       4     0.023394028
       5     0.025146607
       6     0.026609668
       7     0.026934957
       8     0.025869083
       9     0.025318673
      10     0.023048147
      11     0.023208021
      12     0.023611105
      13   0.0247
 
       1       1.0000000
       2       1.0000000
       3       1.0000000
       4       1.0000000
       5       1.0000000
       6       1.0000000
       7       1.0000000
       8       1.0000000
       9       1.0000000
      10       1.0000000
      11       1.0000000
      12       1.0000000
      13   1.0000
 
       1       0.0000000
       2       0.0000000
       3       0.0000000
       4       0.0000000
       5       0.0000000
       6       0.0000000
       7       0.0000000
       8       0.0000000
       9       0.0000000
      10       0.0000000
      11       0.0000000
      12       0.0000000
      13   0.0000
 
       1      0.71955645
       2      0.71728693
       3      0.66661341
       4      0.63403432
       5      0.60710091
       6      0.58614568
       7      0.63466417
       8      0.65807517
       9      0.66913283
      10      0.68247739
      11      0.68849320
      12      0.68478303
      13   0.6624
 
