       1       464.96045
       2       452.15606
       3       499.81691
       4       482.14191
       5       518.77608
       6       522.19165
       7       495.46132
       8       532.46636
       9       473.46923
      10       467.33071
      11       457.46222
      12       470.88503
      13  5837.12
 
       1       279.60945
       2       275.60253
       3       306.69903
       4       294.81309
       5       317.03225
       6       318.93194
       7       302.20463
       8       327.39160
       9       294.18365
      10       295.20832
      11       281.70200
      12       285.81487
      13  3579.19
 
       1       35.148008
       2       34.268104
       3       38.193015
       4       36.227252
       5       39.044283
       6       39.769446
       7       37.606694
       8       40.931378
       9       36.402295
      10       34.757162
      11       33.826303
      12       35.573336
      13   441.75
 
       1       129.25924
       2       123.03415
       3       131.71712
       4       126.01829
       5       135.11406
       6       137.07193
       7       131.42770
       8       141.00294
       9       120.99121
      10       119.21883
      11       120.13377
      12       129.96853
      13  1544.96
 
       1       20.161843
       2       19.429101
       3       23.136423
       4       24.307056
       5       27.523763
       6       25.916325
       7       24.793244
       8       24.202370
       9       20.456327
      10       19.108067
      11       20.187197
      12       21.789526
      13   271.01
 
       1       5.6517083
       2       5.9789339
       3       6.1015346
       4       5.7789714
       5       6.1810567
       6       6.6949311
       7       6.1581756
       8       6.8401321
       9       6.1360401
      10       5.5412784
      11       5.5780899
      12       5.8078258
      13     6.04
 
       1 0.0
       2 0.0
       3 0.0
       4 0.0
       5 0.0
       6 0.0
       7 0.0
       8 0.0
       9 0.0
      10 0.0
      11 0.0
      12 0.0
      13 0.0
 
       1     0.023282170
       2     0.024809331
       3     0.025280411
       4     0.023947759
       5     0.025394775
       6     0.027182979
       7     0.025159235
       8     0.028230294
       9     0.025727406
      10     0.023562037
      11     0.023216775
      12     0.023859227
      13   0.0250
 
       1       1.0000000
       2       1.0000000
       3       1.0000000
       4       1.0000000
       5       1.0000000
       6       1.0000000
       7       1.0000000
       8       1.0000000
       9       1.0000000
      10       1.0000000
      11       1.0000000
      12       1.0000000
      13   1.0000
 
       1       0.0000000
       2       0.0000000
       3       0.0000000
       4       0.0000000
       5       0.0000000
       6       0.0000000
       7       0.0000000
       8       0.0000000
       9       0.0000000
      10       0.0000000
      11       0.0000000
      12       0.0000000
      13   0.0000
 
       1      0.68968567
       2      0.66732162
       3      0.65661953
       4      0.61969662
       5      0.62797794
       6      0.60927962
       7      0.62898934
       8      0.66245396
       9      0.66848435
      10      0.69136384
      11      0.69161497
      12      0.72387055
      13   0.6614
 
