       1       464.24034
       2       403.19632
       3       506.14900
       4       472.55823
       5       495.26823
       6       498.00086
       7       511.70216
       8       542.15856
       9       479.31824
      10       456.38939
      11       497.10142
      12       473.09733
      13  5799.18
 
       1       280.95876
       2       246.83341
       3       308.09199
       4       293.47652
       5       301.60557
       6       302.48064
       7       307.98766
       8       334.01335
       9       298.57578
      10       283.30383
      11       306.92195
      12       287.37881
      13  3551.63
 
       1       36.359116
       2       31.101778
       3       39.055959
       4       35.355633
       5       37.327336
       6       37.827376
       7       38.327186
       8       41.380840
       9       36.539963
      10       34.582982
      11       37.205622
      12       35.785823
      13   440.85
 
       1       126.89155
       2       107.51468
       3       135.50434
       4       120.17241
       5       130.80307
       6       133.07063
       7       138.23160
       8       141.22969
       9       123.71188
      10       120.00683
      11       130.52799
      12       128.06579
      13  1535.73
 
       1       19.984820
       2       17.459272
       3       23.593454
       4       22.957873
       5       24.895282
       6       25.586444
       7       27.441251
       8       24.465896
       9       20.886617
      10       20.020828
      11       21.186751
      12       21.327856
      13   269.81
 
       1       5.7515875
       2       5.2586039
       3       6.1165534
       4       5.7760593
       5       5.7748814
       6       6.2774870
       7       6.2748817
       8       6.5546365
       9       6.0461770
      10       5.6212576
      11       5.9439127
      12       5.6745537
      13     5.92
 
       1 0.0
       2 0.0
       3 0.0
       4 0.0
       5 0.0
       6 0.0
       7 0.0
       8 0.0
       9 0.0
      10 0.0
      11 0.0
      12 0.0
      13 0.0
 
       1     0.023859892
       2     0.022246283
       3     0.025306854
       4     0.024347955
       5     0.023817615
       6     0.025604704
       7     0.025379338
       8     0.027249100
       9     0.025606428
      10     0.023605374
      11     0.024947358
      12     0.023370563
      13   0.0246
 
       1       1.0000000
       2       1.0000000
       3       1.0000000
       4       1.0000000
       5       1.0000000
       6       1.0000000
       7       1.0000000
       8       1.0000000
       9       1.0000000
      10       1.0000000
      11       1.0000000
      12       1.0000000
      13   1.0000
 
       1       0.0000000
       2       0.0000000
       3       0.0000000
       4       0.0000000
       5       0.0000000
       6       0.0000000
       7       0.0000000
       8       0.0000000
       9       0.0000000
      10       0.0000000
      11       0.0000000
      12       0.0000000
      13   0.0000
 
       1      0.72493641
       2      0.71095160
       3      0.70661421
       4      0.64082725
       5      0.63855783
       6      0.61941687
       7      0.65575668
       8      0.67964533
       9      0.69474778
      10      0.72659872
      11      0.73835619
      12      0.71800454
      13   0.6879
 
