       1       158.76712
       2       193.09841
       3       227.26707
       4       239.64609
       5       187.69869
       6       207.43851
       7       247.76144
       8       203.48429
       9       153.63358
      10       119.63715
      11       104.33179
      12       135.34431
      13  2178.11
 
       1       105.62509
       2       129.62432
       3       144.85249
       4       154.34590
       5       118.14224
       6       119.81394
       7       135.77461
       8       118.00442
       9       95.915644
      10       79.467698
      11       69.009553
      12       92.177103
      13  1362.75
 
       1       13.531271
       2       17.271700
       3       18.796783
       4       19.837377
       5       15.654610
       6       13.851547
       7       14.649710
       8       13.740197
       9       11.876441
      10       10.727195
      11       8.6053636
      12       12.115147
      13   170.66
 
       1       18.486857
       2       23.337508
       3       28.708985
       4       29.765203
       5       27.243552
       6       39.082730
       7       51.827977
       8       35.137955
       9       20.640543
      10       15.688935
      11       12.872940
      12       18.049718
      13   320.84
 
       1       14.581197
       2       19.573717
       3       26.779786
       4       30.774459
       5       32.767397
       6       36.273086
       7       45.330678
       8       41.975427
       9       31.866278
      10       22.755388
      11       12.467700
      12       15.776510
      13   330.92
 
       1       13.609601
       2       21.072652
       3       25.672202
       4       33.979986
       5       30.931119
       6       30.272944
       7       30.410380
       8       27.151087
       9       20.586671
      10       15.506748
      11       10.666081
      12       11.514014
      13    22.61
 
       1 0.0
       2 0.0
       3 0.0
       4 0.0
       5 0.0
       6 0.0
       7 0.0
       8 0.0
       9 0.0
      10 0.0
      11 0.0
      12 0.0
      13 0.0
 
       1     0.013345595
       2     0.020935066
       3     0.025088338
       4     0.033147993
       5     0.029699280
       6     0.028312103
       7     0.028068534
       8     0.025128560
       9     0.019150405
      10     0.014632382
      11    0.0099065392
      12     0.011057347
      13   0.0215
 
       1      0.88434041
       2      0.88327355
       3      0.88282568
       4      0.88313534
       5      0.88204496
       6      0.87996340
       7      0.88317932
       8      0.88403738
       9      0.88296375
      10      0.88292506
      11      0.88419724
      12      0.88339819
      13   0.8830
 
       1    0.0017523916
       2    0.0027207563
       3    0.0032906292
       4    0.0043459628
       5    0.0039482281
       6    0.0038163149
       7    0.0037972813
       8    0.0034008759
       9    0.0025956508
      10    0.0019720302
      11    0.0013522288
      12    0.0014732567
      13   0.0029
 
       1      0.28595636
       2      0.29878181
       3      0.31150724
       4      0.34353656
       5      0.35517720
       6      0.37346291
       7      0.33611026
       8      0.32563117
       9      0.30934836
      10      0.29807448
      11      0.26869892
      12      0.26621931
      13   0.3144
 
