       1       189.95072
       2       126.02269
       3       138.35534
       4       133.85209
       5       123.08433
       6       108.47579
       7       113.62093
       8       108.90273
       9       129.55419
      10       89.674529
      11       152.40274
      12       183.97238
      13  1597.87
 
       1       123.88728
       2       90.271528
       3       85.488848
       4       83.250127
       5       77.379985
       6       65.805355
       7       65.122668
       8       63.824590
       9       81.486112
      10       60.298823
      11       102.24493
      12       124.93008
      13  1023.99
 
       1       15.541038
       2       13.731334
       3       9.1601996
       4       8.5920196
       5       8.7482570
       6       7.2537442
       7       6.5205213
       8       6.4818179
       9       8.6859077
      10       7.6495096
      11       11.744464
      12       16.440012
      13   120.55
 
       1       15.884415
       2       16.344858
       3       11.958388
       4       11.346725
       5       11.945711
       6       13.423131
       7       14.027665
       8       13.016874
       9       10.797505
      10       8.6966267
      11       14.055409
      12       18.947359
      13   160.44
 
       1       12.891578
       2       13.584316
       3       12.091158
       4       11.587072
       5       15.094660
       6       13.984347
       7       17.640326
       8       21.071661
       9       22.634249
      10       18.316796
      11       20.118910
      12       19.888937
      13   198.90
 
       1       11.950260
       2       13.328203
       3       13.021375
       4       16.183967
       5       17.205749
       6       15.606789
       7       14.391698
       8       13.895733
       9       16.285352
      10       10.980674
      11       13.451242
      12       12.513762
      13    14.07
 
       1 0.0
       2 0.0
       3 0.0
       4 0.0
       5 0.0
       6 0.0
       7 0.0
       8 0.0
       9 0.0
      10 0.0
      11 0.0
      12 0.0
      13 0.0
 
       1      0.12564217
       2      0.14281656
       3      0.13201279
       4      0.16317349
       5      0.17321189
       6      0.15473769
       7      0.13943691
       8      0.13501461
       9      0.16153637
      10      0.10999779
      11      0.13974728
      12      0.13240936
      13   0.1425
 
       1      0.93316640
       2      0.93351086
       3      0.93210794
       4      0.93174051
       5      0.93193441
       6      0.93117575
       7      0.93199216
       8      0.93281935
       9      0.93232580
      10      0.93347438
      11      0.93465310
      12      0.93319748
      13   0.9327
 
       1    0.0087677504
       2    0.0098371118
       3    0.0094814061
       4     0.011775039
       5     0.012512615
       6     0.011303905
       7     0.010336560
       8    0.0099932356
       9     0.011776244
      10    0.0080028946
      11    0.0098652973
      12    0.0092024675
      13   0.0102
 
       1      0.70939212
       2      0.78688038
       3      0.70442433
       4      0.78389151
       5      0.83731006
       6      0.82687668
       7      0.77742847
       8      0.76912723
       9      0.80207680
      10      0.74439684
      11      0.69443792
      12      0.72542093
      13   0.7635
 
