       1       120.09492
       2       87.055238
       3       130.16327
       4       106.76065
       5       126.81499
       6       123.21947
       7       105.82403
       8       125.86685
       9       107.98293
      10       96.194495
      11       72.694677
      12       159.81079
      13  1362.48
 
       1       81.867367
       2       59.082987
       3       84.964502
       4       66.647287
       5       77.461022
       6       74.196693
       7       62.108038
       8       72.153063
       9       68.387020
      10       64.191911
      11       50.896755
      12       107.80669
      13   869.76
 
       1       9.9224911
       2       7.3909554
       3       10.082078
       4       7.0877380
       5       7.6757718
       6       7.2506713
       7       6.1047023
       8       6.7665309
       9       7.5864048
      10       7.6051465
      11       6.6634480
      12       12.864903
      13    97.00
 
       1       12.515954
       2       7.4097778
       3       11.176167
       4       8.4311400
       5       8.7032095
       6       14.046229
       7       14.518361
       8       14.879846
       9       10.504574
      10       7.6070556
      11       7.3061685
      12       15.246533
      13   132.35
 
       1       13.024085
       2       6.9311952
       3       13.351951
       4       9.1688957
       5       13.053185
       6       17.372337
       7       17.181953
       8       24.215600
       9       22.285108
      10       16.156464
      11       10.869734
      12       15.611369
      13   179.22
 
       1       10.776114
       2       9.4418602
       3       14.312129
       4       12.401767
       5       16.179612
       6       18.246541
       7       14.112845
       8       15.395647
       9       14.311972
      10       10.782046
      11       7.9951659
      12       10.761056
      13    12.89
 
       1 0.0
       2 0.0
       3 0.0
       4 0.0
       5 0.0
       6 0.0
       7 0.0
       8 0.0
       9 0.0
      10 0.0
      11 0.0
      12 0.0
      13 0.0
 
       1      0.13801996
       2      0.12234172
       3      0.18365330
       4      0.15320487
       5      0.20219531
       6      0.22720251
       7      0.17189993
       8      0.18752150
       9      0.17628775
      10      0.13432911
      11      0.10233605
      12      0.14026052
      13   0.1616
 
       1      0.92603497
       2      0.92710653
       3      0.92567303
       4      0.92544723
       5      0.92489096
       6      0.92474507
       7      0.92538133
       8      0.92559241
       9      0.92532071
      10      0.92651089
      11      0.92775541
      12      0.92599644
      13   0.9259
 
       1     0.010745270
       2    0.0094612065
       3     0.014239914
       4     0.012181556
       5     0.015953163
       6     0.017915405
       7     0.013733890
       8     0.014968876
       9     0.014017320
      10     0.010642524
      11    0.0080100974
      12     0.010778021
      13   0.0127
 
       1      0.78196525
       2      0.72494805
       3      0.78622453
       4      0.72442220
       5      0.80849173
       6      0.85301930
       7      0.79796286
       8      0.80636765
       9      0.80455931
      10      0.72329810
      11      0.67807249
      12      0.68122870
      13   0.7642
 
