       1       190.81442
       2       127.14538
       3       162.30377
       4       197.21847
       5       222.03091
       6       228.10583
       7       274.65590
       8       214.47490
       9       197.88173
      10       120.33012
      11       142.25180
      12       154.30411
      13  2231.52
 
       1       127.46339
       2       86.303950
       3       104.25643
       4       123.26234
       5       134.56154
       6       132.50681
       7       151.66338
       8       124.39564
       9       123.07465
      10       82.864681
      11       94.571613
      12       104.58036
      13  1389.50
 
       1       16.617072
       2       13.097340
       3       13.810793
       4       15.091795
       5       16.529719
       6       15.048642
       7       16.098761
       8       14.554058
       9       14.257031
      10       11.852648
      11       11.681579
      12       13.603920
      13   172.24
 
       1       22.743485
       2       17.944036
       3       21.028044
       4       23.935030
       5       32.065109
       6       43.648493
       7       54.752090
       8       38.666703
       9       22.238546
      10       15.811235
      11       17.615575
      12       18.597851
      13   329.05
 
       1       15.874628
       2       14.285849
       3       16.627362
       4       22.500393
       5       33.385100
       6       41.536008
       7       53.504429
       8       47.863874
       9       35.653738
      10       23.724508
      11       17.224548
      12       17.001388
      13   339.18
 
       1       14.738167
       2       14.901644
       3       18.133231
       4       29.383330
       5       33.961899
       6       35.411068
       7       35.899303
       8       28.719384
       9       24.668855
      10       16.444234
      11       14.148987
      12       12.683552
      13    23.26
 
       1 0.0
       2 0.0
       3 0.0
       4 0.0
       5 0.0
       6 0.0
       7 0.0
       8 0.0
       9 0.0
      10 0.0
      11 0.0
      12 0.0
      13 0.0
 
       1     0.014344111
       2     0.014492975
       3     0.017215937
       4     0.028119103
       5     0.032925702
       6     0.033497298
       7     0.033510752
       8     0.026792754
       9     0.023038963
      10     0.015726045
      11     0.013605989
      12     0.012257107
      13   0.0221
 
       1      0.88296555
       2      0.88126814
       3      0.88131210
       4      0.88195683
       5      0.88094270
       6      0.87979135
       7      0.88362083
       8      0.88658559
       9      0.88480408
      10      0.88440869
      11      0.88549523
      12      0.88527481
      13   0.8832
 
       1    0.0018873430
       2    0.0019158305
       3    0.0023076870
       4    0.0037442508
       5    0.0043436896
       6    0.0044770652
       7    0.0044981232
       8    0.0036041959
       9    0.0031064091
      10    0.0021025736
      11    0.0018113931
      12    0.0016259856
      13   0.0030
 
       1      0.27193018
       2      0.30261825
       3      0.31706890
       4      0.34581778
       5      0.37195095
       6      0.39100644
       7      0.35754216
       8      0.32855648
       9      0.32253232
      10      0.30602414
      11      0.29531004
      12      0.27556961
      13   0.3238
 
