       1       9.4091874
       2       14.460790
       3       23.205466
       4       25.638559
       5       46.145433
       6       49.619751
       7       43.139126
       8       24.880402
       9       22.371100
      10       9.6982404
      11       10.073067
      12       6.7446128
      13   285.39
 
       1       6.9080690
       2       8.6130254
       3       15.026330
       4       15.304500
       5       24.425865
       6       25.004087
       7       23.006635
       8       13.404152
       9       12.753546
      10       6.7385478
      11       7.2146865
      12       4.9190455
      13   163.32
 
       1      0.94714862
       2      0.90263789
       3       2.5292330
       4       2.7281982
       5       3.3423112
       6       3.1324335
       7       3.1484841
       8       1.8480460
       9       1.6130221
      10       1.1040281
      11       1.0216423
      12      0.63337286
      13    22.95
 
       1      0.46298224
       2       1.0271043
       3       2.2486947
       4       3.4603007
       5       5.7102125
       6       15.393575
       7       13.576202
       8       5.8158994
       9       3.9579000
      10       1.1174119
      11       1.3493868
      12      0.27876003
      13    54.40
 
       1      0.17097025
       2      0.24811215
       3       1.2345454
       4       2.6376177
       5       4.2827185
       6       7.4173934
       7       7.3128893
       8       4.1812960
       9       2.3329545
      10      0.46680936
      11      0.19552680
      12     0.078240278
      13    30.56
 
       1      0.75703238
       2       1.2538352
       3       2.8875251
       4       4.1006302
       5       4.7505336
       6       4.0824255
       7       3.6149567
       8       2.0838923
       9       1.9278499
      10       1.2467674
      11      0.96882620
      12      0.45564433
      13     2.34
 
       1 0.0
       2 0.0
       3 0.0
       4 0.0
       5 0.0
       6 0.0
       7 0.0
       8 0.0
       9 0.0
      10 0.0
      11 0.0
      12 0.0
      13 0.0
 
       1     0.022296332
       2     0.032462509
       3     0.078687925
       4      0.11427439
       5      0.12662388
       6      0.10103868
       7     0.087277937
       8     0.049912201
       9     0.048564862
      10     0.034104296
      11     0.026459814
      12     0.012807788
      13   0.0612
 
       1      0.88376354
       2      0.87749263
       3      0.87932788
       4      0.88086051
       5      0.87965116
       6      0.87907231
       7      0.87656770
       8      0.87670140
       9      0.87697645
      10      0.88015656
      11      0.88019186
      12      0.88498570
      13   0.8796
 
       1    0.0026465840
       2    0.0040971729
       3    0.0096512552
       4     0.013838701
       5     0.015582405
       6     0.012798207
       7     0.011220493
       8    0.0064634896
       9    0.0061588171
      10    0.0042033800
      11    0.0032786479
      12    0.0015669938
      13   0.0076
 
       1      0.90279097
       2      0.90127723
       3      0.95469971
       4      0.97999569
       5      0.98673967
       6      0.98355220
       7      0.97577353
       8      0.97514213
       9      0.97983467
      10      0.96529895
      11      0.94589759
      12      0.84192269
      13   0.9494
 
