       1       32.471347
       2       29.354650
       3       24.755769
       4       24.333808
       5       22.693067
       6       20.348254
       7       18.801724
       8       15.083433
       9       12.619716
      10       13.458144
      11       18.630502
      12       28.588938
      13   261.14
 
       1       16.649213
       2       15.339261
       3       13.663353
       4       13.875517
       5       13.274206
       6       12.202201
       7       11.192144
       8       9.3272516
       9       7.4793965
      10       7.7251283
      11       9.6961139
      12       14.516722
      13   144.94
 
       1       2.4780045
       2       2.4140324
       3       2.0620328
       4       2.0483597
       5       1.8663549
       6       1.5952673
       7       1.4007641
       8       1.1362934
       9      0.95560144
      10       1.0835910
      11       1.5388770
      12       2.2733338
      13    20.85
 
       1       10.789113
       2       9.4691260
       3       7.5636134
       4       7.4289053
       5       6.7209998
       6       6.1317264
       7       5.8282190
       8       5.0858070
       9       3.8975613
      10       4.1473654
      11       6.1247283
      12       10.013566
      13    83.20
 
       1       1.4613325
       2       1.1944961
       3       1.0519205
       4      0.92999506
       5      0.98630269
       6      0.79850049
       7      0.66870389
       8      0.91190695
       9      0.88621107
      10       1.0454988
      11       1.2380690
      12       1.9294874
      13    13.10
 
       1      0.44634858
       2      0.49258784
       3      0.38157995
       4      0.43326459
       5      0.41536458
       6      0.39714225
       7      0.34139480
       8      0.27065323
       9      0.21169944
      10      0.20570322
      11      0.26966239
      12      0.39482906
      13     0.36
 
       1 0.0
       2 0.0
       3 0.0
       4 0.0
       5 0.0
       6 0.0
       7 0.0
       8 0.0
       9 0.0
      10 0.0
      11 0.0
      12 0.0
      13 0.0
 
       1     0.016273667
       2     0.018481823
       3     0.014731364
       4     0.016984269
       5     0.016503502
       6     0.016286454
       7     0.014173155
       8     0.011650177
       9    0.0088002989
      10    0.0081374879
      11     0.010121805
      12     0.014637898
      13   0.0139
 
       1       1.0000000
       2       1.0000000
       3       1.0000000
       4       1.0000000
       5       1.0000000
       6       1.0000000
       7       1.0000000
       8       1.0000000
       9       1.0000000
      10       1.0000000
      11       1.0000000
      12       1.0000000
      13   1.0000
 
       1       0.0000000
       2       0.0000000
       3       0.0000000
       4       0.0000000
       5       0.0000000
       6       0.0000000
       7       0.0000000
       8       0.0000000
       9       0.0000000
      10       0.0000000
      11       0.0000000
      12       0.0000000
      13   0.0000
 
       1      0.27218118
       2      0.21666287
       3      0.17897618
       4      0.21156543
       5      0.15761227
       6      0.12713244
       7      0.15517863
       8      0.17368498
       9      0.18986371
      10      0.28266136
      11      0.28702009
      12      0.32902916
      13   0.2151
 
