       1       149.89355
       2       113.66105
       3       150.82314
       4       138.12620
       5       183.44363
       6       138.25674
       7       135.16574
       8       116.00347
       9       125.64065
      10       101.55221
      11       131.77090
      12       130.85969
      13  1615.20
 
       1       102.24840
       2       79.096354
       3       97.322039
       4       85.791577
       5       109.87626
       6       82.990908
       7       76.395788
       8       68.042401
       9       78.167678
      10       67.848742
      11       91.674154
      12       91.882704
      13  1031.34
 
       1       12.495799
       2       11.291535
       3       11.135846
       4       8.2683871
       5       10.175073
       6       7.5061407
       7       6.9093901
       8       6.7128967
       9       7.7696270
      10       7.6299492
      11       10.597910
      12       11.774698
      13   112.27
 
       1       12.435297
       2       10.987306
       3       13.789775
       4       10.977377
       5       15.269950
       6       14.213256
       7       17.555793
       8       13.288819
       9       11.805276
      10       7.8539287
      11       9.3360518
      12       14.502655
      13   152.02
 
       1       10.771214
       2       10.215904
       3       14.787601
       4       13.695085
       5       20.372634
       6       18.733246
       7       22.507906
       8       23.449728
       9       24.027320
      10       16.865200
      11       17.562922
      12       13.901665
      13   206.89
 
       1       10.431858
       2       11.706207
       3       15.197060
       4       18.717708
       5       24.945436
       6       22.864018
       7       18.727259
       8       15.585890
       9       17.364957
      10       11.554080
      11       12.072255
      12       9.6132901
      13    15.73
 
       1 0.0
       2 0.0
       3 0.0
       4 0.0
       5 0.0
       6 0.0
       7 0.0
       8 0.0
       9 0.0
      10 0.0
      11 0.0
      12 0.0
      13 0.0
 
       1      0.14175065
       2      0.16114615
       3      0.20477954
       4      0.24601913
       5      0.33264646
       6      0.30445416
       7      0.23913505
       8      0.19874377
       9      0.22665175
      10      0.15063636
      11      0.16530828
      12      0.13115775
      13   0.2085
 
       1      0.88109179
       2      0.88213142
       3      0.88242213
       4      0.88260794
       5      0.88184218
       6      0.88190495
       7      0.88132702
       8      0.88193913
       9      0.88190850
      10      0.88191512
      11      0.88426927
      12      0.88285640
      13   0.8822
 
       1     0.017253871
       2     0.019501762
       3     0.024995197
       4     0.030514139
       5     0.040791213
       6     0.037422581
       7     0.029949052
       8     0.024980281
       9     0.028132090
      10     0.018822780
      11     0.020085121
      12     0.015958931
      13   0.0257
 
       1      0.72695654
       2      0.76127360
       3      0.76425989
       4      0.74869931
       5      0.85493688
       6      0.87874884
       7      0.85483456
       8      0.82472342
       9      0.81726225
      10      0.73069801
      11      0.74529844
      12      0.70982794
      13   0.7848
 
