       1       11.871787
       2       12.965054
       3       16.645005
       4       21.958691
       5       34.836908
       6       40.876230
       7       46.089024
       8       23.191673
       9       19.639672
      10       10.223367
      11       5.6040071
      12       9.0588519
      13   252.96
 
       1       8.1741042
       2       8.3265358
       3       10.937594
       4       13.008671
       5       19.068717
       6       21.515208
       7       24.516986
       8       13.382762
       9       11.216826
      10       6.7214630
      11       4.2711076
      12       6.4045279
      13   147.54
 
       1       1.1006209
       2       1.1093477
       3       2.0171970
       4       2.4200107
       5       2.8270265
       6       2.7254645
       7       3.0545154
       8       1.9184856
       9       1.4765524
      10      0.91363972
      11      0.62849609
      12      0.80212435
      13    20.99
 
       1      0.88886627
       2       1.0248333
       3       2.7652758
       4       3.5119202
       5       6.6956617
       6       11.049392
       7       15.198310
       8       5.1794673
       9       3.4444238
      10      0.73920220
      11      0.71793294
      12      0.60997505
      13    51.83
 
       1     0.087446695
       2      0.74875888
       3       2.0356284
       4       2.9168171
       5       4.0563943
       6       5.1477114
       7       6.2418189
       8       3.3471368
       9       2.0584983
      10      0.45138396
      11     0.094507719
      12      0.12865481
      13    27.31
 
       1      0.86248645
       2       1.2900452
       3       2.6937403
       4       3.0248280
       5       3.9246827
       6       3.5498708
       7       3.8248628
       8       2.1151669
       9       1.6727284
      10      0.87606196
      11      0.64242870
      12      0.65800561
      13     2.09
 
       1 0.0
       2 0.0
       3 0.0
       4 0.0
       5 0.0
       6 0.0
       7 0.0
       8 0.0
       9 0.0
      10 0.0
      11 0.0
      12 0.0
      13 0.0
 
       1     0.018934404
       2     0.026174305
       3     0.056879826
       4     0.062833639
       5     0.078930377
       6     0.068054120
       7     0.071940195
       8     0.039104988
       9     0.031592714
      10     0.017333669
      11     0.013890875
      12     0.013850990
      13   0.0416
 
       1      0.93416700
       2      0.93168016
       3      0.93080033
       4      0.93103311
       5      0.92918624
       6      0.92875570
       7      0.92798894
       8      0.92701696
       9      0.92747169
      10      0.92933193
      11      0.93220364
      12      0.93267745
      13   0.9302
 
       1    0.0012982682
       2    0.0019050952
       3    0.0040205236
       4    0.0044842353
       5    0.0057386935
       6    0.0050862565
       7    0.0054364580
       8    0.0030217769
       9    0.0024072642
      10    0.0012882048
      11   0.00097346042
      12   0.00098845654
      13   0.0031
 
       1      0.88734118
       2      0.80334979
       3      0.91974700
       4      0.96629409
       5      0.97983795
       6      0.97863703
       7      0.97578123
       8      0.97376817
       9      0.97430597
      10      0.92345677
      11      0.93896766
      12      0.83899799
      13   0.9300
 
