       1       534.09469
       2       444.66207
       3       487.84989
       4       490.84112
       5       523.35626
       6       510.11547
       7       551.19799
       8       492.54465
       9       494.33626
      10       462.70827
      11       466.19650
      12       477.24323
      13  5935.15
 
       1       318.80827
       2       271.34988
       3       299.85592
       4       301.33200
       5       319.22213
       6       310.45124
       7       335.52339
       8       299.74535
       9       310.39860
      10       289.13497
      11       283.04568
      12       291.94721
      13  3630.81
 
       1       41.000698
       2       34.296452
       3       37.275925
       4       36.864280
       5       39.431690
       6       37.755914
       7       42.361401
       8       37.317686
       9       37.461298
      10       34.368250
      11       35.278373
      12       36.179015
      13   449.59
 
       1       149.80274
       2       120.53588
       3       129.66063
       4       127.95892
       5       139.25083
       6       135.50003
       7       147.45412
       8       130.22591
       9       126.13087
      10       119.91553
      11       126.38138
      12       128.10581
      13  1580.92
 
       1       23.656167
       2       19.257851
       3       21.406319
       4       23.774754
       5       25.374659
       6       25.987415
       7       26.442266
       8       24.868576
       9       20.932141
      10       19.487224
      11       21.161317
      12       21.039576
      13   273.39
 
       1       6.5197168
       2       5.8758173
       3       5.7836643
       4       5.8911840
       5       6.1799242
       6       6.3537153
       7       6.9283183
       8       6.0575890
       9       6.0989226
      10       5.4660657
      11       5.8012336
      12       5.7514533
      13     6.06
 
       1 0.0
       2 0.0
       3 0.0
       4 0.0
       5 0.0
       6 0.0
       7 0.0
       8 0.0
       9 0.0
      10 0.0
      11 0.0
      12 0.0
      13 0.0
 
       1     0.026639771
       2     0.024724299
       3     0.024303269
       4     0.024517757
       5     0.025603166
       6     0.025831607
       7     0.028308200
       8     0.024711577
       9     0.025693376
      10     0.023171408
      11     0.023872641
      12     0.023982388
      13   0.0251
 
       1       1.0000000
       2       1.0000000
       3       1.0000000
       4       1.0000000
       5       1.0000000
       6       1.0000000
       7       1.0000000
       8       1.0000000
       9       1.0000000
      10       1.0000000
      11       1.0000000
      12       1.0000000
      13   1.0000
 
       1       0.0000000
       2       0.0000000
       3       0.0000000
       4       0.0000000
       5       0.0000000
       6       0.0000000
       7       0.0000000
       8       0.0000000
       9       0.0000000
      10       0.0000000
      11       0.0000000
      12       0.0000000
      13   0.0000
 
       1      0.73703448
       2      0.71123115
       3      0.66738424
       4      0.63959960
       5      0.61370709
       6      0.60808898
       7      0.65231686
       8      0.65557105
       9      0.69250701
      10      0.70345332
      11      0.70278125
      12      0.74112676
      13   0.6771
 
