       1       157.01879
       2       144.77940
       3       189.80651
       4       166.04388
       5       192.41565
       6       196.20521
       7       223.94977
       8       187.69763
       9       147.85337
      10       130.81727
      11       192.44656
      12       203.34321
      13  2132.38
 
       1       105.79544
       2       95.227594
       3       121.61254
       4       105.86019
       5       117.10245
       6       113.33730
       7       123.39012
       8       108.68764
       9       92.507091
      10       84.972185
      11       127.42311
      12       135.88695
      13  1331.80
 
       1       14.693685
       2       13.109039
       3       16.779475
       4       14.675098
       5       14.502460
       6       13.778010
       7       14.301103
       8       13.036869
       9       11.928159
      10       11.300653
      11       16.696532
      12       17.965425
      13   172.77
 
       1       19.864747
       2       19.125014
       3       23.341200
       4       22.056781
       5       26.277814
       6       38.031489
       7       50.076534
       8       34.930002
       9       21.708972
      10       14.522209
      11       22.649739
      12       27.843626
      13   320.43
 
       1       15.452075
       2       15.742797
       3       20.245735
       4       22.527799
       5       28.847446
       6       31.672344
       7       39.005456
       8       35.175899
       9       27.594684
      10       21.770086
      11       25.270498
      12       24.449540
      13   307.75
 
       1       13.065655
       2       15.725241
       3       21.610400
       4       24.904869
       5       26.910522
       6       26.377381
       7       26.023670
       8       23.156719
       9       19.347962
      10       16.092721
      11       17.410821
      12       15.628563
      13    20.52
 
       1 0.0
       2 0.0
       3 0.0
       4 0.0
       5 0.0
       6 0.0
       7 0.0
       8 0.0
       9 0.0
      10 0.0
      11 0.0
      12 0.0
      13 0.0
 
       1     0.012731883
       2     0.015261866
       3     0.020685691
       4     0.023598803
       5     0.024961920
       6     0.024091348
       7     0.023576712
       8     0.021137380
       9     0.017805341
      10     0.014983686
      11     0.016861070
      12     0.015128355
      13   0.0192
 
       1      0.88439455
       2      0.88231975
       3      0.88253399
       4      0.88211658
       5      0.88028922
       6      0.87893517
       7      0.88285967
       8      0.88669156
       9      0.88366357
      10      0.88328810
      11      0.88490926
      12      0.88602503
      13   0.8832
 
       1    0.0016775897
       2    0.0020178846
       3    0.0027515714
       4    0.0031687747
       5    0.0033901755
       6    0.0032971433
       7    0.0032263179
       8    0.0028869115
       9    0.0024272054
      10    0.0020346528
      11    0.0022240330
      12    0.0019949207
      13   0.0026
 
       1      0.28334609
       2      0.30089454
       3      0.31449288
       4      0.32900255
       5      0.35420379
       6      0.36584977
       7      0.32606882
       8      0.30716552
       9      0.30041652
      10      0.30189289
      11      0.28124613
      12      0.26029004
      13   0.3104
 
