       1       196.10654
       2       208.19385
       3       178.00384
       4       235.55250
       5       190.05943
       6       212.05007
       7       235.93087
       8       190.22910
       9       136.70414
      10       128.14049
      11       112.86828
      12       115.15751
      13  2139.00
 
       1       134.29888
       2       138.26122
       3       117.90540
       4       146.22694
       5       120.25813
       6       123.47330
       7       130.91903
       8       109.89604
       9       85.120573
      10       85.746164
      11       76.133422
      12       79.396322
      13  1347.64
 
       1       18.872382
       2       18.408637
       3       17.231217
       4       17.354681
       5       15.951201
       6       14.219958
       7       14.514598
       8       12.922689
       9       10.632587
      10       11.200165
      11       9.8000775
      12       10.510020
      13   171.62
 
       1       24.805008
       2       20.378858
       3       24.005338
       4       28.967477
       5       28.168615
       6       40.953928
       7       46.543037
       8       32.809323
       9       19.438626
      10       14.487586
      11       13.743601
      12       14.057151
      13   308.36
 
       1       18.128717
       2       18.093491
       3       21.221347
       4       26.600734
       5       32.261193
       6       37.637660
       7       45.179630
       8       42.433144
       9       26.896772
      10       21.308961
      11       14.628970
      12       11.723710
      13   316.11
 
       1       15.510416
       2       20.096507
       3       22.120946
       4       32.235558
       5       30.822010
       6       32.257839
       7       31.146904
       8       24.248977
       9       18.018870
      10       15.523146
      11       12.211851
      12       9.7555336
      13    22.00
 
       1 0.0
       2 0.0
       3 0.0
       4 0.0
       5 0.0
       6 0.0
       7 0.0
       8 0.0
       9 0.0
      10 0.0
      11 0.0
      12 0.0
      13 0.0
 
       1     0.019538601
       2     0.025156041
       3     0.027604968
       4     0.039727170
       5     0.037965225
       6     0.038861571
       7     0.036885748
       8     0.028534644
       9     0.021194832
      10     0.018674284
      11     0.014801017
      12     0.012058405
      13   0.0268
 
       1      0.89839974
       2      0.89680779
       3      0.89724638
       4      0.89649084
       5      0.89587110
       6      0.89514638
       7      0.89696372
       8      0.90020669
       9      0.89717275
      10      0.89820002
      11      0.89879233
      12      0.89972355
      13   0.8976
 
       1    0.0022218905
       2    0.0028727856
       3    0.0031620078
       4    0.0045779283
       5    0.0043819757
       6    0.0045326075
       7    0.0043366891
       8    0.0033694272
       9    0.0025167088
      10    0.0021929808
      11    0.0017332346
      12    0.0013931922
      13   0.0031
 
       1      0.28537453
       2      0.29706415
       3      0.33767050
       4      0.36411880
       5      0.38819973
       6      0.41716450
       7      0.37517021
       8      0.33585379
       9      0.32631768
      10      0.31844316
      11      0.30486306
      12      0.29415019
      13   0.3370
 
