       1       134.58663
       2       105.99391
       3       130.55723
       4       150.54971
       5       174.85206
       6       132.39731
       7       157.19911
       8       115.64664
       9       118.53921
      10       85.444244
      11       102.39683
      12       128.78505
      13  1536.95
 
       1       92.719616
       2       72.404902
       3       82.103724
       4       95.866283
       5       107.47487
       6       79.846327
       7       86.053466
       8       66.682410
       9       75.439106
      10       56.051514
      11       70.605520
      12       89.618806
      13   974.87
 
       1       12.287802
       2       9.0789650
       3       9.4741460
       4       10.517264
       5       9.8805071
       6       7.8493313
       7       7.2796354
       8       6.6458025
       9       8.0900873
      10       6.3844176
      11       8.3189603
      12       11.422043
      13   107.23
 
       1       13.127699
       2       8.7594143
       3       11.791694
       4       14.341174
       5       16.824366
       6       13.739214
       7       16.990717
       8       14.032657
       9       11.051245
      10       6.0059043
      11       9.2143113
      12       14.512357
      13   150.39
 
       1       9.6686486
       2       10.862058
       3       12.282324
       4       16.241608
       5       20.182824
       6       18.118484
       7       22.205213
       8       23.133747
       9       24.283540
      10       14.467877
      11       14.250379
      12       14.945264
      13   200.64
 
       1       9.8395521
       2       10.669747
       3       12.808230
       4       19.313249
       5       26.269791
       6       22.075238
       7       20.723847
       8       16.312330
       9       16.440201
      10       9.2035447
      11       9.3320972
      12       9.3158940
      13    15.19
 
       1 0.0
       2 0.0
       3 0.0
       4 0.0
       5 0.0
       6 0.0
       7 0.0
       8 0.0
       9 0.0
      10 0.0
      11 0.0
      12 0.0
      13 0.0
 
       1      0.13571859
       2      0.14571733
       3      0.17302334
       4      0.25906199
       5      0.35210794
       6      0.29560958
       7      0.26816378
       8      0.21074385
       9      0.21324049
      10      0.11841423
      11      0.12443572
      12      0.12680768
      13   0.2019
 
       1      0.89119542
       2      0.88850826
       3      0.88943636
       4      0.88838292
       5      0.88837851
       6      0.88914962
       7      0.88896816
       8      0.88886532
       9      0.88876627
      10      0.88901416
      11      0.88990094
      12      0.88866595
      13   0.8891
 
       1     0.015527177
       2     0.016816845
       3     0.020005583
       4     0.030027375
       5     0.040888861
       6     0.034403736
       7     0.031717903
       8     0.025067079
       9     0.025268413
      10     0.014204812
      11     0.014584768
      12     0.014639802
      13   0.0236
 
       1      0.73455963
       2      0.68813985
       3      0.73997930
       4      0.83777761
       5      0.87860262
       6      0.87770457
       7      0.84341472
       8      0.82970465
       9      0.81195250
      10      0.69891417
      11      0.71025348
      12      0.67223274
      13   0.7769
 
