       1       163.52739
       2       140.82064
       3       167.57206
       4       136.23837
       5       159.32902
       6       151.38238
       7       138.90116
       8       119.70245
       9       140.84191
      10       84.727929
      11       82.239063
      12       79.941486
      13  1565.22
 
       1       109.36169
       2       93.303850
       3       104.57786
       4       87.776433
       5       96.600886
       6       89.241374
       7       78.535308
       8       68.766686
       9       88.579179
      10       55.550459
      11       58.246796
      12       56.465867
      13   987.01
 
       1       14.282067
       2       11.855618
       3       10.773345
       4       10.313129
       5       8.5690147
       6       7.3970708
       7       7.1476063
       8       6.6283289
       9       9.6280295
      10       6.6593742
      11       7.0600605
      12       6.8259105
      13   107.14
 
       1       15.937070
       2       12.408269
       3       11.723212
       4       12.772827
       5       11.677226
       6       16.769915
       7       17.857907
       8       15.391187
       9       11.890230
      10       7.6690462
      11       8.7401186
      12       6.9083769
      13   149.75
 
       1       15.845081
       2       13.674540
       3       11.791496
       4       18.481553
       5       15.988279
       6       19.093853
       7       23.753552
       8       23.413403
       9       32.589741
      10       15.612102
      11       10.691271
      12       8.5233274
      13   209.46
 
       1       11.197902
       2       12.271250
       3       15.061275
       4       18.269143
       5       21.959063
       6       25.550175
       7       18.610716
       8       15.462087
       9       18.382153
      10       9.2879604
      11       7.7857380
      12       6.2918270
      13    15.01
 
       1 0.0
       2 0.0
       3 0.0
       4 0.0
       5 0.0
       6 0.0
       7 0.0
       8 0.0
       9 0.0
      10 0.0
      11 0.0
      12 0.0
      13 0.0
 
       1      0.15524798
       2      0.16871772
       3      0.20205261
       4      0.24565609
       5      0.28901310
       6      0.34216662
       7      0.23902023
       8      0.19766424
       9      0.24194838
      10      0.11978630
      11      0.10275743
      12     0.084627520
      13   0.1991
 
       1      0.88997101
       2      0.88916934
       3      0.88989684
       4      0.89002340
       5      0.88848563
       6      0.88853611
       7      0.88942017
       8      0.88902796
       9      0.89010675
      10      0.88905089
      11      0.88923194
      12      0.88896975
      13   0.8893
 
       1     0.017680814
       2     0.019314186
       3     0.023431489
       4     0.028485670
       5     0.034007981
       6     0.039720176
       7     0.028389996
       8     0.023628576
       9     0.028342290
      10     0.014335257
      11     0.012141509
      12    0.0099087829
      13   0.0233
 
       1      0.74116766
       2      0.78767884
       3      0.77639341
       4      0.82319383
       5      0.82210413
       6      0.90643970
       7      0.85762063
       8      0.81034539
       9      0.83226395
      10      0.72457948
      11      0.69474303
      12      0.65004464
      13   0.7855
 
