       1       69.196368
       2       52.914878
       3       55.124063
       4       27.447587
       5       20.387604
       6       16.287828
       7       14.550428
       8       11.924601
       9       9.3580228
      10       39.289008
      11       49.797716
      12       52.451707
      13   418.73
 
       1       36.254401
       2       28.938741
       3       30.328276
       4       17.649255
       5       14.203672
       6       10.672350
       7       10.052127
       8       7.9213139
       9       6.1415328
      10       21.696705
      11       26.721609
      12       27.037866
      13   237.62
 
       1       6.0629342
       2       4.5111239
       3       4.5071213
       4       2.0174326
       5       1.2138104
       6      0.89589490
       7      0.74036930
       8      0.66004331
       9      0.60905225
      10       2.8321581
      11       4.0739673
      12       4.6965040
      13    32.82
 
       1       22.327518
       2       16.520680
       3       16.989184
       4       7.0686765
       5       5.1605183
       6       5.2851563
       7       4.4730805
       8       3.6423641
       9       2.5493180
      10       12.254678
      11       16.168893
      12       16.243472
      13   128.68
 
       1       3.9504973
       2       2.4678827
       3       2.5252598
       4       1.2941409
       5       1.3286809
       6       1.3785376
       7       1.1352448
       8       1.0958179
       9      0.63102713
      10       2.1134724
      11       2.4500245
      12       3.0311118
      13    23.40
 
       1      0.92957155
       2      0.77024770
       3      0.70496038
       4      0.34789379
       5      0.22243142
       6      0.18438582
       7      0.14265267
       8      0.11731803
       9      0.10797841
      10      0.42821150
      11      0.64237242
      12      0.73812571
      13     0.44
 
       1 0.0
       2 0.0
       3 0.0
       4 0.0
       5 0.0
       6 0.0
       7 0.0
       8 0.0
       9 0.0
      10 0.0
      11 0.0
      12 0.0
      13 0.0
 
       1     0.024237416
       2     0.021018393
       3     0.019071711
       4    0.0097762945
       5    0.0065371917
       6    0.0051541184
       7    0.0041893153
       8    0.0034480240
       9    0.0032337525
      10     0.011179905
      11     0.016809328
      12     0.019498336
      13   0.0120
 
       1       1.0000000
       2       1.0000000
       3       1.0000000
       4       1.0000000
       5       1.0000000
       6       1.0000000
       7       1.0000000
       8       1.0000000
       9       1.0000000
      10       1.0000000
      11       1.0000000
      12       1.0000000
      13   1.0000
 
       1       0.0000000
       2       0.0000000
       3       0.0000000
       4       0.0000000
       5       0.0000000
       6       0.0000000
       7       0.0000000
       8       0.0000000
       9       0.0000000
      10       0.0000000
      11       0.0000000
      12       0.0000000
      13   0.0000
 
       1      0.67340022
       2      0.64293856
       3      0.54766476
       4      0.42886405
       5      0.33384365
       6      0.31981396
       7      0.41190049
       8      0.49590511
       9      0.47810323
      10      0.56639340
      11      0.59554885
      12      0.65894152
      13   0.5128
 
