       1       150.32639
       2       191.66583
       3       151.42658
       4       141.00967
       5       164.01777
       6       118.59913
       7       110.75344
       8       117.68409
       9       109.58320
      10       68.028828
      11       104.93313
      12       105.62956
      13  1533.66
 
       1       100.97672
       2       124.36597
       3       96.706828
       4       88.531724
       5       103.60971
       6       73.089161
       7       63.818778
       8       68.506875
       9       68.899399
      10       45.827605
      11       70.436828
      12       73.983070
      13   978.75
 
       1       12.676285
       2       16.836929
       3       11.657326
       4       10.098408
       5       12.457268
       6       8.3454409
       7       6.6649531
       8       7.1237339
       9       8.1703895
      10       6.1824025
      11       8.3069498
      12       9.5993305
      13   118.12
 
       1       14.501262
       2       21.541709
       3       12.868624
       4       12.818437
       5       18.541273
       6       16.615400
       7       13.436066
       8       13.751299
       9       12.499726
      10       7.1980687
      11       8.2776240
      12       11.668314
      13   163.72
 
       1       13.131384
       2       17.188911
       3       15.091352
       4       15.037343
       5       20.718683
       6       17.052815
       7       17.982965
       8       22.059350
       9       22.506994
      10       15.098966
      11       12.803190
      12       10.360193
      13   199.03
 
       1       11.109158
       2       18.367165
       3       15.986057
       4       18.126468
       5       24.188420
       6       18.188291
       7       14.184909
       8       14.723061
       9       14.221096
      10       8.6358413
      11       9.7051222
      12       8.5453793
      13    14.67
 
       1 0.0
       2 0.0
       3 0.0
       4 0.0
       5 0.0
       6 0.0
       7 0.0
       8 0.0
       9 0.0
      10 0.0
      11 0.0
      12 0.0
      13 0.0
 
       1      0.11892215
       2      0.19881882
       3      0.16844066
       4      0.18825464
       5      0.25212469
       6      0.18502148
       7      0.13973278
       8      0.14513139
       9      0.14199867
      10     0.085875074
      11     0.099859832
      12     0.091325283
      13   0.1513
 
       1      0.87260752
       2      0.87450945
       3      0.87513388
       4      0.87266348
       5      0.87182989
       6      0.87172388
       7      0.87104458
       8      0.87186319
       9      0.87220374
      10      0.87260940
      11      0.87482067
      12      0.87437109
      13   0.8729
 
       1     0.015687938
       2     0.025911340
       3     0.022473772
       4     0.025295038
       5     0.033747517
       6     0.025184823
       7     0.019409751
       8     0.020123758
       9     0.019568240
      10     0.011956293
      11     0.013556960
      12     0.012114307
      13   0.0204
 
       1      0.70863561
       2      0.72519607
       3      0.74345601
       4      0.77791266
       5      0.85040667
       6      0.79665282
       7      0.75524962
       8      0.78483404
       9      0.78516820
      10      0.70126905
      11      0.65962538
      12      0.71103127
      13   0.7500
 
