       1       62.697770
       2       56.834326
       3       45.673920
       4       33.722670
       5       26.117202
       6       17.207209
       7       18.326154
       8       10.414415
       9       10.321937
      10       31.321277
      11       57.628508
      12       67.049315
      13   437.31
 
       1       33.063398
       2       31.045132
       3       26.377222
       4       20.928392
       5       16.987980
       6       11.381925
       7       11.939023
       8       6.8331707
       9       6.9311229
      10       17.449658
      11       29.878832
      12       34.862716
      13   247.68
 
       1       5.4299813
       2       4.7497633
       3       3.8251558
       4       2.3075681
       5       1.6343361
       6       1.0216686
       7      0.95573498
       8      0.60161282
       9      0.64251660
      10       2.3623002
      11       4.5993826
      12       5.8711567
      13    34.00
 
       1       20.835763
       2       16.649192
       3       14.063025
       4       9.1789038
       5       6.9429839
       6       5.5320085
       7       5.6955581
       8       3.1235481
       9       2.6049013
      10       10.195158
      11       17.727237
      12       22.902442
      13   135.45
 
       1       3.4687536
       2       2.5387437
       3       2.6173328
       4       1.7047402
       5       1.3552159
       6       1.3719418
       7       1.5021651
       8      0.99831025
       9      0.65475158
      10       1.8653517
      11       2.7499234
      12       3.1635689
      13    23.99
 
       1      0.87533364
       2      0.79640026
       3      0.65131563
       4      0.40693736
       5      0.28248437
       6      0.20847389
       7      0.18113270
       8      0.10883796
       9      0.11150579
      10      0.38012470
      11      0.69299501
      12      0.88321148
      13     0.46
 
       1 0.0
       2 0.0
       3 0.0
       4 0.0
       5 0.0
       6 0.0
       7 0.0
       8 0.0
       9 0.0
      10 0.0
      11 0.0
      12 0.0
      13 0.0
 
       1     0.022727532
       2     0.022261401
       3     0.018062487
       4     0.011254484
       5    0.0082001266
       6    0.0059138379
       7    0.0052075408
       8    0.0031941579
       9    0.0033833314
      10     0.010114443
      11     0.017898947
      12     0.022642060
      13   0.0126
 
       1       1.0000000
       2       1.0000000
       3       1.0000000
       4       1.0000000
       5       1.0000000
       6       1.0000000
       7       1.0000000
       8       1.0000000
       9       1.0000000
      10       1.0000000
      11       1.0000000
      12       1.0000000
      13   1.0000
 
       1       0.0000000
       2       0.0000000
       3       0.0000000
       4       0.0000000
       5       0.0000000
       6       0.0000000
       7       0.0000000
       8       0.0000000
       9       0.0000000
      10       0.0000000
      11       0.0000000
      12       0.0000000
      13   0.0000
 
       1      0.71118285
       2      0.64640414
       3      0.58398130
       4      0.48228523
       5      0.37359656
       6      0.37426222
       7      0.45255088
       8      0.52888939
       9      0.48988983
      10      0.58997987
      11      0.64403220
      12      0.64483594
      13   0.5435
 
