       1       114.40729
       2       100.73321
       3       109.10514
       4       168.29579
       5       155.48634
       6       127.60473
       7       139.05593
       8       129.20235
       9       102.63344
      10       64.301972
      11       75.632161
      12       106.28949
      13  1392.75
 
       1       79.454353
       2       68.431728
       3       66.541150
       4       105.40866
       5       95.620564
       6       77.984831
       7       77.231726
       8       72.359138
       9       66.883244
      10       42.497721
      11       53.402769
      12       75.538711
      13   881.35
 
       1       9.8153487
       2       8.4531771
       3       6.5940384
       4       9.8058447
       5       8.2614987
       6       7.0189564
       7       6.6425139
       8       6.5400913
       9       7.3516501
      10       4.9732916
      11       6.3902815
      12       9.1668779
      13    91.01
 
       1       10.407456
       2       8.6191961
       3       6.6639605
       4       12.190930
       5       12.148097
       6       11.612042
       7       17.112607
       8       12.594335
       9       10.302655
      10       4.8184420
      11       6.7891832
      12       8.9492855
      13   122.21
 
       1       10.306655
       2       9.6263306
       3       8.5036994
       4       15.320754
       5       18.259966
       6       16.089250
       7       22.191391
       8       21.930835
       9       21.663894
      10       10.562226
      11       10.348314
      12       13.361598
      13   178.16
 
       1       8.3093378
       2       9.9951617
       3       9.4390972
       4       21.389006
       5       22.422210
       6       21.056799
       7       18.510101
       8       15.168014
       9       15.162868
      10       7.1222719
      11       7.8285720
      12       7.7344535
      13    13.68
 
       1 0.0
       2 0.0
       3 0.0
       4 0.0
       5 0.0
       6 0.0
       7 0.0
       8 0.0
       9 0.0
      10 0.0
      11 0.0
      12 0.0
      13 0.0
 
       1      0.11094196
       2      0.13411728
       3      0.11970344
       4      0.28486166
       5      0.29665715
       6      0.27668188
       7      0.23438312
       8      0.18922406
       9      0.19457703
      10     0.088891023
      11      0.10130789
      12      0.10365375
      13   0.1779
 
       1      0.85279750
       2      0.85260053
       3      0.85178336
       4      0.85410345
       5      0.85342086
       6      0.85294310
       7      0.85197948
       8      0.85127073
       9      0.85210985
      10      0.85226914
      11      0.85414916
      12      0.85369923
      13   0.8528
 
       1     0.016993810
       2     0.020474840
       3     0.018813158
       4     0.043410069
       5     0.045547185
       6     0.042612162
       7     0.036666645
       8     0.029875985
       9     0.030315659
      10     0.014223623
      11     0.015844367
      12     0.015886885
      13   0.0276
 
       1      0.68167461
       2      0.68409653
       3      0.67261929
       4      0.78737205
       5      0.84423395
       6      0.84681357
       7      0.86228648
       8      0.84093690
       9      0.82817487
      10      0.65447210
      11      0.63125591
      12      0.68520970
      13   0.7516
 
