       1       431.99151
       2       434.03857
       3       472.99133
       4       464.05794
       5       515.24550
       6       473.21262
       7       542.16915
       8       510.89899
       9       485.24752
      10       448.80864
      11       448.20800
      12       450.77498
      13  5677.64
 
       1       260.94186
       2       262.17141
       3       293.39965
       4       286.66311
       5       315.60873
       6       287.91825
       7       332.43956
       8       311.20084
       9       300.80481
      10       281.21699
      11       278.39688
      12       276.14963
      13  3486.91
 
       1       33.655925
       2       33.151429
       3       36.143756
       4       34.674357
       5       39.201975
       6       35.496676
       7       41.212461
       8       39.053715
       9       37.514405
      10       33.362706
      11       33.359957
      12       33.688944
      13   430.52
 
       1       118.91851
       2       120.10513
       3       122.33683
       4       120.30420
       5       133.62105
       6       127.93312
       7       144.25376
       8       136.72180
       9       126.89696
      10       114.12262
      11       117.07317
      12       120.61359
      13  1502.90
 
       1       19.769001
       2       18.285398
       3       20.707934
       4       22.248456
       5       24.826772
       6       23.522137
       7       23.445849
       8       23.933229
       9       21.106694
      10       20.131636
      11       19.829869
      12       19.768694
      13   257.58
 
       1       5.3823300
       2       5.8400321
       3       5.7249389
       4       5.4859480
       5       6.1657195
       6       6.0375113
       7       6.7647560
       8       6.4527152
       9       6.2185975
      10       5.2562231
      11       5.4161605
      12       5.3631598
      13     5.84
 
       1 0.0
       2 0.0
       3 0.0
       4 0.0
       5 0.0
       6 0.0
       7 0.0
       8 0.0
       9 0.0
      10 0.0
      11 0.0
      12 0.0
      13 0.0
 
       1     0.022141551
       2     0.023944069
       3     0.024058040
       4     0.023021255
       5     0.025352860
       6     0.024472131
       7     0.027860667
       8     0.026365575
       9     0.025801479
      10     0.022246386
      11     0.022688638
      12     0.022361354
      13   0.0242
 
       1       1.0000000
       2       1.0000000
       3       1.0000000
       4       1.0000000
       5       1.0000000
       6       1.0000000
       7       1.0000000
       8       1.0000000
       9       1.0000000
      10       1.0000000
      11       1.0000000
      12       1.0000000
      13   1.0000
 
       1       0.0000000
       2       0.0000000
       3       0.0000000
       4       0.0000000
       5       0.0000000
       6       0.0000000
       7       0.0000000
       8       0.0000000
       9       0.0000000
      10       0.0000000
      11       0.0000000
      12       0.0000000
      13   0.0000
 
       1      0.68866020
       2      0.69602586
       3      0.65713038
       4      0.61392069
       5      0.62411241
       6      0.60296498
       7      0.61911918
       8      0.64619451
       9      0.66389961
      10      0.68296215
      11      0.69873309
      12      0.70262602
      13   0.6580
 
