       1       220.04218
       2       211.75860
       3       216.13861
       4       244.20298
       5       214.28711
       6       232.36300
       7       236.77955
       8       204.10106
       9       170.56399
      10       109.93664
      11       107.80799
      12       120.59534
      13  2288.58
 
       1       146.21916
       2       137.77406
       3       142.04368
       4       156.47941
       5       130.57388
       6       136.57171
       7       129.55425
       8       117.33005
       9       107.86230
      10       73.846136
      11       73.255628
      12       82.345198
      13  1433.86
 
       1       19.369253
       2       18.345733
       3       19.637586
       4       19.757378
       5       15.773540
       6       16.189819
       7       14.437689
       8       13.699282
       9       13.632720
      10       10.162099
      11       9.5546997
      12       10.453854
      13   181.01
 
       1       25.963589
       2       22.242146
       3       29.791234
       4       31.816595
       5       29.566372
       6       44.293919
       7       53.280161
       8       34.736505
       9       24.045048
      10       13.999394
      11       14.022359
      12       15.390148
      13   339.15
 
       1       23.651557
       2       21.130157
       3       27.988627
       4       31.373103
       5       30.079221
       6       44.163111
       7       43.611689
       8       41.996358
       9       33.696296
      10       17.167024
      11       13.603702
      12       12.957774
      13   341.42
 
       1       16.889764
       2       21.772167
       3       28.158082
       4       37.980297
       5       33.466654
       6       37.792169
       7       29.624569
       8       27.100596
       9       22.850953
      10       14.306604
      11       11.651192
      12       10.693924
      13    24.36
 
       1 0.0
       2 0.0
       3 0.0
       4 0.0
       5 0.0
       6 0.0
       7 0.0
       8 0.0
       9 0.0
      10 0.0
      11 0.0
      12 0.0
      13 0.0
 
       1     0.016543164
       2     0.021754713
       3     0.028186734
       4     0.037555122
       5     0.032301046
       6     0.036139133
       7     0.027341709
       8     0.025175419
       9     0.021408755
      10     0.013371289
      11     0.011069241
      12     0.010267626
      13   0.0234
 
       1      0.88291450
       2      0.88386930
       3      0.88358064
       4      0.88499628
       5      0.88310563
       6      0.88062175
       7      0.88372409
       8      0.88500884
       9      0.88394080
      10      0.88296827
      11      0.88508715
      12      0.88603685
      13   0.8838
 
       1    0.0021661510
       2    0.0028143948
       3    0.0036416482
       4    0.0048845273
       5    0.0042774007
       6    0.0047967806
       7    0.0037010116
       8    0.0033991676
       9    0.0028816750
      10    0.0018175016
      11    0.0014904273
      12    0.0013698010
      13   0.0031
 
       1      0.28308448
       2      0.30285541
       3      0.33520919
       4      0.35804048
       5      0.36741686
       6      0.39534073
       7      0.35197097
       8      0.32367966
       9      0.31027515
      10      0.29022356
      11      0.28286218
      12      0.26596861
      13   0.3222
 
