       1       143.52238
       2       148.10157
       3       138.91826
       4       154.14724
       5       145.59336
       6       117.10872
       7       117.91449
       8       107.68605
       9       88.933692
      10       121.91106
      11       100.85377
      12       114.44753
      13  1499.14
 
       1       94.166984
       2       97.751889
       3       84.095261
       4       95.101247
       5       90.931099
       6       72.148712
       7       66.666369
       8       63.350120
       9       57.150611
      10       80.767850
      11       67.836487
      12       77.495290
      13   947.46
 
       1       11.086228
       2       12.781912
       3       8.9540034
       4       10.672405
       5       9.9574534
       6       8.5501117
       7       6.7701451
       8       6.7628141
       9       6.9262042
      10       9.9881546
      11       8.0490222
      12       8.5957411
      13   109.09
 
       1       12.479209
       2       14.978591
       3       10.453051
       4       13.468193
       5       12.968593
       6       15.132830
       7       15.764834
       8       14.046732
       9       10.126199
      10       10.652557
      11       10.098206
      12       8.7503227
      13   148.92
 
       1       13.933194
       2       12.058662
       3       13.987979
       4       14.879313
       5       17.022203
       6       16.101966
       7       17.426025
       8       19.027104
       9       17.744083
      10       23.470248
      11       14.745127
      12       10.193807
      13   190.59
 
       1       9.4343610
       2       13.298287
       3       12.869175
       4       18.900091
       5       20.626538
       6       17.186859
       7       14.284350
       8       13.333117
       9       11.598654
      10       13.946898
      11       9.8486280
      12       8.3149480
      13    13.64
 
       1 0.0
       2 0.0
       3 0.0
       4 0.0
       5 0.0
       6 0.0
       7 0.0
       8 0.0
       9 0.0
      10 0.0
      11 0.0
      12 0.0
      13 0.0
 
       1      0.10035635
       2      0.14206084
       3      0.13288248
       4      0.19593062
       5      0.21211698
       6      0.17427697
       7      0.14043458
       8      0.13057592
       9      0.11433076
      10      0.14164678
      11      0.10209560
      12     0.087778316
      13   0.1395
 
       1      0.87237996
       2      0.87305273
       3      0.87461200
       4      0.87337376
       5      0.87177685
       6      0.87030206
       7      0.87201282
       8      0.87231284
       9      0.87084726
      10      0.87174059
      11      0.87291916
      12      0.87420945
      13   0.8725
 
       1     0.013303685
       2     0.018735034
       3     0.017898951
       4     0.026325416
       5     0.028690656
       6     0.023806342
       7     0.019484919
       8     0.018172976
       9     0.015931464
      10     0.019351333
      11     0.013805949
      12     0.011726741
      13   0.0189
 
       1      0.70050178
       2      0.74155178
       3      0.64873598
       4      0.79207684
       5      0.80057712
       6      0.82748360
       7      0.76856820
       8      0.75007832
       9      0.74597638
      10      0.75340672
      11      0.69376661
      12      0.67848136
      13   0.7418
 
