       1       494.64574
       2       402.22179
       3       512.68289
       4       491.75466
       5       493.54538
       6       478.89130
       7       517.41494
       8       508.35484
       9       488.72872
      10       447.43055
      11       471.16994
      12       474.58977
      13  5781.43
 
       1       298.62356
       2       246.65981
       3       312.89996
       4       300.58903
       5       302.54615
       6       291.26193
       7       311.16544
       8       309.23943
       9       297.51761
      10       277.29125
      11       288.83540
      12       286.89106
      13  3523.52
 
       1       37.990691
       2       31.267988
       3       38.996771
       4       36.994428
       5       37.150860
       6       35.900476
       7       39.744446
       8       38.998267
       9       37.964465
      10       33.765546
      11       35.472087
      12       36.572783
      13   440.82
 
       1       136.89819
       2       107.74707
       3       136.57529
       4       132.09678
       5       128.14378
       6       127.86174
       7       140.59235
       8       134.87247
       9       129.25677
      10       117.53717
      11       126.48501
      12       130.27488
      13  1548.34
 
       1       22.340787
       2       17.034103
       3       23.103499
       4       23.581064
       5       24.181777
       6       25.156555
       7       25.716503
       8       24.640688
       9       23.524003
      10       19.866944
      11       20.421529
      12       21.123413
      13   270.69
 
       1       6.1717614
       2       5.4462811
       3       6.2527101
       4       5.9635431
       5       5.9371304
       6       6.1227085
       7       6.5552178
       8       6.2814361
       9       6.2692385
      10       5.4122679
      11       5.8025573
      12       5.8510576
      13     6.01
 
       1 0.0
       2 0.0
       3 0.0
       4 0.0
       5 0.0
       6 0.0
       7 0.0
       8 0.0
       9 0.0
      10 0.0
      11 0.0
      12 0.0
      13 0.0
 
       1     0.025310048
       2     0.022995516
       3     0.025868874
       4     0.024734973
       5     0.024389711
       6     0.024720586
       7     0.026493911
       8     0.025783624
       9     0.025705555
      10     0.022364516
      11     0.024135256
      12     0.024006407
      13   0.0247
 
       1       1.0000000
       2       1.0000000
       3       1.0000000
       4       1.0000000
       5       1.0000000
       6       1.0000000
       7       1.0000000
       8       1.0000000
       9       1.0000000
      10       1.0000000
      11       1.0000000
      12       1.0000000
      13   1.0000
 
       1       0.0000000
       2       0.0000000
       3       0.0000000
       4       0.0000000
       5       0.0000000
       6       0.0000000
       7       0.0000000
       8       0.0000000
       9       0.0000000
      10       0.0000000
      11       0.0000000
      12       0.0000000
      13   0.0000
 
       1      0.70145310
       2      0.69564787
       3      0.65840229
       4      0.62367003
       5      0.59433556
       6      0.58676655
       7      0.63377340
       8      0.65975610
       9      0.67940900
      10      0.68257230
      11      0.69321796
      12      0.69396346
      13   0.6586
 
