       1       441.28048
       2       425.93552
       3       485.99980
       4       476.55502
       5       491.27559
       6       468.11264
       7       512.56655
       8       504.33519
       9       445.57063
      10       459.63118
      11       468.98760
      12       477.14235
      13  5657.39
 
       1       266.82092
       2       255.86843
       3       299.23329
       4       292.46408
       5       301.55790
       6       286.68285
       7       309.72916
       8       304.72435
       9       276.76224
      10       287.72277
      11       290.27660
      12       293.10896
      13  3464.95
 
       1       34.280599
       2       33.193761
       3       37.317372
       4       35.269061
       5       36.613496
       6       35.559019
       7       38.577334
       8       39.671137
       9       34.462841
      10       34.838893
      11       35.178631
      12       35.404956
      13   430.37
 
       1       121.65624
       2       115.01545
       3       129.23839
       4       126.27305
       5       127.70403
       6       122.71824
       7       139.89262
       8       135.90312
       9       113.57138
      10       118.86774
      11       122.55781
      12       128.13635
      13  1501.53
 
       1       21.501846
       2       19.984193
       3       21.385625
       4       21.754791
       5       24.934627
       6       23.452371
       7       23.861079
       8       24.654348
       9       19.439318
      10       20.586772
      11       19.497084
      12       20.643429
      13   261.70
 
       1       5.5138711
       2       5.7629874
       3       5.8407725
       4       5.6850832
       5       5.8304842
       6       5.9508082
       7       6.3702611
       8       6.4133538
       9       5.6550442
      10       5.5483671
      11       5.7864819
      12       5.8013628
      13     5.85
 
       1 0.0
       2 0.0
       3 0.0
       4 0.0
       5 0.0
       6 0.0
       7 0.0
       8 0.0
       9 0.0
      10 0.0
      11 0.0
      12 0.0
      13 0.0
 
       1     0.022588961
       2     0.023348697
       3     0.024219723
       4     0.023547545
       5     0.023991922
       6     0.024298886
       7     0.025821216
       8     0.025905103
       9     0.023682430
      10     0.023554250
      11     0.024076272
      12     0.024105638
      13   0.0241
 
       1       1.0000000
       2       1.0000000
       3       1.0000000
       4       1.0000000
       5       1.0000000
       6       1.0000000
       7       1.0000000
       8       1.0000000
       9       1.0000000
      10       1.0000000
      11       1.0000000
      12       1.0000000
      13   1.0000
 
       1       0.0000000
       2       0.0000000
       3       0.0000000
       4       0.0000000
       5       0.0000000
       6       0.0000000
       7       0.0000000
       8       0.0000000
       9       0.0000000
      10       0.0000000
      11       0.0000000
      12       0.0000000
      13   0.0000
 
       1      0.73047919
       2      0.68830902
       3      0.69016096
       4      0.65241996
       5      0.60992541
       6      0.59271426
       7      0.65343107
       8      0.67388038
       9      0.67926469
      10      0.69463061
      11      0.71316363
      12      0.72799141
      13   0.6755
 
