       1       151.99418
       2       163.99340
       3       199.97979
       4       118.88839
       5       152.84053
       6       125.61214
       7       144.24095
       8       121.73111
       9       101.26432
      10       98.884629
      11       85.620027
      12       163.89039
      13  1628.94
 
       1       104.15863
       2       109.41524
       3       132.14830
       4       73.087179
       5       96.645085
       6       77.083872
       7       80.992500
       8       72.372888
       9       63.091796
      10       66.244510
      11       57.495882
      12       110.85165
      13  1043.59
 
       1       12.848545
       2       13.870619
       3       16.343298
       4       7.3077908
       5       8.6860604
       6       6.9032375
       7       6.7861180
       8       6.9317505
       9       6.7622730
      10       7.3765055
      11       6.3793849
      12       13.274590
      13   113.47
 
       1       14.077751
       2       16.698302
       3       20.428561
       4       7.8578540
       5       11.777211
       6       11.305899
       7       14.576342
       8       14.304107
       9       10.236789
      10       7.6432749
      11       7.2689906
      12       16.627096
      13   152.80
 
       1       11.608866
       2       13.224772
       3       22.415023
       4       11.293515
       5       15.970831
       6       16.049215
       7       21.658044
       8       24.384949
       9       20.394610
      10       18.585279
      11       10.423322
      12       17.057021
      13   203.07
 
       1       10.578951
       2       14.365519
       3       20.504096
       4       12.829159
       5       21.834257
       6       21.752526
       7       19.548790
       8       17.085306
       9       13.693188
      10       11.378790
      11       7.8754089
      12       10.894438
      13    15.20
 
       1 0.0
       2 0.0
       3 0.0
       4 0.0
       5 0.0
       6 0.0
       7 0.0
       8 0.0
       9 0.0
      10 0.0
      11 0.0
      12 0.0
      13 0.0
 
       1      0.11497938
       2      0.15516559
       3      0.22559998
       4      0.13190949
       5      0.22998716
       6      0.22875610
       7      0.20166787
       8      0.17344267
       9      0.13922859
      10      0.11629013
      11     0.081443153
      12      0.11676916
      13   0.1596
 
       1      0.83066408
       2      0.83126968
       3      0.83308764
       4      0.83149722
       5      0.83210169
       6      0.83101117
       7      0.83251426
       8      0.83037101
       9      0.83047908
      10      0.83103328
      11      0.83211708
      12      0.83019338
      13   0.8314
 
       1     0.019884154
       2     0.026857380
       3     0.038568701
       4     0.023584058
       5     0.040491399
       6     0.040334864
       7     0.035859340
       8     0.031149745
       9     0.025096426
      10     0.020937760
      11     0.014615909
      12     0.020318017
      13   0.0281
 
       1      0.68847401
       2      0.76749499
       3      0.84363309
       4      0.71289905
       5      0.80932888
       6      0.85029385
       7      0.83588920
       8      0.83544861
       9      0.82040368
      10      0.72554201
      11      0.68335285
      12      0.68650514
      13   0.7716
 
