       1       72.047622
       2       161.63574
       3       134.67993
       4       149.75171
       5       166.52838
       6       132.07329
       7       132.28297
       8       129.12435
       9       118.12789
      10       99.081356
      11       150.39736
      12       163.79678
      13  1609.53
 
       1       50.164717
       2       103.51305
       3       86.100257
       4       91.560159
       5       104.51394
       6       78.229972
       7       73.372676
       8       73.581704
       9       72.155087
      10       67.317048
      11       101.32311
      12       110.16820
      13  1012.00
 
       1       6.3506846
       2       12.782371
       3       10.407574
       4       9.4976074
       5       9.9507670
       6       7.4891657
       7       6.8010290
       8       7.3509573
       9       7.8600121
      10       8.4825925
      11       11.400488
      12       13.799170
      13   112.17
 
       1       6.5793478
       2       13.940634
       3       11.385716
       4       12.625119
       5       15.082613
       6       13.422849
       7       16.491177
       8       16.394813
       9       10.048606
      10       9.8614697
      11       13.387034
      12       19.209475
      13   158.43
 
       1       5.8942332
       2       11.570722
       3       13.882411
       4       15.050984
       5       19.425180
       6       15.542936
       7       22.142634
       8       25.596522
       9       25.450340
      10       19.419288
      11       18.267303
      12       17.912468
      13   210.16
 
       1       5.5199802
       2       13.557143
       3       13.610621
       4       17.278264
       5       26.278203
       6       20.525610
       7       17.098367
       8       17.050293
       9       14.659557
      10       12.682290
      11       12.796584
      12       10.750887
      13    15.15
 
       1 0.0
       2 0.0
       3 0.0
       4 0.0
       5 0.0
       6 0.0
       7 0.0
       8 0.0
       9 0.0
      10 0.0
      11 0.0
      12 0.0
      13 0.0
 
       1     0.057073971
       2      0.14577335
       3      0.14421686
       4      0.17978576
       5      0.27792213
       6      0.21153504
       7      0.17093586
       8      0.17122894
       9      0.14585692
      10      0.13054987
      11      0.13545488
      12      0.11522862
      13   0.1571
 
       1      0.87315310
       2      0.87235137
       3      0.87392448
       4      0.87293235
       5      0.87387378
       6      0.87143294
       7      0.87346182
       8      0.87214807
       9      0.87168491
      10      0.87390241
      11      0.87464094
      12      0.87368215
      13   0.8731
 
       1    0.0077692780
       2     0.019091962
       3     0.019129210
       4     0.024102735
       5     0.036896640
       6     0.028580156
       7     0.023460803
       8     0.023465589
       9     0.020150738
      10     0.017721502
      11     0.018000292
      12     0.015169684
      13   0.0211
 
       1      0.63182301
       2      0.70764755
       3      0.71052815
       4      0.79687100
       5      0.84714979
       6      0.86354866
       7      0.80770373
       8      0.82775779
       9      0.79097205
      10      0.73735159
      11      0.73120064
      12      0.67999128
      13   0.7610
 
