       1       172.53086
       2       152.47259
       3       182.35583
       4       170.22026
       5       228.64432
       6       259.25922
       7       226.08107
       8       182.15498
       9       137.25553
      10       123.36653
      11       156.26915
      12       162.60568
      13  2153.22
 
       1       117.92280
       2       102.45996
       3       118.06861
       4       108.15480
       5       138.58766
       6       151.41086
       7       123.95996
       8       105.94743
       9       86.258282
      10       80.830092
      11       102.24470
      12       111.92404
      13  1347.77
 
       1       17.016369
       2       14.744369
       3       16.496249
       4       14.999279
       5       17.753515
       6       18.775862
       7       14.252138
       8       12.925333
       9       11.165727
      10       10.973931
      11       12.495020
      12       15.753381
      13   177.35
 
       1       23.560954
       2       17.531459
       3       21.484653
       4       22.728029
       5       29.627515
       6       53.936918
       7       47.557125
       8       34.610069
       9       18.598532
      10       15.541672
      11       15.940535
      12       24.750177
      13   325.87
 
       1       13.960737
       2       14.757933
       3       21.222742
       4       22.422019
       5       31.242908
       6       47.218541
       7       38.384443
       8       36.369456
       9       23.012608
      10       21.383595
      11       15.159643
      12       19.569155
      13   304.70
 
       1       14.035131
       2       15.659156
       3       21.370931
       4       24.552438
       5       33.103957
       6       36.663769
       7       26.439972
       8       21.994855
       9       17.580153
      10       14.472411
      11       14.652057
      12       14.359705
      13    21.24
 
       1 0.0
       2 0.0
       3 0.0
       4 0.0
       5 0.0
       6 0.0
       7 0.0
       8 0.0
       9 0.0
      10 0.0
      11 0.0
      12 0.0
      13 0.0
 
       1     0.013634014
       2     0.015069162
       3     0.020437951
       4     0.023331421
       5     0.031494264
       6     0.034725879
       7     0.023995733
       8     0.019858277
       9     0.015934002
      10     0.013359305
      11     0.013971676
      12     0.014098751
      13   0.0200
 
       1      0.88458571
       2      0.88211012
       3      0.88109340
       4      0.88187996
       5      0.88175191
       6      0.88236666
       7      0.88416657
       8      0.88423848
       9      0.88243180
      10      0.88309297
      11      0.88399191
      12      0.88619606
      13   0.8832
 
       1    0.0017990880
       2    0.0020014266
       3    0.0027248939
       4    0.0031261648
       5    0.0042014907
       6    0.0046204874
       7    0.0032799607
       8    0.0027332212
       9    0.0022002294
      10    0.0018265767
      11    0.0018686471
      12    0.0018465176
      13   0.0027
 
       1      0.26177407
       2      0.27763748
       3      0.30530548
       4      0.34086189
       5      0.36836870
       6      0.39467327
       7      0.33178023
       8      0.30641807
       9      0.29601905
      10      0.29862269
      11      0.28670968
      12      0.27182286
      13   0.3117
 
