       1       133.09033
       2       153.73890
       3       161.14789
       4       146.33330
       5       110.59422
       6       110.35129
       7       120.38016
       8       113.69277
       9       127.41159
      10       83.955682
      11       91.355064
      12       89.702015
      13  1441.75
 
       1       92.642564
       2       101.69086
       3       107.93520
       4       89.230934
       5       70.431085
       6       67.199132
       7       68.973784
       8       66.739394
       9       81.063402
      10       56.028791
      11       63.056772
      12       63.981105
      13   928.97
 
       1       12.552893
       2       12.431193
       3       14.177679
       4       8.7190379
       5       8.5375607
       6       7.0623574
       7       6.6140568
       8       6.8581107
       9       9.7634343
      10       7.0314899
      11       7.1033038
      12       7.9893921
      13   108.84
 
       1       14.802889
       2       13.409104
       3       16.135049
       4       9.7523083
       5       12.723994
       6       12.209605
       7       16.295882
       8       13.836964
       9       12.979949
      10       8.4188021
      11       7.0061735
      12       8.9793529
      13   146.55
 
       1       11.220731
       2       12.239115
       3       14.003458
       4       12.985515
       5       16.840496
       6       13.014063
       7       18.977298
       8       20.925713
       9       24.376056
      10       15.423497
      11       11.940104
      12       8.9307684
      13   180.88
 
       1       10.076684
       2       15.031164
       3       18.129893
       4       16.139681
       5       16.310934
       6       15.202070
       7       15.648275
       8       14.661782
       9       16.264527
      10       9.4195647
      11       8.1919677
      12       7.1442873
      13    13.52
 
       1 0.0
       2 0.0
       3 0.0
       4 0.0
       5 0.0
       6 0.0
       7 0.0
       8 0.0
       9 0.0
      10 0.0
      11 0.0
      12 0.0
      13 0.0
 
       1      0.10601857
       2      0.15903329
       3      0.19263696
       4      0.16236175
       5      0.16345313
       6      0.14950924
       7      0.15295145
       8      0.14294272
       9      0.16136309
      10     0.093320896
      11     0.083372175
      12     0.074266961
      13   0.1368
 
       1      0.93204225
       2      0.93382984
       3      0.93462907
       4      0.93249330
       5      0.93239720
       6      0.93052709
       7      0.93240109
       8      0.93284969
       9      0.93255453
      10      0.93310728
      11      0.93431040
      12      0.93324526
      13   0.9329
 
       1    0.0074166095
       2     0.011057506
       3     0.013365605
       4     0.011720280
       5     0.011867532
       6     0.010996195
       7     0.011253509
       8     0.010558083
       9     0.011765899
      10    0.0068509145
      11    0.0060041896
      12    0.0052701909
      13   0.0098
 
       1      0.69222118
       2      0.67820173
       3      0.77446078
       4      0.76184939
       5      0.77541756
       6      0.77870790
       7      0.77257395
       8      0.76601103
       9      0.80891798
      10      0.72023212
      11      0.65567789
      12      0.65853079
      13   0.7369
 
