       1       206.29067
       2       144.63256
       3       119.26867
       4       137.55265
       5       159.57428
       6       117.20669
       7       145.30130
       8       119.36814
       9       136.64078
      10       75.042796
      11       84.479091
      12       109.58257
      13  1554.94
 
       1       135.38932
       2       101.19573
       3       76.473430
       4       86.291557
       5       97.450523
       6       69.906118
       7       79.569394
       8       69.293699
       9       86.463302
      10       50.114027
      11       58.360129
      12       77.401846
      13   987.91
 
       1       17.397006
       2       14.352622
       3       9.4176518
       4       9.2933043
       5       8.7603613
       6       6.8435879
       7       6.9522374
       8       6.9306673
       9       9.0602537
      10       6.3234706
      11       7.0330223
      12       9.8168756
      13   112.18
 
       1       19.093285
       2       16.722588
       3       11.142321
       4       11.840406
       5       12.165860
       6       14.063108
       7       17.848928
       8       15.034873
       9       10.997905
      10       6.1474863
      11       8.7082215
      12       11.821509
      13   155.59
 
       1       15.770836
       2       13.127651
       3       12.237427
       4       16.834470
       5       18.580723
       6       16.240931
       7       22.219756
       8       24.362853
       9       26.513419
      10       14.632432
      11       12.520814
      12       11.579987
      13   204.62
 
       1       13.174276
       2       13.334219
       3       11.514949
       4       16.325240
       5       22.960365
       6       18.399046
       7       18.427534
       8       15.435090
       9       17.975171
      10       8.6740880
      11       8.6161724
      12       8.1003618
      13    14.41
 
       1 0.0
       2 0.0
       3 0.0
       4 0.0
       5 0.0
       6 0.0
       7 0.0
       8 0.0
       9 0.0
      10 0.0
      11 0.0
      12 0.0
      13 0.0
 
       1      0.18245128
       2      0.18364998
       3      0.15198371
       4      0.21560936
       5      0.30362117
       6      0.24101515
       7      0.23464293
       8      0.19765056
       9      0.23634225
      10      0.11248828
      11      0.11346069
      12      0.10959014
      13   0.1902
 
       1      0.89003263
       2      0.88935483
       3      0.88642432
       4      0.88806483
       5      0.88779917
       6      0.88778919
       7      0.88799616
       8      0.88942898
       9      0.88868346
      10      0.88980076
      11      0.88962064
      12      0.88894176
      13   0.8887
 
       1     0.020739701
       2     0.020963263
       3     0.017888515
       4     0.025275202
       5     0.035571441
       6     0.028423207
       7     0.028024610
       8     0.023593459
       9     0.027753547
      10     0.013441233
      11     0.013429914
      12     0.012717563
      13   0.0223
 
       1      0.75431708
       2      0.77544740
       3      0.75550257
       4      0.75988158
       5      0.85103071
       6      0.85851538
       7      0.82712268
       8      0.80731020
       9      0.84098871
      10      0.71854050
      11      0.68163231
      12      0.71437851
      13   0.7787
 
