       1       155.80610
       2       149.97298
       3       174.18981
       4       204.50872
       5       219.95442
       6       251.86736
       7       239.31064
       8       190.55574
       9       146.02163
      10       150.95314
      11       116.63334
      12       119.59704
      13  2119.37
 
       1       109.31827
       2       97.514705
       3       114.91719
       4       128.42643
       5       131.47999
       6       145.53900
       7       134.63266
       8       110.33309
       9       91.432227
      10       99.188720
      11       79.350845
      12       80.753453
      13  1322.89
 
       1       16.686696
       2       12.100435
       3       16.354770
       4       16.985519
       5       15.859415
       6       16.217554
       7       15.110699
       8       12.907458
       9       11.473102
      10       12.507296
      11       10.498243
      12       11.074078
      13   167.78
 
       1       24.068882
       2       16.536238
       3       22.331790
       4       26.447089
       5       28.850636
       6       45.696959
       7       51.106040
       8       32.002988
       9       19.302197
      10       16.802093
      11       16.226083
      12       15.947683
      13   315.32
 
       1       17.368083
       2       13.291354
       3       19.575784
       4       26.267288
       5       32.973676
       6       46.295668
       7       51.540422
       8       37.943491
       9       28.911839
      10       25.954315
      11       13.628796
      12       11.946846
      13   325.70
 
       1       13.913972
       2       15.613421
       3       22.664200
       4       29.548637
       5       32.061824
       6       37.921306
       7       32.407718
       8       24.326671
       9       20.043743
      10       17.947664
      11       13.366806
      12       9.8959005
      13    22.48
 
       1 0.0
       2 0.0
       3 0.0
       4 0.0
       5 0.0
       6 0.0
       7 0.0
       8 0.0
       9 0.0
      10 0.0
      11 0.0
      12 0.0
      13 0.0
 
       1     0.013700487
       2     0.015121982
       3     0.022133708
       4     0.028379088
       5     0.030482788
       6     0.036052676
       7     0.030190883
       8     0.022416411
       9     0.018414875
      10     0.016995009
      11     0.012845050
      12    0.0094235359
      13   0.0213
 
       1      0.88328767
       2      0.88266738
       3      0.88289438
       4      0.88285221
       5      0.88095498
       6      0.88181163
       7      0.88466899
       8      0.88760967
       9      0.88215801
      10      0.88156845
      11      0.88484284
      12      0.88382890
      13   0.8833
 
       1    0.0017930507
       2    0.0020050841
       3    0.0029165239
       4    0.0037688876
       5    0.0040767446
       6    0.0047953819
       7    0.0040623739
       8    0.0030449920
       9    0.0025161983
      10    0.0022813455
      11    0.0017139913
      12    0.0012640158
      13   0.0029
 
       1      0.28074493
       2      0.28169421
       3      0.32404393
       4      0.34525475
       5      0.37177470
       6      0.39411758
       7      0.35739826
       8      0.32249582
       9      0.30227082
      10      0.30100881
      11      0.29550807
      12      0.27734547
      13   0.3211
 
