       1       123.62008
       2       175.40115
       3       173.20972
       4       175.78606
       5       162.57162
       6       126.92162
       7       147.71026
       8       124.95243
       9       111.96168
      10       108.57201
      11       133.36566
      12       183.14067
      13  1747.21
 
       1       88.068180
       2       115.18368
       3       106.94070
       4       116.02475
       5       100.03166
       6       76.153953
       7       82.422168
       8       72.571931
       9       71.423733
      10       71.808105
      11       89.251254
      12       125.14947
      13  1115.03
 
       1       12.087274
       2       14.189676
       3       11.967049
       4       14.370424
       5       10.155114
       6       7.1976165
       7       7.4500798
       8       7.0860819
       9       7.9243060
      10       8.1617113
      11       10.165410
      12       15.788056
      13   126.54
 
       1       12.456613
       2       15.233496
       3       14.233927
       4       19.864618
       5       13.449087
       6       14.938285
       7       16.729970
       8       16.701619
       9       9.3456249
      10       8.4159974
      11       13.325338
      12       20.339346
      13   175.03
 
       1       12.382373
       2       14.527800
       3       15.877250
       4       26.612007
       5       20.874282
       6       17.123321
       7       22.009673
       8       26.883710
       9       21.783417
      10       18.738444
      11       18.625006
      12       19.326638
      13   234.76
 
       1       10.284338
       2       14.752335
       3       15.789869
       4       24.456958
       5       23.250063
       6       20.516091
       7       19.584539
       8       17.047608
       9       14.245384
      10       12.068645
      11       11.604698
      12       12.505129
      13    16.34
 
       1 0.0
       2 0.0
       3 0.0
       4 0.0
       5 0.0
       6 0.0
       7 0.0
       8 0.0
       9 0.0
      10 0.0
      11 0.0
      12 0.0
      13 0.0
 
       1      0.14477078
       2      0.20328788
       3      0.21478215
       4      0.33607992
       5      0.30985442
       6      0.27582769
       7      0.25223664
       8      0.21944846
       9      0.18464506
      10      0.15805951
      11      0.15738225
      12      0.17271669
      13   0.2191
 
       1      0.89141642
       2      0.88950071
       3      0.89022505
       4      0.88934108
       5      0.88815949
       6      0.88839574
       7      0.88909607
       8      0.88851672
       9      0.88848982
      10      0.88936100
      11      0.89010664
      12      0.88969714
      13   0.8894
 
       1     0.016389691
       2     0.023222478
       3     0.024711996
       4     0.038297063
       5     0.036131465
       6     0.032014908
       7     0.029928298
       8     0.026094382
       9     0.021922462
      10     0.018727052
      11     0.018205965
      12     0.019686845
      13   0.0254
 
       1      0.71716840
       2      0.76097676
       3      0.74311019
       4      0.91777302
       5      0.86076077
       6      0.88787879
       7      0.81743986
       8      0.85350972
       9      0.83706632
      10      0.74730118
      11      0.74130587
      12      0.72359239
      13   0.8007
 
