       1       10.105958
       2       14.976777
       3       19.446903
       4       28.054537
       5       41.963131
       6       46.278115
       7       47.335608
       8       30.803311
       9       17.752527
      10       12.197153
      11       6.7842329
      12       5.2846105
      13   280.98
 
       1       6.4483007
       2       9.2915643
       3       12.832181
       4       17.444019
       5       22.137502
       6       23.469739
       7       23.096868
       8       16.997429
       9       10.146191
      10       8.1223718
      11       5.1427440
      12       3.9880373
      13   159.12
 
       1      0.74931387
       2       1.1810065
       3       2.1112870
       4       3.3420805
       5       3.3695706
       6       2.9231775
       7       2.9019385
       8       2.2994740
       9       1.3176469
      10       1.2735007
      11      0.82650712
      12      0.49947346
      13    22.79
 
       1      0.71302785
       2       1.1486540
       3       2.4271436
       4       5.3161466
       5       7.9933145
       6       12.448139
       7       16.838656
       8       9.3521069
       9       3.1686925
      10       1.9443473
      11      0.64665745
      12      0.50125111
      13    62.50
 
       1      0.27781889
       2      0.57855786
       3       1.6429247
       4       3.2728626
       5       4.9862510
       6       5.8593097
       7       7.0232916
       8       4.8778557
       9       2.1123956
      10      0.71875286
      11      0.13796588
      12     0.048884742
      13    31.54
 
       1      0.73204609
       2       1.4380452
       3       2.5499389
       4       4.4893265
       5       4.5924663
       6       3.9311864
       7       3.7661339
       8       2.6749513
       9       1.5819557
      10       1.4845414
      11      0.87137719
      12      0.40313802
      13     2.38
 
       1 0.0
       2 0.0
       3 0.0
       4 0.0
       5 0.0
       6 0.0
       7 0.0
       8 0.0
       9 0.0
      10 0.0
      11 0.0
      12 0.0
      13 0.0
 
       1     0.015534463
       2     0.030364089
       3     0.053795203
       4     0.094857925
       5     0.096466135
       6     0.077320066
       7     0.072101593
       8     0.050716420
       9     0.030645528
      10     0.032104117
      11     0.019950855
      12    0.0088913749
      13   0.0486
 
       1      0.87195333
       2      0.87079658
       3      0.86999375
       4      0.86818568
       5      0.86997592
       6      0.86640458
       7      0.86640631
       8      0.86822961
       9      0.86694657
      10      0.87057344
      11      0.87510824
      12      0.87547116
      13   0.8700
 
       1    0.0020994648
       2    0.0040866535
       3    0.0072439139
       4     0.012707667
       5     0.012932345
       6     0.010666804
       7     0.010131569
       8    0.0072093105
       9    0.0043311375
      10    0.0042774284
      11    0.0025770155
      12    0.0011805192
      13   0.0066
 
       1      0.78163796
       2      0.76918897
       3      0.92150616
       4      0.97543018
       5      0.98137904
       6      0.98325597
       7      0.98317546
       8      0.96793691
       9      0.97597169
      10      0.96209190
      11      0.95010046
      12      0.86967655
      13   0.9268
 
