       1       137.09402
       2       141.61774
       3       132.94901
       4       140.47666
       5       157.87557
       6       133.85096
       7       152.28998
       8       114.09897
       9       94.557369
      10       77.672775
      11       81.212251
      12       113.34445
      13  1477.04
 
       1       95.036612
       2       93.054369
       3       86.829863
       4       88.323254
       5       95.933438
       6       80.423053
       7       85.163720
       8       66.001968
       9       60.294488
      10       51.135820
      11       54.556021
      12       79.282730
      13   936.04
 
       1       12.616513
       2       11.808664
       3       10.146651
       4       8.9687965
       5       8.7510609
       6       7.0869007
       7       7.2701712
       8       6.3249182
       9       6.4956762
      10       5.8769154
      11       6.1584247
      12       9.6186456
      13   101.12
 
       1       13.818122
       2       12.842265
       3       9.2581666
       4       11.119394
       5       11.966428
       6       12.829142
       7       18.921069
       8       13.428685
       9       10.328310
      10       6.2706095
      11       7.8231954
      12       11.726392
      13   140.33
 
       1       13.899274
       2       13.471904
       3       12.393485
       4       12.548946
       5       15.913806
       6       16.375526
       7       24.617233
       8       22.104603
       9       20.178366
      10       11.561935
      11       10.869225
      12       9.9371927
      13   183.87
 
       1       10.093505
       2       11.935469
       3       12.993097
       4       17.136043
       5       22.520482
       6       22.620289
       7       21.104807
       8       14.374004
       9       12.848202
      10       8.2752041
      11       7.1511545
      12       8.3587913
      13    14.12
 
       1 0.0
       2 0.0
       3 0.0
       4 0.0
       5 0.0
       6 0.0
       7 0.0
       8 0.0
       9 0.0
      10 0.0
      11 0.0
      12 0.0
      13 0.0
 
       1      0.13840048
       2      0.16260333
       3      0.17468227
       4      0.22412428
       5      0.29804578
       6      0.29965467
       7      0.27064628
       8      0.18163785
       9      0.16441816
      10      0.10434921
      11     0.091609536
      12      0.11305882
      13   0.1853
 
       1      0.88292060
       2      0.88181447
       3      0.88240912
       4      0.88176891
       5      0.88155034
       6      0.88116445
       7      0.88074148
       8      0.88156236
       9      0.88145787
      10      0.88269837
      11      0.87912700
      12      0.88171521
      13   0.8816
 
       1     0.016806105
       2     0.019734838
       3     0.021398053
       4     0.027807120
       5     0.036812275
       6     0.036892200
       7     0.033786501
       8     0.022939600
       9     0.020696112
      10     0.013324001
      11     0.011599488
      12     0.013843175
      13   0.0230
 
       1      0.71993578
       2      0.76790742
       3      0.80014405
       4      0.78865799
       5      0.84250290
       6      0.86376269
       7      0.88477082
       8      0.82694951
       9      0.81180409
      10      0.62208074
      11      0.69951536
      12      0.71216989
      13   0.7784
 
