       1       133.23850
       2       154.05236
       3       166.50526
       4       110.89955
       5       148.58364
       6       114.04649
       7       149.07352
       8       123.60857
       9       86.810560
      10       81.435543
      11       119.61817
      12       140.03910
      13  1527.91
 
       1       91.075746
       2       105.52233
       3       105.63237
       4       70.825444
       5       91.827815
       6       69.270540
       7       81.291168
       8       71.381631
       9       57.016265
      10       52.792412
      11       83.263935
      12       95.651746
      13   975.55
 
       1       12.000615
       2       14.195820
       3       11.929350
       4       8.2049886
       5       8.3277144
       6       6.4983861
       7       6.8456333
       8       6.9245742
       9       6.8153342
      10       5.8619114
      11       10.074830
      12       11.293623
      13   108.97
 
       1       12.408931
       2       13.979472
       3       13.748931
       4       10.436159
       5       12.053002
       6       11.024190
       7       17.437145
       8       14.132883
       9       9.0524661
      10       5.6866815
      11       11.025918
      12       13.182027
      13   144.17
 
       1       10.006164
       2       13.751557
       3       16.473971
       4       13.765884
       5       16.386550
       6       13.470166
       7       22.493417
       8       23.279425
       9       19.236829
      10       12.100753
      11       17.558517
      12       12.720736
      13   191.24
 
       1       9.6235057
       2       13.688692
       3       16.526796
       4       14.558567
       5       20.634315
       6       19.873356
       7       18.274286
       8       16.201540
       9       13.338771
      10       8.2733464
      11       10.816591
      12       9.2378785
      13    14.25
 
       1 0.0
       2 0.0
       3 0.0
       4 0.0
       5 0.0
       6 0.0
       7 0.0
       8 0.0
       9 0.0
      10 0.0
      11 0.0
      12 0.0
      13 0.0
 
       1      0.12984407
       2      0.18646950
       3      0.22136304
       4      0.19023046
       5      0.27037399
       6      0.26215435
       7      0.23153358
       8      0.20726643
       9      0.17283224
      10      0.10518465
      11      0.14397904
      12      0.12535201
      13   0.1872
 
       1      0.88124772
       2      0.88096656
       3      0.88115712
       4      0.88099506
       5      0.88095515
       6      0.88028265
       7      0.88133521
       8      0.88253426
       9      0.88177832
      10      0.88186836
      11      0.88218526
      12      0.88154964
      13   0.8814
 
       1     0.015908367
       2     0.022643439
       3     0.027115154
       4     0.023708007
       5     0.033510381
       6     0.032472188
       7     0.029099939
       8     0.025985072
       9     0.021633012
      10     0.013352207
      11     0.017777036
      12     0.015290252
      13   0.0232
 
       1      0.68917637
       2      0.75904842
       3      0.82499541
       4      0.77174205
       5      0.82513835
       6      0.88263520
       7      0.85384313
       8      0.82903115
       9      0.79977019
      10      0.65936012
      11      0.73914865
      12      0.72154992
      13   0.7796
 
