       1       181.83910
       2       187.33389
       3       212.35353
       4       189.15721
       5       196.30903
       6       190.34857
       7       212.31784
       8       180.72012
       9       173.05753
      10       121.33994
      11       188.55603
      12       198.83443
      13  2232.17
 
       1       123.48481
       2       123.04552
       3       138.93802
       4       120.62440
       5       120.01459
       6       112.95418
       7       117.89969
       8       104.35287
       9       105.98540
      10       78.293184
      11       123.30160
      12       134.22131
      13  1403.12
 
       1       16.794000
       2       16.505264
       3       20.222980
       4       17.240688
       5       16.043326
       6       14.351079
       7       13.714234
       8       12.748376
       9       12.942196
      10       10.740324
      11       15.608927
      12       18.570845
      13   185.48
 
       1       23.926794
       2       22.716944
       3       27.559510
       4       24.889215
       5       25.119218
       6       39.940936
       7       43.212861
       8       34.120827
       9       22.742922
      10       16.570919
      11       23.907061
      12       27.926295
      13   332.63
 
       1       18.266500
       2       17.183486
       3       23.858239
       4       26.091958
       5       28.060005
       6       33.831331
       7       35.473529
       8       35.192987
       9       29.566291
      10       21.044505
      11       23.797932
      12       19.503612
      13   311.87
 
       1       15.047646
       2       19.482689
       3       24.663027
       4       27.859356
       5       29.208914
       6       27.332159
       7       25.258859
       8       22.161120
       9       20.823395
      10       14.553215
      11       17.655404
      12       15.392064
      13    21.62
 
       1 0.0
       2 0.0
       3 0.0
       4 0.0
       5 0.0
       6 0.0
       7 0.0
       8 0.0
       9 0.0
      10 0.0
      11 0.0
      12 0.0
      13 0.0
 
       1     0.014670651
       2     0.019166605
       3     0.024222626
       4     0.026625538
       5     0.027516715
       6     0.025311717
       7     0.022788265
       8     0.020062190
       9     0.018988024
      10     0.013490432
      11     0.016836309
      12     0.014991051
      13   0.0204
 
       1      0.88366042
       2      0.88274214
       3      0.88333417
       4      0.88255485
       5      0.87991644
       6      0.87955746
       7      0.88168617
       8      0.88338426
       9      0.88138903
      10      0.88168409
      11      0.88506530
      12      0.88447167
      13   0.8825
 
       1    0.0019298931
       2    0.0025005089
       3    0.0031654602
       4    0.0035483517
       5    0.0037006280
       6    0.0034305723
       7    0.0031297833
       8    0.0027558227
       9    0.0026002418
      10    0.0018385622
      11    0.0022431112
      12    0.0019711998
      13   0.0027
 
       1      0.26984763
       2      0.28292539
       3      0.31512157
       4      0.34010833
       5      0.36013774
       6      0.37777974
       7      0.32918306
       8      0.29623229
       9      0.30200730
      10      0.29752092
      11      0.29245051
      12      0.27426261
      13   0.3115
 
