       1       105.42484
       2       124.80360
       3       161.48340
       4       131.75827
       5       124.38375
       6       127.56511
       7       149.87102
       8       128.25564
       9       106.91659
      10       83.244401
      11       90.096365
      12       117.17589
      13  1450.98
 
       1       73.595194
       2       78.769728
       3       104.78637
       4       83.869378
       5       77.907748
       6       76.473237
       7       81.977422
       8       72.819691
       9       65.926215
      10       56.231723
      11       61.980044
      12       81.809323
      13   916.15
 
       1       9.7574471
       2       7.6340365
       3       13.524946
       4       9.3900516
       5       7.8245145
       6       7.3616430
       7       7.0956247
       8       6.9355722
       9       6.9949937
      10       6.8728239
      11       7.4592551
      12       10.844421
      13   101.70
 
       1       10.417948
       2       8.7167092
       3       15.873642
       4       11.594968
       5       11.974725
       6       12.272482
       7       17.862237
       8       18.788830
       9       11.187049
      10       7.1248397
      11       8.2886956
      12       14.549760
      13   148.65
 
       1       9.4955178
       2       9.1449046
       3       14.999643
       4       13.592416
       5       15.394306
       6       16.140928
       7       23.341746
       8       26.297579
       9       22.324624
      10       15.204314
      11       12.647720
      12       11.354474
      13   189.94
 
       1       8.3450545
       2       10.798221
       3       16.612425
       4       17.610635
       5       18.624724
       6       19.632360
       7       19.358158
       8       17.011681
       9       13.959218
      10       9.9139529
      11       8.6595714
      12       8.8457347
      13    14.11
 
       1 0.0
       2 0.0
       3 0.0
       4 0.0
       5 0.0
       6 0.0
       7 0.0
       8 0.0
       9 0.0
      10 0.0
      11 0.0
      12 0.0
      13 0.0
 
       1     0.088433334
       2      0.11268935
       3      0.17610485
       4      0.18481162
       5      0.19090751
       6      0.20129581
       7      0.19439419
       8      0.17030662
       9      0.14019276
      10     0.099841792
      11     0.090033900
      12     0.094013066
      13   0.1453
 
       1      0.87143411
       2      0.87366649
       3      0.87360792
       4      0.87357016
       5      0.87168732
       6      0.87098800
       7      0.87211978
       8      0.87120129
       9      0.87159361
      10      0.87265680
      11      0.87473995
      12      0.87276716
      13   0.8725
 
       1     0.011785290
       2     0.015111741
       3     0.023338374
       4     0.024720496
       5     0.025911359
       6     0.027277014
       7     0.026572162
       8     0.023373044
       9     0.019261845
      10     0.013795401
      11     0.012176566
      12     0.012486930
      13   0.0197
 
       1      0.69813205
       2      0.71105865
       3      0.79111342
       4      0.75521711
       5      0.81383832
       6      0.82643761
       7      0.82604820
       8      0.84745260
       9      0.78665325
      10      0.67497671
      11      0.67369191
      12      0.70102618
      13   0.7588
 
