       1       475.36851
       2       469.92526
       3       472.64393
       4       468.03725
       5       529.69825
       6       522.49786
       7       534.99985
       8       528.57795
       9       512.99344
      10       502.84316
      11       451.79251
      12       460.30766
      13  5929.69
 
       1       287.03697
       2       284.10863
       3       289.73238
       4       287.39617
       5       322.44079
       6       316.28566
       7       322.69292
       8       324.16685
       9       318.53435
      10       312.09737
      11       277.19292
      12       283.11497
      13  3624.80
 
       1       36.662858
       2       36.641057
       3       36.103600
       4       35.152536
       5       39.842869
       6       38.432130
       7       40.836436
       8       40.347057
       9       39.104287
      10       37.833894
      11       33.881922
      12       34.270187
      13   449.11
 
       1       129.13962
       2       128.41741
       3       125.04292
       4       122.99480
       5       139.52262
       6       141.84310
       7       144.75865
       8       136.68206
       9       132.04865
      10       131.00039
      11       119.63988
      12       122.36387
      13  1573.45
 
       1       21.509560
       2       20.479352
       3       21.441630
       4       22.680124
       5       27.422527
       6       26.359676
       7       27.354632
       8       26.213198
       9       23.437644
      10       22.384536
      11       20.840634
      12       20.676662
      13   280.80
 
       1       5.8097436
       2       6.4269847
       3       5.6515148
       4       5.6359547
       5       6.3021166
       6       6.4107321
       7       6.5985580
       8       6.3830362
       9       6.4553931
      10       5.8691542
      11       5.5570307
      12       5.5197118
      13     6.05
 
       1 0.0
       2 0.0
       3 0.0
       4 0.0
       5 0.0
       6 0.0
       7 0.0
       8 0.0
       9 0.0
      10 0.0
      11 0.0
      12 0.0
      13 0.0
 
       1     0.023914841
       2     0.026730458
       3     0.023707895
       4     0.023550238
       5     0.025871358
       6     0.026182804
       7     0.026815125
       8     0.026402772
       9     0.027167430
      10     0.024776754
      11     0.022874322
      12     0.023001654
      13   0.0251
 
       1       1.0000000
       2       1.0000000
       3       1.0000000
       4       1.0000000
       5       1.0000000
       6       1.0000000
       7       1.0000000
       8       1.0000000
       9       1.0000000
      10       1.0000000
      11       1.0000000
      12       1.0000000
      13   1.0000
 
       1       0.0000000
       2       0.0000000
       3       0.0000000
       4       0.0000000
       5       0.0000000
       6       0.0000000
       7       0.0000000
       8       0.0000000
       9       0.0000000
      10       0.0000000
      11       0.0000000
      12       0.0000000
      13   0.0000
 
       1      0.71117809
       2      0.72682168
       3      0.67593296
       4      0.66018876
       5      0.65594103
       6      0.63506746
       7      0.66792935
       8      0.69042624
       9      0.70299207
      10      0.71221941
      11      0.70442217
      12      0.69973570
      13   0.6869
 
