       1       184.76018
       2       120.90535
       3       137.11733
       4       149.26210
       5       146.25978
       6       130.48686
       7       137.46127
       8       129.06706
       9       124.72822
      10       80.026012
      11       74.925879
      12       112.05802
      13  1527.06
 
       1       126.39532
       2       81.415445
       3       86.962729
       4       93.082929
       5       91.461876
       6       78.069899
       7       77.496857
       8       73.318541
       9       77.898410
      10       54.903700
      11       52.387788
      12       76.142518
      13   969.54
 
       1       17.295508
       2       10.611308
       3       9.9548327
       4       9.3343307
       5       8.8715739
       6       7.2608791
       7       7.0340657
       8       6.7179110
       9       7.5774811
      10       6.8887173
      11       6.1837436
      12       8.9965531
      13   106.73
 
       1       24.006757
       2       10.179512
       3       10.518294
       4       10.763325
       5       11.798924
       6       12.239074
       7       16.800751
       8       16.090325
       9       12.189622
      10       6.7998462
      11       6.5754102
      12       10.630775
      13   148.59
 
       1       17.101684
       2       9.6493440
       3       12.309107
       4       13.481286
       5       17.581208
       6       15.981074
       7       22.866217
       8       25.919552
       9       24.277768
      10       15.486464
      11       11.029796
      12       11.049226
      13   196.73
 
       1       12.823347
       2       10.740824
       3       12.605965
       4       18.100767
       5       22.198844
       6       20.810466
       7       19.357264
       8       16.579282
       9       17.438873
      10       9.7486394
      11       7.1790895
      12       7.8693695
      13    14.62
 
       1 0.0
       2 0.0
       3 0.0
       4 0.0
       5 0.0
       6 0.0
       7 0.0
       8 0.0
       9 0.0
      10 0.0
      11 0.0
      12 0.0
      13 0.0
 
       1      0.17549275
       2      0.14393737
       3      0.16536987
       4      0.23877352
       5      0.29644744
       6      0.27481928
       7      0.24815620
       8      0.20972626
       9      0.22684825
      10      0.12837917
      11     0.093492150
      12      0.10599740
      13   0.1923
 
       1      0.88108710
       2      0.88101590
       3      0.88065371
       4      0.88197067
       5      0.88239076
       6      0.88107734
       7      0.88106555
       8      0.88055724
       9      0.88150219
      10      0.88294475
      11      0.88230833
      12      0.88207435
      13   0.8816
 
       1     0.021204079
       2     0.017681612
       3     0.020522438
       4     0.029499261
       5     0.036431184
       6     0.033964981
       7     0.031004543
       8     0.026436948
       9     0.028198207
      10     0.015966229
      11     0.011739269
      12     0.013027215
      13   0.0238
 
       1      0.72956535
       2      0.71733050
       3      0.72944311
       4      0.76304301
       5      0.84134199
       6      0.86784969
       7      0.85341557
       8      0.86017023
       9      0.83080458
      10      0.75508458
      11      0.64252563
      12      0.68591096
      13   0.7730
 
