       1       170.92020
       2       199.76891
       3       240.67535
       4       203.86601
       5       232.05851
       6       233.63373
       7       238.70857
       8       193.16069
       9       116.57067
      10       111.28951
      11       97.182164
      12       157.28604
      13  2195.12
 
       1       116.20857
       2       134.80737
       3       157.61317
       4       129.98928
       5       140.71277
       6       137.89963
       7       133.37710
       8       110.09819
       9       74.625388
      10       72.756511
      11       66.258434
      12       104.85078
      13  1379.20
 
       1       15.156532
       2       19.143506
       3       22.108281
       4       16.848729
       5       16.318742
       6       15.636577
       7       14.740800
       8       12.787338
       9       9.9038130
      10       9.3185688
      11       8.6931927
      12       12.937611
      13   173.59
 
       1       18.410806
       2       24.305366
       3       30.029300
       4       24.813140
       5       31.199844
       6       45.794294
       7       48.978370
       8       36.160818
       9       16.683371
      10       13.828810
      11       12.192955
      12       17.968407
      13   320.37
 
       1       13.912749
       2       17.723648
       3       24.315003
       4       27.804524
       5       37.138639
       6       41.274171
       7       47.735317
       8       40.033223
       9       24.127998
      10       16.669295
      11       12.078327
      12       14.459814
      13   317.27
 
       1       14.160354
       2       19.608093
       3       26.689971
       4       30.661499
       5       34.669960
       6       36.707648
       7       31.330675
       8       24.360251
       9       16.745947
      10       13.475355
      11       10.153289
      12       12.633025
      13    22.60
 
       1 0.0
       2 0.0
       3 0.0
       4 0.0
       5 0.0
       6 0.0
       7 0.0
       8 0.0
       9 0.0
      10 0.0
      11 0.0
      12 0.0
      13 0.0
 
       1     0.017535389
       2     0.024478803
       3     0.033245678
       4     0.037641314
       5     0.042318192
       6     0.044221247
       7     0.036785517
       8     0.028462445
       9     0.019600822
      10     0.015914287
      11     0.012164020
      12     0.015350864
      13   0.0273
 
       1      0.88941546
       2      0.88940135
       3      0.88828408
       4      0.88829989
       5      0.88699792
       6      0.88686210
       7      0.88970631
       8      0.89060915
       9      0.88905503
      10      0.88918160
      11      0.89083720
      12      0.89048756
      13   0.8891
 
       1    0.0021312816
       2    0.0029529598
       3    0.0040154403
       4    0.0045903261
       5    0.0051754023
       6    0.0054268281
       7    0.0045655214
       8    0.0035506663
       9    0.0024576960
      10    0.0019929274
      11    0.0015135267
      12    0.0018864751
      13   0.0034
 
       1      0.30077290
       2      0.31423202
       3      0.34852858
       4      0.36812422
       5      0.39483535
       6      0.41519379
       7      0.37407013
       8      0.34391420
       9      0.33101604
      10      0.31799976
      11      0.31074187
      12      0.29457850
      13   0.3428
 
