       1       99.277928
       2       142.94294
       3       195.02448
       4       206.26940
       5       202.12411
       6       199.30690
       7       222.08258
       8       179.35934
       9       134.63147
      10       110.90302
      11       107.60360
      12       134.58185
      13  1934.11
 
       1       68.847349
       2       93.670179
       3       127.80493
       4       131.34008
       5       123.29746
       6       119.22025
       7       121.64645
       8       106.21322
       9       85.820867
      10       73.412810
      11       74.385339
      12       91.461841
      13  1217.12
 
       1       9.7250086
       2       11.861326
       3       18.494357
       4       17.700278
       5       14.607815
       6       14.729898
       7       12.874766
       8       12.479175
       9       10.879271
      10       10.262750
      11       9.5802677
      12       11.757956
      13   154.95
 
       1       14.031597
       2       14.928249
       3       26.814808
       4       26.919184
       5       26.559708
       6       36.265529
       7       44.778344
       8       29.936940
       9       18.401056
      10       13.133447
      11       13.140117
      12       16.388906
      13   281.30
 
       1       10.446793
       2       10.883460
       3       21.978133
       4       25.653660
       5       30.110543
       6       36.468781
       7       38.380057
       8       37.696721
       9       25.220826
      10       16.983010
      11       14.203953
      12       12.982902
      13   281.01
 
       1       9.0124070
       2       14.602712
       3       23.622121
       4       28.160207
       5       27.625258
       6       28.424480
       7       26.079615
       8       23.043605
       9       17.470996
      10       13.121388
      11       11.745416
      12       11.000530
      13    19.49
 
       1 0.0
       2 0.0
       3 0.0
       4 0.0
       5 0.0
       6 0.0
       7 0.0
       8 0.0
       9 0.0
      10 0.0
      11 0.0
      12 0.0
      13 0.0
 
       1     0.010485785
       2     0.016961442
       3     0.028280871
       4     0.033392811
       5     0.031867012
       6     0.032317975
       7     0.028914568
       8     0.025710419
       9     0.019602228
      10     0.015002932
      11     0.013630695
      12     0.012879537
      13   0.0224
 
       1      0.93066244
       2      0.93029140
       3      0.93092938
       4      0.93104818
       5      0.92965729
       6      0.92984999
       7      0.93078378
       8      0.93080709
       9      0.93010466
      10      0.93056586
      11      0.93176096
      12      0.93139078
      13   0.9307
 
       1   0.00081871588
       2    0.0013209209
       3    0.0021564959
       4    0.0025572321
       5    0.0024848878
       6    0.0025344595
       7    0.0022976253
       8    0.0020392268
       9    0.0015557671
      10    0.0011823640
      11    0.0010642210
      12   0.00099883278
      13   0.0018
 
       1      0.27252653
       2      0.29283129
       3      0.34462497
       4      0.35973193
       5      0.36135081
       6      0.37293851
       7      0.32792244
       8      0.31961263
       9      0.32793046
      10      0.30099728
      11      0.29487746
      12      0.29172077
      13   0.3223
 
