       1       104.35937
       2       270.20293
       3       220.78625
       4       187.82233
       5       264.60126
       6       231.52242
       7       235.80841
       8       197.69044
       9       173.87796
      10       108.69918
      11       112.23358
      12       132.71113
      13  2240.32
 
       1       71.802722
       2       179.23614
       3       142.35817
       4       119.88454
       5       159.09520
       6       135.85375
       7       131.64405
       8       114.65010
       9       108.07056
      10       73.286288
      11       76.128125
      12       89.195541
      13  1401.21
 
       1       9.3446023
       2       23.379103
       3       19.240146
       4       15.835472
       5       17.424201
       6       16.420596
       7       14.391037
       8       13.350628
       9       12.433445
      10       10.153693
      11       9.8510817
      12       11.064283
      13   172.89
 
       1       11.872952
       2       30.706462
       3       30.270502
       4       26.096735
       5       32.433237
       6       51.003701
       7       47.602883
       8       35.070250
       9       21.723240
      10       14.838668
      11       12.665990
      12       17.901095
      13   332.19
 
       1       9.1183043
       2       22.438959
       3       25.392876
       4       23.467915
       5       34.922770
       6       48.804775
       7       43.687639
       8       42.225910
       9       33.436806
      10       20.231087
      11       11.953377
      12       17.499975
      13   333.18
 
       1       8.9837651
       2       24.775989
       3       25.822420
       4       28.762261
       5       40.277549
       6       39.575299
       7       31.449365
       8       25.345920
       9       22.724339
      10       14.052548
      11       12.244027
      12       10.915724
      13    23.74
 
       1 0.0
       2 0.0
       3 0.0
       4 0.0
       5 0.0
       6 0.0
       7 0.0
       8 0.0
       9 0.0
      10 0.0
      11 0.0
      12 0.0
      13 0.0
 
       1     0.010993734
       2     0.031333003
       3     0.032364596
       4     0.035623180
       5     0.049499512
       6     0.049150496
       7     0.037218444
       8     0.029801468
       9     0.027118977
      10     0.017071571
      11     0.015006280
      12     0.013331050
      13   0.0290
 
       1      0.89981242
       2      0.89813103
       3      0.89720816
       4      0.89710010
       5      0.89514661
       6      0.89705803
       7      0.89829372
       8      0.89840864
       9      0.89651309
      10      0.89743094
      11      0.89810928
      12      0.89723869
      13   0.8975
 
       1    0.0012819604
       2    0.0035452749
       3    0.0036905273
       4    0.0041014425
       5    0.0057102235
       6    0.0056254326
       7    0.0043786387
       8    0.0035261192
       9    0.0031821627
      10    0.0019946468
      11    0.0017478483
      12    0.0015511491
      13   0.0034
 
       1      0.26507330
       2      0.29661586
       3      0.34065756
       4      0.36907812
       5      0.41140222
       6      0.41696734
       7      0.36271063
       8      0.33623451
       9      0.33601022
      10      0.31865711
      11      0.30474195
      12      0.29224603
      13   0.3375
 
