       1       9.9170090
       2       12.391414
       3       17.062802
       4       25.693475
       5       32.527447
       6       47.161792
       7       40.543837
       8       32.411760
       9       18.208743
      10       9.0127764
      11       7.4604642
      12       8.7945537
      13   261.19
 
       1       7.4440257
       2       8.2478442
       3       11.106573
       4       14.818430
       5       17.360398
       6       23.914003
       7       21.117225
       8       17.315978
       9       10.421282
      10       5.7929680
      11       5.3178484
      12       6.4704932
      13   149.33
 
       1      0.97129632
       2       1.1826855
       3       1.8419350
       4       2.4636740
       5       2.5523252
       6       2.8097266
       7       2.8151792
       8       2.3017673
       9       1.3247706
      10      0.81153169
      11      0.72587468
      12      0.77079814
      13    20.57
 
       1      0.83838369
       2       1.2681211
       3       2.4785524
       4       2.7050687
       5       5.0302543
       6       12.534901
       7       12.365168
       8       10.667062
       9       3.4231751
      10      0.67880415
      11      0.39365171
      12      0.64704771
      13    53.03
 
       1      0.11187272
       2      0.44923769
       3       1.4663340
       4       2.3530916
       5       3.1929487
       6       5.7772613
       7       6.3620638
       8       5.0090965
       9       1.8235445
      10      0.36937218
      11      0.17030875
      12     0.066317529
      13    27.15
 
       1      0.69275458
       2       1.5988810
       3       2.2483419
       4       2.7774749
       5       3.2265045
       6       3.8790339
       7       3.3194419
       8       2.6090721
       9       1.6504716
      10      0.82314348
      11      0.65809235
      12      0.61273987
      13     2.01
 
       1 0.0
       2 0.0
       3 0.0
       4 0.0
       5 0.0
       6 0.0
       7 0.0
       8 0.0
       9 0.0
      10 0.0
      11 0.0
      12 0.0
      13 0.0
 
       1     0.015487243
       2     0.035219444
       3     0.046862098
       4     0.055595088
       5     0.064448988
       6     0.073994844
       7     0.062018425
       8     0.048243489
       9     0.031656459
      10     0.016717175
      11     0.014056294
      12     0.013412464
      13   0.0398
 
       1      0.93542683
       2      0.93318397
       3      0.93098012
       4      0.92953779
       5      0.92933724
       6      0.92854717
       7      0.92774473
       8      0.92761991
       9      0.92858379
      10      0.93107030
      11      0.93405265
      12      0.93341286
      13   0.9308
 
       1    0.0010524338
       2    0.0024162076
       3    0.0033382725
       4    0.0040687570
       5    0.0047066679
       6    0.0055403578
       7    0.0047231536
       8    0.0037121803
       9    0.0023829073
      10    0.0012178506
      11   0.00099339268
      12   0.00093020809
      13   0.0029
 
       1      0.84710514
       2      0.91080023
       3      0.94642881
       4      0.94039672
       5      0.97283625
       6      0.98027965
       7      0.97698012
       8      0.96066573
       9      0.97888897
      10      0.95101203
      11      0.88549134
      12      0.87141706
      13   0.9352
 
