       1       490.13926
       2       434.11436
       3       502.75529
       4       489.20428
       5       509.74187
       6       513.91113
       7       530.36062
       8       518.74947
       9       447.74942
      10       436.55051
      11       454.06088
      12       436.70604
      13  5764.04
 
       1       294.81980
       2       266.06890
       3       306.41367
       4       301.62559
       5       312.43434
       6       311.72164
       7       322.14208
       8       315.71235
       9       276.32094
      10       269.10939
      11       282.96868
      12       267.30693
      13  3526.64
 
       1       37.524032
       2       34.131914
       3       38.608223
       4       36.293481
       5       38.324589
       6       38.848642
       7       40.977033
       8       39.976393
       9       34.521517
      10       33.052918
      11       33.545548
      12       33.103875
      13   438.91
 
       1       136.15270
       2       116.12351
       3       133.54543
       4       129.58329
       5       132.15629
       6       137.27700
       7       141.86678
       8       136.92579
       9       116.50539
      10       113.25562
      11       118.91297
      12       117.76117
      13  1530.07
 
       1       21.156610
       2       18.552777
       3       22.958352
       4       23.242376
       5       25.174062
       6       26.246614
       7       26.773122
       8       26.320520
       9       20.066229
      10       19.875142
      11       19.610822
      12       18.779296
      13   268.76
 
       1       5.9935442
       2       6.0068851
       3       6.0057007
       4       5.8783330
       5       5.9675267
       6       6.4498769
       7       6.6519960
       8       6.4404680
       9       5.8533554
      10       5.2515102
      11       5.4798641
      12       5.3014060
      13     5.94
 
       1 0.0
       2 0.0
       3 0.0
       4 0.0
       5 0.0
       6 0.0
       7 0.0
       8 0.0
       9 0.0
      10 0.0
      11 0.0
      12 0.0
      13 0.0
 
       1     0.024552840
       2     0.025245227
       3     0.024724380
       4     0.024456597
       5     0.024549748
       6     0.026240067
       7     0.027212182
       8     0.026507516
       9     0.024049728
      10     0.021837447
      11     0.022815160
      12     0.022033420
      13   0.0245
 
       1       1.0000000
       2       1.0000000
       3       1.0000000
       4       1.0000000
       5       1.0000000
       6       1.0000000
       7       1.0000000
       8       1.0000000
       9       1.0000000
      10       1.0000000
      11       1.0000000
      12       1.0000000
      13   1.0000
 
       1       0.0000000
       2       0.0000000
       3       0.0000000
       4       0.0000000
       5       0.0000000
       6       0.0000000
       7       0.0000000
       8       0.0000000
       9       0.0000000
      10       0.0000000
      11       0.0000000
      12       0.0000000
      13   0.0000
 
       1      0.70614585
       2      0.70526154
       3      0.67145304
       4      0.62363061
       5      0.61559469
       6      0.60730413
       7      0.65628853
       8      0.66852776
       9      0.68429111
      10      0.68545995
      11      0.69924552
      12      0.72615306
      13   0.6708
 
