       1       456.12070
       2       429.92260
       3       460.97420
       4       470.48989
       5       488.34312
       6       493.60353
       7       522.94022
       8       496.49844
       9       483.64744
      10       465.08974
      11       444.44965
      12       503.76353
      13  5715.84
 
       1       273.35660
       2       260.03895
       3       282.03779
       4       289.88992
       5       301.44977
       6       300.53385
       7       313.09774
       8       302.31776
       9       297.89860
      10       289.06549
      11       273.55262
      12       306.94518
      13  3490.18
 
       1       35.001046
       2       33.641231
       3       35.181026
       4       35.290405
       5       36.503893
       6       36.899847
       7       39.556620
       8       37.939053
       9       36.986263
      10       35.322328
      11       32.807573
      12       37.894604
      13   433.02
 
       1       126.36673
       2       117.07133
       3       120.44581
       4       122.78600
       5       124.72059
       6       131.35328
       7       142.86099
       8       132.21275
       9       125.22635
      10       120.94929
      11       117.05908
      12       136.48280
      13  1517.53
 
       1       21.171259
       2       20.282952
       3       22.915642
       4       22.196142
       5       23.695167
       6       25.578677
       7       27.808867
       8       24.101628
       9       23.314965
      10       20.912250
      11       19.966871
      12       23.146343
      13   275.09
 
       1       5.5837743
       2       5.9176168
       3       5.5091257
       4       5.5489090
       5       5.7346843
       6       6.0979263
       7       6.3622317
       8       6.0890959
       9       6.1446247
      10       5.6858271
      11       5.3361754
      12       5.9808271
      13     5.83
 
       1 0.0
       2 0.0
       3 0.0
       4 0.0
       5 0.0
       6 0.0
       7 0.0
       8 0.0
       9 0.0
      10 0.0
      11 0.0
      12 0.0
      13 0.0
 
       1     0.022863563
       2     0.024412961
       3     0.022736245
       4     0.023076541
       5     0.023653749
       6     0.024886808
       7     0.025624055
       8     0.024812390
       9     0.025477778
      10     0.023654104
      11     0.022151993
      12     0.024887309
      13   0.0240
 
       1       1.0000000
       2       1.0000000
       3       1.0000000
       4       1.0000000
       5       1.0000000
       6       1.0000000
       7       1.0000000
       8       1.0000000
       9       1.0000000
      10       1.0000000
      11       1.0000000
      12       1.0000000
      13   1.0000
 
       1       0.0000000
       2       0.0000000
       3       0.0000000
       4       0.0000000
       5       0.0000000
       6       0.0000000
       7       0.0000000
       8       0.0000000
       9       0.0000000
      10       0.0000000
      11       0.0000000
      12       0.0000000
      13   0.0000
 
       1      0.72628559
       2      0.71547768
       3      0.68045673
       4      0.67059941
       5      0.64960784
       6      0.63457408
       7      0.66054952
       8      0.68996682
       9      0.70427202
      10      0.71553560
      11      0.71851183
      12      0.72735133
      13   0.6911
 
