       1       206.60776
       2       186.55645
       3       141.38964
       4       183.85461
       5       256.05454
       6       256.89857
       7       260.99141
       8       191.12648
       9       146.57964
      10       117.47497
      11       117.63188
      12       159.26631
      13  2224.43
 
       1       136.40032
       2       128.66455
       3       91.707951
       4       115.29237
       5       155.71288
       6       149.35433
       7       143.41249
       8       111.33040
       9       91.595172
      10       78.007435
      11       77.237604
      12       109.57560
      13  1388.29
 
       1       18.510803
       2       19.639735
       3       12.858795
       4       14.678361
       5       17.989675
       6       17.418365
       7       15.441466
       8       13.008309
       9       11.177783
      10       10.027263
      11       9.2311304
      12       14.551375
      13   174.53
 
       1       22.635877
       2       26.416271
       3       18.802332
       4       23.690444
       5       30.828929
       6       50.913406
       7       56.780771
       8       32.701614
       9       19.342697
      10       15.374546
      11       14.744306
      12       19.995051
      13   332.23
 
       1       15.704699
       2       21.147684
       3       14.909040
       4       21.073560
       5       34.518838
       6       54.212009
       7       48.298176
       8       39.889571
       9       29.308741
      10       19.980063
      11       12.961746
      12       16.711118
      13   328.72
 
       1       15.806336
       2       20.857495
       3       18.044236
       4       25.953705
       5       37.395686
       6       42.234238
       7       33.206513
       8       24.360524
       9       19.631980
      10       15.313574
      11       12.153546
      12       13.461498
      13    23.20
 
       1 0.0
       2 0.0
       3 0.0
       4 0.0
       5 0.0
       6 0.0
       7 0.0
       8 0.0
       9 0.0
      10 0.0
      11 0.0
      12 0.0
      13 0.0
 
       1     0.019682884
       2     0.026727679
       3     0.022206267
       4     0.031457280
       5     0.045791117
       6     0.051577518
       7     0.039341477
       8     0.028692246
       9     0.023251646
      10     0.018385452
      11     0.014804417
      12     0.016837293
      13   0.0282
 
       1      0.89810929
       2      0.89818273
       3      0.89747939
       4      0.89660807
       5      0.89548197
       6      0.89623645
       7      0.89775216
       8      0.89920209
       9      0.89670837
      10      0.89713487
      11      0.89919396
      12      0.89903998
      13   0.8976
 
       1    0.0022552341
       2    0.0030071253
       3    0.0025758061
       4    0.0036751267
       5    0.0052979888
       6    0.0059605831
       7    0.0046146877
       8    0.0033901161
       9    0.0027475548
      10    0.0021637041
      11    0.0017274147
      12    0.0019284211
      13   0.0033
 
       1      0.30083260
       2      0.32924904
       3      0.33918761
       4      0.35450841
       5      0.39228842
       6      0.41688527
       7      0.37966744
       8      0.35128477
       9      0.32503293
      10      0.31471558
      11      0.31382841
      12      0.29292334
      13   0.3425
 
