       1       131.00646
       2       150.59241
       3       146.66095
       4       138.32440
       5       127.33877
       6       138.65987
       7       126.96610
       8       116.27894
       9       105.07485
      10       80.257952
      11       69.223296
      12       71.039058
      13  1401.42
 
       1       92.667196
       2       100.06837
       3       90.679366
       4       88.567728
       5       78.993788
       6       83.843947
       7       72.845725
       8       66.996652
       9       65.495915
      10       56.171712
      11       47.172022
      12       49.307730
      13   892.81
 
       1       12.273298
       2       12.793846
       3       8.9522544
       4       9.5925080
       5       7.6865341
       6       7.4724980
       7       6.6670494
       8       6.4112171
       9       6.5817873
      10       7.0199910
      11       5.5464008
      12       5.7619276
      13    96.76
 
       1       12.469987
       2       14.791831
       3       10.240531
       4       13.016313
       5       9.4494750
       6       14.091486
       7       15.202296
       8       13.916531
       9       11.089450
      10       7.3227454
      11       6.4480494
      12       6.0877903
      13   134.13
 
       1       10.687862
       2       13.334239
       3       12.473299
       4       14.597667
       5       13.632727
       6       17.503503
       7       20.818555
       8       22.252026
       9       21.007859
      10       15.125671
      11       7.3311058
      12       6.5482304
      13   175.31
 
       1       9.9750812
       2       13.619370
       3       12.526356
       4       18.120747
       5       17.418722
       6       22.604846
       7       18.020367
       8       15.147533
       9       14.139911
      10       10.664945
      11       6.7639045
      12       5.2968661
      13    13.69
 
       1 0.0
       2 0.0
       3 0.0
       4 0.0
       5 0.0
       6 0.0
       7 0.0
       8 0.0
       9 0.0
      10 0.0
      11 0.0
      12 0.0
      13 0.0
 
       1      0.10928458
       2      0.14782067
       3      0.12982959
       4      0.19220144
       5      0.18087554
       6      0.23916958
       7      0.18335679
       8      0.15224115
       9      0.14378049
      10      0.11003156
      11     0.067960755
      12     0.053901620
      13   0.1425
 
       1      0.83324842
       2      0.83204811
       3      0.83032279
       4      0.83331666
       5      0.83128042
       6      0.83032781
       7      0.83094557
       8      0.83071826
       9      0.82996425
      10      0.83142059
      11      0.83656997
      12      0.83007287
      13   0.8317
 
       1     0.018836435
       2     0.025529100
       3     0.023044362
       4     0.033675720
       5     0.032205274
       6     0.042035664
       7     0.032900662
       8     0.027516884
       9     0.025884328
      10     0.019743155
      11     0.012444897
      12    0.0098133929
      13   0.0253
 
       1      0.70335358
       2      0.75215834
       3      0.75052652
       4      0.79874940
       5      0.81071878
       6      0.86608794
       7      0.82129037
       8      0.79448009
       9      0.81274610
      10      0.74488486
      11      0.56517663
      12      0.62367660
      13   0.7537
 
