       1       513.25132
       2       459.34060
       3       501.52548
       4       472.82848
       5       508.93869
       6       482.54014
       7       531.02790
       8       518.67366
       9       452.65465
      10       470.75046
      11       461.39252
      12       501.30899
      13  5874.23
 
       1       308.22911
       2       277.62739
       3       309.67907
       4       288.75667
       5       308.86293
       6       289.82839
       7       324.51532
       8       317.73416
       9       280.55465
      10       291.25293
      11       281.74430
      12       302.13096
      13  3580.92
 
       1       39.650784
       2       35.372742
       3       38.297026
       4       35.283858
       5       38.273377
       6       35.699438
       7       40.019273
       8       40.136019
       9       34.154209
      10       35.515393
      11       35.096476
      12       37.947247
      13   445.45
 
       1       142.81968
       2       125.04672
       3       132.29550
       4       125.56754
       5       135.21651
       6       130.52042
       7       141.40516
       8       136.77579
       9       118.27784
      10       123.33243
      11       123.95814
      12       136.97623
      13  1572.19
 
       1       23.188026
       2       21.139415
       3       21.497627
       4       23.026020
       5       26.275247
       6       26.612471
       7       24.142079
       8       24.492296
       9       19.781619
      10       20.653952
      11       20.921605
      12       23.458864
      13   275.19
 
       1       6.3486316
       2       5.9714531
       3       6.0687281
       4       5.7631906
       5       6.1094783
       6       5.9436504
       7       6.5752686
       8       6.5376361
       9       5.6903770
      10       5.6723188
      11       5.6781744
      12       6.0814058
      13     6.04
 
       1 0.0
       2 0.0
       3 0.0
       4 0.0
       5 0.0
       6 0.0
       7 0.0
       8 0.0
       9 0.0
      10 0.0
      11 0.0
      12 0.0
      13 0.0
 
       1     0.026112932
       2     0.024660721
       3     0.025275677
       4     0.023611769
       5     0.024845383
       6     0.023764405
       7     0.026925734
       8     0.026696348
       9     0.023677012
      10     0.023635857
      11     0.023350471
      12     0.024854046
      13   0.0248
 
       1       1.0000000
       2       1.0000000
       3       1.0000000
       4       1.0000000
       5       1.0000000
       6       1.0000000
       7       1.0000000
       8       1.0000000
       9       1.0000000
      10       1.0000000
      11       1.0000000
      12       1.0000000
      13   1.0000
 
       1       0.0000000
       2       0.0000000
       3       0.0000000
       4       0.0000000
       5       0.0000000
       6       0.0000000
       7       0.0000000
       8       0.0000000
       9       0.0000000
      10       0.0000000
      11       0.0000000
      12       0.0000000
      13   0.0000
 
       1      0.71513146
       2      0.69716386
       3      0.65515814
       4      0.61973915
       5      0.59729501
       6      0.58427706
       7      0.64018950
       8      0.65050282
       9      0.65534197
      10      0.69573046
      11      0.68257341
      12      0.70527978
      13   0.6582
 
