       1       481.76547
       2       451.82273
       3       487.44793
       4       454.72661
       5       491.02434
       6       518.72607
       7       571.92527
       8       557.18579
       9       493.98843
      10       487.16637
      11       446.74605
      12       481.40152
      13  5923.93
 
       1       290.09784
       2       271.99493
       3       298.62716
       4       279.27833
       5       302.00041
       6       314.31513
       7       347.54262
       8       337.66545
       9       305.00085
      10       306.26595
      11       276.10633
      12       292.52539
      13  3621.42
 
       1       37.353281
       2       34.342064
       3       37.223426
       4       34.477491
       5       36.130549
       6       39.273746
       7       42.858400
       8       41.689076
       9       38.328533
      10       36.086424
      11       33.375995
      12       36.234546
      13   447.37
 
       1       130.69267
       2       122.60852
       3       129.50644
       4       117.57867
       5       127.44122
       6       136.59352
       7       153.93007
       8       148.31940
       9       127.60167
      10       124.64978
      11       116.56530
      12       129.48718
      13  1564.97
 
       1       24.275119
       2       22.039191
       3       23.286929
       4       22.770438
       5       25.689341
       6       27.151286
       7       28.444172
       8       29.319321
       9       24.265503
      10       20.584121
      11       20.379566
      12       22.020598
      13   290.23
 
       1       5.7873488
       2       6.1050800
       3       5.8410783
       4       5.5066784
       5       5.7317980
       6       6.4952265
       7       6.8946959
       8       6.5762460
       9       6.2829851
      10       5.7263563
      11       5.4584765
      12       5.8366807
      13     6.02
 
       1 0.0
       2 0.0
       3 0.0
       4 0.0
       5 0.0
       6 0.0
       7 0.0
       8 0.0
       9 0.0
      10 0.0
      11 0.0
      12 0.0
      13 0.0
 
       1     0.023958991
       2     0.025001163
       3     0.024248298
       4     0.022677411
       5     0.023591644
       6     0.026303904
       7     0.028216831
       8     0.026947128
       9     0.025977753
      10     0.024273573
      11     0.022754263
      12     0.024081006
      13   0.0248
 
       1       1.0000000
       2       1.0000000
       3       1.0000000
       4       1.0000000
       5       1.0000000
       6       1.0000000
       7       1.0000000
       8       1.0000000
       9       1.0000000
      10       1.0000000
      11       1.0000000
      12       1.0000000
      13   1.0000
 
       1       0.0000000
       2       0.0000000
       3       0.0000000
       4       0.0000000
       5       0.0000000
       6       0.0000000
       7       0.0000000
       8       0.0000000
       9       0.0000000
      10       0.0000000
      11       0.0000000
      12       0.0000000
      13   0.0000
 
       1      0.73025118
       2      0.71517185
       3      0.68607306
       4      0.65573792
       5      0.63217293
       6      0.62745648
       7      0.67519814
       8      0.69659338
       9      0.69872125
      10      0.71169855
      11      0.71935808
      12      0.71554679
      13   0.6887
 
