       1       502.02743
       2       413.93527
       3       507.49946
       4       480.46650
       5       518.25103
       6       524.26174
       7       559.14288
       8       522.36232
       9       485.90941
      10       469.12600
      11       464.00305
      12       462.08312
      13  5909.07
 
       1       299.42810
       2       251.78081
       3       308.75180
       4       295.08717
       5       316.24507
       6       320.70380
       7       342.04111
       8       318.79942
       9       301.05083
      10       289.47112
      11       288.02883
      12       280.37387
      13  3611.76
 
       1       38.493837
       2       32.122812
       3       39.077785
       4       36.000559
       5       39.025314
       6       39.650112
       7       42.043987
       8       39.785032
       9       36.642579
      10       35.715076
      11       34.470226
      12       35.333323
      13   448.36
 
       1       141.13618
       2       111.05804
       3       135.47969
       4       125.44663
       5       136.87474
       6       137.56582
       7       149.81009
       8       138.61728
       9       126.08664
      10       122.46912
      11       122.57324
      12       124.92752
      13  1572.04
 
       1       22.994796
       2       18.819703
       3       23.811752
       4       23.966784
       5       26.153575
       6       24.699103
       7       26.557451
       8       24.964935
       9       21.787251
      10       22.095475
      11       19.090623
      12       21.511331
      13   276.45
 
       1       6.1891111
       2       5.7782676
       3       6.2456059
       4       5.7935841
       5       6.1344508
       6       6.5552962
       7       6.8656660
       8       6.4034849
       9       6.0524560
      10       5.5549642
      11       5.6944625
      12       5.6924253
      13     6.08
 
       1 0.0
       2 0.0
       3 0.0
       4 0.0
       5 0.0
       6 0.0
       7 0.0
       8 0.0
       9 0.0
      10 0.0
      11 0.0
      12 0.0
      13 0.0
 
       1     0.025158496
       2     0.023864244
       3     0.025796186
       4     0.024036810
       5     0.025090766
       6     0.026738336
       7     0.028005769
       8     0.026221113
       9     0.025190545
      10     0.023079078
      11     0.023758284
      12     0.023500551
      13   0.0250
 
       1       1.0000000
       2       1.0000000
       3       1.0000000
       4       1.0000000
       5       1.0000000
       6       1.0000000
       7       1.0000000
       8       1.0000000
       9       1.0000000
      10       1.0000000
      11       1.0000000
      12       1.0000000
      13   1.0000
 
       1       0.0000000
       2       0.0000000
       3       0.0000000
       4       0.0000000
       5       0.0000000
       6       0.0000000
       7       0.0000000
       8       0.0000000
       9       0.0000000
      10       0.0000000
      11       0.0000000
      12       0.0000000
      13   0.0000
 
       1      0.70192809
       2      0.68481492
       3      0.65271436
       4      0.61607692
       5      0.61760505
       6      0.59210539
       7      0.63886261
       8      0.66560058
       9      0.67643497
      10      0.69516988
      11      0.70424313
      12      0.70930429
      13   0.6629
 
