       1       227.43427
       2       212.81444
       3       194.61773
       4       215.17131
       5       216.81780
       6       232.06274
       7       224.26376
       8       207.59544
       9       167.30684
      10       148.86047
      11       142.21745
      12       116.72832
      13  2305.89
 
       1       151.00857
       2       143.20557
       3       128.29128
       4       133.28444
       5       132.89156
       6       135.56330
       7       123.91261
       8       118.15494
       9       104.41426
      10       95.988731
      11       96.795459
      12       82.575121
      13  1446.09
 
       1       19.982543
       2       20.653539
       3       18.123763
       4       16.681601
       5       16.534871
       6       15.680185
       7       14.158087
       8       13.543217
       9       12.177971
      10       11.206650
      11       12.595009
      12       11.287368
      13   182.62
 
       1       28.530790
       2       25.582853
       3       26.132596
       4       27.720039
       5       31.168962
       6       44.742126
       7       47.454859
       8       38.205147
       9       21.676071
      10       16.874030
      11       17.302900
      12       15.736024
      13   341.13
 
       1       23.125507
       2       22.398427
       3       23.618255
       4       24.229593
       5       31.775608
       6       40.487825
       7       44.755787
       8       44.626992
       9       34.243856
      10       20.659823
      11       18.641680
      12       14.599595
      13   343.16
 
       1       18.329937
       2       21.902964
       3       23.001867
       4       31.538886
       5       33.889949
       6       35.676316
       7       29.833512
       8       26.019657
       9       22.795481
      10       16.838497
      11       14.317989
      12       10.792780
      13    23.74
 
       1 0.0
       2 0.0
       3 0.0
       4 0.0
       5 0.0
       6 0.0
       7 0.0
       8 0.0
       9 0.0
      10 0.0
      11 0.0
      12 0.0
      13 0.0
 
       1     0.017962161
       2     0.021865816
       3     0.022476761
       4     0.030547837
       5     0.032607701
       6     0.033828114
       7     0.027769637
       8     0.023985384
       9     0.021368566
      10     0.015983857
      11     0.013957811
      12     0.010522241
      13   0.0227
 
       1      0.88380886
       2      0.88310879
       3      0.88272097
       4      0.88201684
       5      0.88081783
       6      0.88135001
       7      0.88401670
       8      0.88516693
       9      0.88324733
      10      0.88424788
      11      0.88633083
      12      0.88640701
      13   0.8836
 
       1    0.0023491454
       2    0.0028259027
       3    0.0029517327
       4    0.0040324115
       5    0.0043260726
       6    0.0045094341
       7    0.0037386303
       8    0.0032544996
       9    0.0028751923
      10    0.0021430660
      11    0.0018425189
      12    0.0013898092
      13   0.0030
 
       1      0.28091555
       2      0.29210723
       3      0.32460099
       4      0.36021948
       5      0.38114801
       6      0.39905439
       7      0.36666112
       8      0.33492109
       9      0.32585457
      10      0.30559664
      11      0.29758860
      12      0.27897889
      13   0.3290
 
