       1       11.815145
       2       13.424164
       3       16.474857
       4       26.639168
       5       32.281490
       6       56.035772
       7       48.007528
       8       25.923050
       9       19.160204
      10       11.676431
      11       10.921869
      12       5.2357302
      13   277.60
 
       1       7.1502261
       2       8.5953715
       3       10.945410
       4       14.611519
       5       17.349105
       6       28.726073
       7       23.971397
       8       14.772223
       9       11.113416
      10       7.7050142
      11       7.5278882
      12       4.0388095
      13   156.51
 
       1      0.83472228
       2       1.2169712
       3       1.9858862
       4       2.4820810
       5       2.4374075
       6       3.8199350
       7       3.0562963
       8       2.0927577
       9       1.5581664
      10       1.1538443
      11       1.0905577
      12      0.55820320
      13    22.29
 
       1      0.93292676
       2       1.1748317
       3       3.2224792
       4       3.5236148
       5       3.4985150
       6       15.658610
       7       17.668001
       8       6.0060471
       9       2.5218140
      10       1.0807541
      11      0.95028586
      12      0.76375610
      13    57.00
 
       1      0.37438302
       2      0.47202872
       3       1.7686897
       4       2.5570435
       5       2.6698918
       6       7.6258110
       7       6.9388992
       8       3.7367732
       9       2.1805878
      10      0.67434912
      11      0.19259793
      12      0.27342812
      13    29.46
 
       1      0.91831274
       2       1.4771444
       3       2.8602029
       4       3.1272967
       5       3.0137497
       6       5.2193693
       7       3.7203542
       8       2.2689336
       9       1.7810172
      10       1.2344289
      11       1.0519615
      12      0.55508118
      13     2.27
 
       1 0.0
       2 0.0
       3 0.0
       4 0.0
       5 0.0
       6 0.0
       7 0.0
       8 0.0
       9 0.0
      10 0.0
      11 0.0
      12 0.0
      13 0.0
 
       1     0.019326207
       2     0.032673933
       3     0.060410750
       4     0.063939460
       5     0.059777888
       6      0.10427080
       7     0.070695141
       8     0.042914280
       9     0.034803274
      10     0.026115428
      11     0.023535523
      12     0.012061021
      13   0.0459
 
       1      0.87144754
       2      0.87340692
       3      0.86746440
       4      0.86605680
       5      0.86580604
       6      0.86667224
       7      0.86674868
       8      0.86736437
       9      0.86647335
      10      0.87015100
      11      0.87317426
      12      0.87324562
      13   0.8690
 
       1    0.0026153400
       2    0.0042605715
       3    0.0081487032
       4    0.0087597509
       5    0.0082813734
       6     0.014284032
       7    0.0099622642
       8    0.0061301017
       9    0.0048901896
      10    0.0035257172
      11    0.0030682081
      12    0.0016155523
      13   0.0063
 
       1      0.83109252
       2      0.85916277
       3      0.95293233
       4      0.96234685
       5      0.97164388
       6      0.98491416
       7      0.97643714
       8      0.97344947
       9      0.97489808
      10      0.95549819
      11      0.92920253
      12      0.86644269
      13   0.9365
 
