       1       478.72288
       2       420.28609
       3       489.02354
       4       471.21055
       5       521.08109
       6       519.75446
       7       510.31002
       8       539.33924
       9       442.14295
      10       453.33670
      11       447.82997
      12       525.98382
      13  5819.02
 
       1       288.25639
       2       254.57141
       3       300.95181
       4       289.33915
       5       319.04093
       6       315.63606
       7       309.93034
       8       330.56691
       9       276.09688
      10       286.44680
      11       275.16719
      12       319.16352
      13  3565.17
 
       1       36.424776
       2       32.579799
       3       37.303258
       4       35.475153
       5       39.262183
       6       38.940014
       7       39.526925
       8       41.058175
       9       34.656649
      10       34.157230
      11       33.383143
      12       39.678370
      13   442.45
 
       1       133.88602
       2       112.74433
       3       127.98322
       4       123.58044
       5       134.98198
       6       138.44378
       7       135.47752
       8       142.77099
       9       112.95342
      10       114.53959
      11       119.75896
      12       143.44669
      13  1540.57
 
       1       21.281963
       2       19.853039
       3       22.699444
       4       23.250818
       5       26.550037
       6       26.608820
       7       25.501659
       8       25.249889
       9       19.633244
      10       17.500314
      11       19.039501
      12       23.528065
      13   270.70
 
       1       5.7369115
       2       5.7461769
       3       5.8442669
       4       5.6946096
       5       6.0745781
       6       6.4529675
       7       6.3674488
       8       6.7115008
       9       5.7402112
      10       5.4793445
      11       5.5239406
      12       6.5007308
      13     5.99
 
       1 0.0
       2 0.0
       3 0.0
       4 0.0
       5 0.0
       6 0.0
       7 0.0
       8 0.0
       9 0.0
      10 0.0
      11 0.0
      12 0.0
      13 0.0
 
       1     0.023594520
       2     0.023715293
       3     0.024449368
       4     0.023618138
       5     0.025059686
       6     0.026420846
       7     0.026070567
       8     0.027503155
       9     0.024137943
      10     0.023214544
      11     0.022753333
      12     0.026700281
      13   0.0248
 
       1       1.0000000
       2       1.0000000
       3       1.0000000
       4       1.0000000
       5       1.0000000
       6       1.0000000
       7       1.0000000
       8       1.0000000
       9       1.0000000
      10       1.0000000
      11       1.0000000
      12       1.0000000
      13   1.0000
 
       1       0.0000000
       2       0.0000000
       3       0.0000000
       4       0.0000000
       5       0.0000000
       6       0.0000000
       7       0.0000000
       8       0.0000000
       9       0.0000000
      10       0.0000000
      11       0.0000000
      12       0.0000000
      13   0.0000
 
       1      0.74268297
       2      0.72097791
       3      0.67835349
       4      0.63550105
       5      0.60656970
       6      0.60462331
       7      0.64618384
       8      0.68536497
       9      0.69554412
      10      0.71685626
      11      0.71901129
      12      0.75147641
      13   0.6836
 
