       1       12.022718
       2       11.815724
       3       16.151814
       4       26.699803
       5       40.578747
       6       46.854265
       7       43.509519
       8       24.987480
       9       20.796673
      10       12.266281
      11       7.2924597
      12       9.8518122
      13   272.83
 
       1       8.2846910
       2       8.0323195
       3       10.605291
       4       16.013956
       5       21.583996
       6       24.119554
       7       23.271162
       8       13.833500
       9       12.021871
      10       8.0730465
      11       5.5940057
      12       6.6896497
      13   158.12
 
       1       1.0829157
       2       1.0935725
       3       2.0592333
       4       2.9932406
       5       2.9911230
       6       2.9523153
       7       3.1165100
       8       1.8801110
       9       1.5106116
      10       1.1110861
      11      0.77617245
      12      0.83870692
      13    22.41
 
       1       1.1204779
       2       1.0914489
       3       2.4718931
       4       4.9327456
       5       6.4984050
       6       11.427220
       7       14.524621
       8       5.8360910
       9       3.2196873
      10      0.96758246
      11      0.68610617
      12       1.0769154
      13    53.85
 
       1      0.18497229
       2      0.67680025
       3       1.9807064
       4       2.8370476
       5       4.1732063
       6       5.4191663
       7       5.9149303
       8       3.9201707
       9       2.1248060
      10      0.63728790
      11      0.18574761
      12      0.36997875
      13    28.42
 
       1      0.89461861
       2       1.2102172
       3       2.1159411
       4       3.6957041
       5       3.6762972
       6       3.7412263
       7       3.7500808
       8       2.1768647
       9       1.7797107
      10       1.1570754
      11      0.76421054
      12      0.72210857
      13     2.14
 
       1 0.0
       2 0.0
       3 0.0
       4 0.0
       5 0.0
       6 0.0
       7 0.0
       8 0.0
       9 0.0
      10 0.0
      11 0.0
      12 0.0
      13 0.0
 
       1     0.024447930
       2     0.031467465
       3     0.054546704
       4     0.093606533
       5     0.091278349
       6     0.088665775
       7     0.087494108
       8     0.050106566
       9     0.041978026
      10     0.029969715
      11     0.020910166
      12     0.019301892
      13   0.0528
 
       1      0.92640674
       2      0.92446039
       3      0.92319732
       4      0.92208699
       5      0.92310295
       6      0.92232852
       7      0.92259346
       8      0.92122806
       9      0.92162877
      10      0.92482683
      11      0.92635831
      12      0.92657191
      13   0.9237
 
       1    0.0018541265
       2    0.0024510330
       3    0.0042800660
       4    0.0073796028
       5    0.0072244524
       6    0.0071555240
       7    0.0071431646
       8    0.0041423443
       9    0.0034402741
      10    0.0023423737
      11    0.0015966281
      12    0.0014895233
      13   0.0042
 
       1      0.88694555
       2      0.84999276
       3      0.94105166
       4      0.97751183
       5      0.98472473
       6      0.98107480
       7      0.97761598
       8      0.97905580
       9      0.98027322
      10      0.96802608
      11      0.94759140
      12      0.91746005
      13   0.9493
 
