       1       486.89193
       2       453.68239
       3       495.74828
       4       457.41330
       5       492.13013
       6       483.78144
       7       534.97988
       8       485.36308
       9       462.93128
      10       447.75743
      11       438.04162
      12       480.34344
      13  5719.06
 
       1       291.67158
       2       275.12048
       3       303.50072
       4       281.22588
       5       299.03371
       6       292.45761
       7       323.21809
       8       298.15893
       9       288.23764
      10       278.31957
      11       269.81735
      12       290.92346
      13  3491.69
 
       1       36.947449
       2       35.121147
       3       38.016828
       4       34.358312
       5       36.590902
       6       36.610580
       7       40.540179
       8       37.663192
       9       35.681918
      10       33.740746
      11       32.784197
      12       36.490215
      13   434.55
 
       1       134.96088
       2       123.22267
       3       133.23796
       4       120.40725
       5       131.94237
       6       128.39739
       7       144.75325
       8       127.82432
       9       118.81975
      10       115.76605
      11       115.68466
      12       131.64930
      13  1526.67
 
       1       21.628589
       2       20.498739
       3       21.778045
       4       21.664949
       5       24.485187
       6       25.260526
       7       26.426483
       8       21.242154
       9       21.273624
      10       19.476885
      11       19.869461
      12       20.889648
      13   264.49
 
       1       5.8778611
       2       6.2280657
       3       6.0507576
       4       5.5367551
       5       5.7807354
       6       6.1386301
       7       6.5975833
       8       6.1697260
       9       5.9445634
      10       5.2952170
      11       5.4234971
      12       5.8378808
      13     5.91
 
       1 0.0
       2 0.0
       3 0.0
       4 0.0
       5 0.0
       6 0.0
       7 0.0
       8 0.0
       9 0.0
      10 0.0
      11 0.0
      12 0.0
      13 0.0
 
       1     0.024129868
       2     0.025824490
       3     0.025224810
       4     0.022995688
       5     0.023620786
       6     0.024728057
       7     0.026735369
       8     0.025522038
       9     0.024983725
      10     0.022033575
      11     0.022488119
      12     0.024027842
      13   0.0244
 
       1       1.0000000
       2       1.0000000
       3       1.0000000
       4       1.0000000
       5       1.0000000
       6       1.0000000
       7       1.0000000
       8       1.0000000
       9       1.0000000
      10       1.0000000
      11       1.0000000
      12       1.0000000
      13   1.0000
 
       1       0.0000000
       2       0.0000000
       3       0.0000000
       4       0.0000000
       5       0.0000000
       6       0.0000000
       7       0.0000000
       8       0.0000000
       9       0.0000000
      10       0.0000000
      11       0.0000000
      12       0.0000000
      13   0.0000
 
       1      0.70971508
       2      0.68980374
       3      0.63908661
       4      0.61577716
       5      0.60177213
       6      0.57919969
       7      0.62107908
       8      0.64370031
       9      0.65948745
      10      0.68519122
      11      0.70508921
      12      0.70688787
      13   0.6547
 
