       1       82.416520
       2       49.195937
       3       51.496661
       4       44.121015
       5       26.815094
       6       19.277697
       7       16.567075
       8       9.6190524
       9       11.569009
      10       29.866136
      11       50.380341
      12       60.596131
      13   451.92
 
       1       43.337478
       2       25.939509
       3       29.895424
       4       27.130436
       5       17.930513
       6       12.723243
       7       11.546888
       8       6.4992313
       9       7.4659283
      10       17.150602
      11       27.458856
      12       30.855960
      13   257.93
 
       1       7.3093427
       2       4.3685172
       3       4.3282420
       4       3.1608769
       5       1.6760947
       6       1.0852896
       7      0.82788660
       8      0.54458122
       9      0.73860963
      10       2.2072409
      11       4.0552295
      12       5.3682027
      13    35.67
 
       1       27.964192
       2       15.672573
       3       14.601894
       4       12.447343
       5       7.1491112
       6       6.1850982
       7       5.0978176
       8       2.7039358
       9       3.0192426
      10       8.7914745
      11       16.180198
      12       18.810018
      13   138.62
 
       1       4.4565124
       2       2.5775612
       3       2.3450978
       4       2.0320263
       5       1.3568655
       6       1.5911754
       7       1.2837302
       8      0.86861548
       9      0.69278443
      10       1.7169638
      11       2.7387355
      12       3.2268551
      13    24.89
 
       1       1.0976438
       2      0.78661487
       3      0.69999776
       4      0.56183260
       5      0.29479016
       6      0.22786838
       7      0.16001386
       8     0.093937375
       9      0.12684379
      10      0.34682572
      11      0.65480933
      12      0.78947604
      13     0.49
 
       1 0.0
       2 0.0
       3 0.0
       4 0.0
       5 0.0
       6 0.0
       7 0.0
       8 0.0
       9 0.0
      10 0.0
      11 0.0
      12 0.0
      13 0.0
 
       1     0.028821498
       2     0.020764232
       3     0.019202613
       4     0.015514995
       5    0.0086283181
       6    0.0063558395
       7    0.0048000057
       8    0.0028262272
       9    0.0036707734
      10    0.0092637907
      11     0.017149390
      12     0.020670586
      13   0.0131
 
       1       1.0000000
       2       1.0000000
       3       1.0000000
       4       1.0000000
       5       1.0000000
       6       1.0000000
       7       1.0000000
       8       1.0000000
       9       1.0000000
      10       1.0000000
      11       1.0000000
      12       1.0000000
      13   1.0000
 
       1       0.0000000
       2       0.0000000
       3       0.0000000
       4       0.0000000
       5       0.0000000
       6       0.0000000
       7       0.0000000
       8       0.0000000
       9       0.0000000
      10       0.0000000
      11       0.0000000
      12       0.0000000
      13   0.0000
 
       1      0.68554772
       2      0.61582751
       3      0.54334399
       4      0.48083444
       5      0.32534281
       6      0.31667888
       7      0.42190551
       8      0.46780236
       9      0.48520384
      10      0.54524919
      11      0.63577485
      12      0.67278268
      13   0.5164
 
