       1       479.11252
       2       437.35561
       3       469.46510
       4       471.29263
       5       538.73366
       6       539.84044
       7       532.06888
       8       535.51307
       9       486.73814
      10       481.29274
      11       440.72650
      12       496.73913
      13  5908.88
 
       1       290.15190
       2       266.64677
       3       287.50201
       4       290.96312
       5       330.86493
       6       326.55853
       7       324.44644
       8       323.58531
       9       303.11489
      10       298.21899
      11       273.38025
      12       296.06589
      13  3611.50
 
       1       37.140713
       2       34.076797
       3       36.374469
       4       35.252369
       5       39.918255
       6       41.063897
       7       40.045818
       8       41.410311
       9       36.703059
      10       36.790866
      11       32.561013
      12       37.865439
      13   449.20
 
       1       130.77688
       2       114.71220
       3       125.43653
       4       122.92326
       5       140.27234
       6       142.62194
       7       143.10894
       8       143.99311
       9       126.19343
      10       124.92900
      11       114.76865
      12       138.57842
      13  1568.31
 
       1       21.327080
       2       19.978510
       3       22.105122
       4       21.671624
       5       26.456855
       6       28.223994
       7       25.293118
       8       28.007719
       9       20.760506
      10       21.625499
      11       19.150720
      12       24.082120
      13   278.68
 
       1       5.9398501
       2       5.7238838
       3       5.7382463
       4       5.7168267
       5       6.3185561
       6       6.7075906
       7       6.4774425
       8       6.6108083
       9       5.9585730
      10       5.8379473
      11       5.3545284
      12       6.0306585
      13     6.03
 
       1 0.0
       2 0.0
       3 0.0
       4 0.0
       5 0.0
       6 0.0
       7 0.0
       8 0.0
       9 0.0
      10 0.0
      11 0.0
      12 0.0
      13 0.0
 
       1     0.024687712
       2     0.023771467
       3     0.023760093
       4     0.023704400
       5     0.026023750
       6     0.027405494
       7     0.026521980
       8     0.026972990
       9     0.025226284
      10     0.024414071
      11     0.022345481
      12     0.024517067
      13   0.0249
 
       1       1.0000000
       2       1.0000000
       3       1.0000000
       4       1.0000000
       5       1.0000000
       6       1.0000000
       7       1.0000000
       8       1.0000000
       9       1.0000000
      10       1.0000000
      11       1.0000000
      12       1.0000000
      13   1.0000
 
       1       0.0000000
       2       0.0000000
       3       0.0000000
       4       0.0000000
       5       0.0000000
       6       0.0000000
       7       0.0000000
       8       0.0000000
       9       0.0000000
      10       0.0000000
      11       0.0000000
      12       0.0000000
      13   0.0000
 
       1      0.76354047
       2      0.72843175
       3      0.68514884
       4      0.65706172
       5      0.66036756
       6      0.63074976
       7      0.66974704
       8      0.68701402
       9      0.70833654
      10      0.71197070
      11      0.72001706
      12      0.73156074
      13   0.6962
 
