       1       30.285945
       2       29.476337
       3       23.154869
       4       20.929106
       5       25.139795
       6       17.833426
       7       18.705333
       8       16.347776
       9       11.947580
      10       11.210403
      11       19.810482
      12       32.614709
      13   257.46
 
       1       15.544000
       2       15.417432
       3       12.825938
       4       11.756031
       5       14.691223
       6       10.984634
       7       11.006897
       8       9.9451285
       9       7.3183953
      10       6.3956797
      11       10.310621
      12       16.477290
      13   142.67
 
       1       2.5421323
       2       2.4101262
       3       1.9350990
       4       1.7221518
       5       2.0558546
       6       1.3879859
       7       1.4492187
       8       1.2054279
       9      0.99168796
      10      0.93544078
      11       1.6279117
      12       2.3786219
      13    20.64
 
       1       9.9153058
       2       9.6474619
       3       6.9169117
       4       6.2449862
       5       7.5325204
       6       5.1674784
       7       6.3023011
       8       5.1253072
       9       3.5927985
      10       3.6246941
      11       6.8201306
      12       11.397468
      13    82.29
 
       1       1.3851904
       2       1.3393756
       3       1.1944789
       4      0.81459290
       5      0.96417054
       6      0.66071004
       7      0.72329770
       8      0.90826263
       9      0.85205677
      10      0.97428976
      11       1.4999435
      12       1.7204485
      13    13.04
 
       1      0.44634922
       2      0.46361654
       3      0.35639495
       4      0.36410515
       5      0.47089107
       6      0.32658314
       7      0.35052112
       8      0.28301524
       9      0.22624828
      10      0.17931770
      11      0.28384214
      12      0.41056916
      13     0.35
 
       1 0.0
       2 0.0
       3 0.0
       4 0.0
       5 0.0
       6 0.0
       7 0.0
       8 0.0
       9 0.0
      10 0.0
      11 0.0
      12 0.0
      13 0.0
 
       1     0.016632878
       2     0.017648627
       3     0.013895055
       4     0.014250353
       5     0.018755152
       6     0.014126172
       7     0.014191721
       8     0.012018207
       9    0.0092451018
      10    0.0069919129
      11     0.010613885
      12     0.015052721
      13   0.0136
 
       1       1.0000000
       2       1.0000000
       3       1.0000000
       4       1.0000000
       5       1.0000000
       6       1.0000000
       7       1.0000000
       8       1.0000000
       9       1.0000000
      10       1.0000000
      11       1.0000000
      12       1.0000000
      13   1.0000
 
       1       0.0000000
       2       0.0000000
       3       0.0000000
       4       0.0000000
       5       0.0000000
       6       0.0000000
       7       0.0000000
       8       0.0000000
       9       0.0000000
      10       0.0000000
      11       0.0000000
      12       0.0000000
      13   0.0000
 
       1      0.24688714
       2      0.26890623
       3      0.19567967
       4      0.18453246
       5      0.16947349
       6      0.13373958
       7      0.19360089
       8      0.14940887
       9      0.18341126
      10      0.26270572
      11      0.38116822
      12      0.31989543
      13   0.2241
 
