       1       137.36669
       2       159.55661
       3       170.02463
       4       178.86662
       5       264.98136
       6       240.14922
       7       228.27238
       8       222.55129
       9       152.31259
      10       94.156044
      11       100.82327
      12       139.62002
      13  2088.68
 
       1       95.508271
       2       105.77680
       3       107.99483
       4       112.71937
       5       160.16529
       6       141.25835
       7       127.24304
       8       127.93353
       9       95.231333
      10       63.993371
      11       67.984048
      12       93.470896
      13  1299.28
 
       1       14.072804
       2       14.404726
       3       13.257421
       4       14.336217
       5       18.816469
       6       16.525127
       7       14.298909
       8       14.197811
       9       11.456340
      10       9.0345321
      11       8.8191781
      12       11.320585
      13   160.54
 
       1       18.767407
       2       19.482493
       3       21.446958
       4       24.301009
       5       37.281680
       6       45.969121
       7       45.384007
       8       35.901698
       9       21.917952
      10       12.462218
      11       12.250135
      12       15.617062
      13   310.78
 
       1       14.751745
       2       16.760048
       3       16.665227
       4       21.489622
       5       39.925657
       6       46.428989
       7       44.831053
       8       48.029206
       9       32.690530
      10       15.940962
      11       12.288637
      12       11.820516
      13   321.62
 
       1       12.218241
       2       16.461432
       3       19.900703
       4       27.152502
       5       40.885828
       6       37.659219
       7       29.123149
       8       28.241904
       9       21.139025
      10       12.863934
      11       9.6965754
      12       10.826551
      13    22.18
 
       1 0.0
       2 0.0
       3 0.0
       4 0.0
       5 0.0
       6 0.0
       7 0.0
       8 0.0
       9 0.0
      10 0.0
      11 0.0
      12 0.0
      13 0.0
 
       1     0.011904443
       2     0.015921102
       3     0.018900586
       4     0.025931900
       5     0.039570904
       6     0.036302142
       7     0.026858359
       8     0.026046021
       9     0.019737066
      10     0.012030445
      11    0.0090186992
      12     0.010424857
      13   0.0211
 
       1      0.88398086
       2      0.88318028
       3      0.88234660
       4      0.88206081
       5      0.88143728
       6      0.88326314
       7      0.88498245
       8      0.88360828
       9      0.88175674
      10      0.88264241
      11      0.88362532
      12      0.88354709
      13   0.8830
 
       1    0.0015707372
       2    0.0021102787
       3    0.0025335057
       4    0.0034630016
       5    0.0052157480
       6    0.0047880593
       7    0.0036388753
       8    0.0035318831
       9    0.0026678429
      10    0.0016369756
      11    0.0012329339
      12    0.0013873032
      13   0.0028
 
       1      0.27302142
       2      0.27432140
       3      0.32108733
       4      0.34216305
       5      0.38818117
       6      0.39969583
       7      0.33534719
       8      0.31864866
       9      0.31476926
      10      0.29136891
      11      0.25663232
      12      0.24688490
      13   0.3135
 
