       1       139.29113
       2       184.50214
       3       176.23200
       4       188.30423
       5       224.35911
       6       180.88348
       7       212.17443
       8       176.37690
       9       146.45370
      10       149.05468
      11       125.46580
      12       173.82647
      13  2076.92
 
       1       93.531588
       2       122.15926
       3       114.83388
       4       119.65255
       5       139.94153
       6       106.44089
       7       118.30173
       8       102.95021
       9       92.851523
      10       98.215769
      11       85.854780
      12       118.39236
      13  1313.13
 
       1       12.063611
       2       15.980463
       3       15.577115
       4       15.863426
       5       17.162654
       6       12.907213
       7       13.198762
       8       11.778925
       9       11.833060
      10       12.472588
      11       10.839043
      12       15.185090
      13   164.86
 
       1       15.721513
       2       20.435849
       3       23.357001
       4       26.972531
       5       31.446049
       6       37.016078
       7       42.504392
       8       30.963914
       9       18.919789
      10       15.861488
      11       13.990568
      12       21.423043
      13   298.61
 
       1       13.948202
       2       17.226227
       3       20.640090
       4       23.945150
       5       30.667593
       6       32.958324
       7       38.596511
       8       34.372429
       9       25.791066
      10       26.244548
      11       17.030977
      12       21.401544
      13   302.82
 
       1       12.139014
       2       18.189476
       3       21.432180
       4       27.394428
       5       34.505102
       6       25.842271
       7       26.104660
       8       21.554952
       9       18.981118
      10       17.384534
      11       12.405796
      12       14.573854
      13    20.88
 
       1 0.0
       2 0.0
       3 0.0
       4 0.0
       5 0.0
       6 0.0
       7 0.0
       8 0.0
       9 0.0
      10 0.0
      11 0.0
      12 0.0
      13 0.0
 
       1     0.011487446
       2     0.017422480
       3     0.020285658
       4     0.026085556
       5     0.032776054
       6     0.023594625
       7     0.023337810
       8     0.019110905
       9     0.017166069
      10     0.016018366
      11     0.011554056
      12     0.014056227
      13   0.0194
 
       1      0.93897862
       2      0.93847044
       3      0.93793486
       4      0.93839472
       5      0.93768583
       6      0.93791530
       7      0.93817654
       8      0.93973834
       9      0.93772903
      10      0.93875496
      11      0.93992034
      12      0.93972655
      13   0.9386
 
       1   0.00081015144
       2    0.0012152675
       3    0.0014279212
       4    0.0018263675
       5    0.0022954834
       6    0.0017021401
       7    0.0017040438
       8    0.0014067747
       9    0.0012486486
      10    0.0011497807
      11   0.00082517738
      12   0.00097498445
      13   0.0014
 
       1      0.25987543
       2      0.28453569
       3      0.30712744
       4      0.34761216
       5      0.37320218
       6      0.36492862
       7      0.32566323
       8      0.29215883
       9      0.29448586
      10      0.28324477
      11      0.25591873
      12      0.26533233
      13   0.3045
 
