       1       178.01433
       2       130.13760
       3       182.60443
       4       203.86178
       5       274.44976
       6       236.06232
       7       233.32774
       8       199.17822
       9       160.82082
      10       102.60209
      11       105.26318
      12       122.24785
      13  2128.57
 
       1       121.67323
       2       86.874467
       3       116.25414
       4       126.79452
       5       168.39269
       6       137.50483
       7       130.96593
       8       114.41799
       9       99.867312
      10       69.569751
      11       70.660622
      12       84.070495
      13  1327.05
 
       1       17.706901
       2       11.571141
       3       15.645731
       4       15.661359
       5       19.785074
       6       16.296477
       7       14.530652
       8       12.924931
       9       11.588845
      10       9.9389426
      11       8.9793089
      12       11.082478
      13   165.71
 
       1       25.883928
       2       14.938427
       3       23.469866
       4       24.789860
       5       40.682001
       6       46.602134
       7       50.304675
       8       32.203103
       9       19.174037
      10       13.830994
      11       13.817133
      12       14.828501
      13   320.52
 
       1       18.543925
       2       11.776753
       3       20.063129
       4       21.680527
       5       40.155966
       6       47.078740
       7       48.179833
       8       40.448826
       9       31.556258
      10       20.008769
      11       13.221662
      12       12.976868
      13   325.69
 
       1       15.152740
       2       14.868295
       3       21.729373
       4       29.956061
       5       44.038362
       6       36.552515
       7       31.404920
       8       24.639111
       9       21.525662
      10       13.974706
      11       11.088748
      12       10.221196
      13    22.93
 
       1 0.0
       2 0.0
       3 0.0
       4 0.0
       5 0.0
       6 0.0
       7 0.0
       8 0.0
       9 0.0
      10 0.0
      11 0.0
      12 0.0
      13 0.0
 
       1     0.014942444
       2     0.014407067
       3     0.021113858
       4     0.028894700
       5     0.042974582
       6     0.035146845
       7     0.029124942
       8     0.022574837
       9     0.020002364
      10     0.013080040
      11     0.010337683
      12    0.0097953624
      13   0.0219
 
       1      0.88298361
       2      0.88279604
       3      0.88311554
       4      0.88376546
       5      0.88190085
       6      0.88322719
       7      0.88508014
       8      0.88430951
       9      0.88330861
      10      0.88332879
      11      0.88375527
      12      0.88297101
      13   0.8834
 
       1    0.0019496302
       2    0.0019071494
       3    0.0027860257
       4    0.0038306377
       5    0.0056353344
       6    0.0046472674
       7    0.0039304106
       8    0.0030766412
       9    0.0027090826
      10    0.0017747266
      11    0.0014078177
      12    0.0013088975
      13   0.0029
 
       1      0.28788801
       2      0.29860364
       3      0.32952131
       4      0.35350135
       5      0.39319864
       6      0.39999333
       7      0.34979952
       8      0.31692730
       9      0.30906990
      10      0.29383680
      11      0.27188641
      12      0.26144329
      13   0.3221
 
