       1       151.89929
       2       139.14847
       3       110.19526
       4       129.93858
       5       141.65691
       6       122.78047
       7       111.87853
       8       125.53204
       9       115.63432
      10       93.351414
      11       74.240097
      12       106.43574
      13  1422.69
 
       1       104.72224
       2       93.843985
       3       69.677736
       4       82.664617
       5       85.109959
       6       74.440041
       7       63.892918
       8       72.211878
       9       73.086003
      10       60.852119
      11       53.799748
      12       73.181350
      13   907.48
 
       1       14.164863
       2       12.464312
       3       7.6928644
       4       8.8786030
       5       8.0392346
       6       7.8089381
       7       6.1729716
       8       6.9169424
       9       8.0032702
      10       7.2706500
      11       7.3555107
      12       8.8649427
      13   103.63
 
       1       15.801436
       2       13.851256
       3       8.7045684
       4       9.8981732
       5       9.8850268
       6       15.406855
       7       14.814768
       8       14.237650
       9       10.898906
      10       6.8664745
      11       9.6913433
      12       9.5351071
      13   139.59
 
       1       11.188461
       2       13.725712
       3       9.1119907
       4       12.143663
       5       14.721969
       6       16.799161
       7       17.847512
       8       23.270793
       9       23.589020
      10       15.602861
      11       12.176150
      12       12.521288
      13   182.70
 
       1       10.499840
       2       12.271515
       3       9.8762393
       4       15.978023
       5       17.534198
       6       18.639067
       7       14.163125
       8       15.064510
       9       15.255469
      10       10.551049
      11       8.2674524
      12       7.5960054
      13    12.97
 
       1 0.0
       2 0.0
       3 0.0
       4 0.0
       5 0.0
       6 0.0
       7 0.0
       8 0.0
       9 0.0
      10 0.0
      11 0.0
      12 0.0
      13 0.0
 
       1      0.13809935
       2      0.16183269
       3      0.12254048
       4      0.20238638
       5      0.21940167
       6      0.23409449
       7      0.17183054
       8      0.18162096
       9      0.18769484
      10      0.13015565
      11      0.10513430
      12     0.097651524
      13   0.1627
 
       1      0.92581202
       2      0.92566399
       3      0.92424712
       4      0.92549510
       5      0.92540268
       6      0.92483687
       7      0.92501112
       8      0.92521933
       9      0.92553685
      10      0.92557208
      11      0.92586098
      12      0.92545858
      13   0.9253
 
       1     0.010551836
       2     0.012337727
       3    0.0097193662
       4     0.015845424
       5     0.017272938
       6     0.018383708
       7     0.013757446
       8     0.014577767
       9     0.014919253
      10     0.010387775
      11    0.0082419946
      12    0.0076032853
      13   0.0128
 
       1      0.70870068
       2      0.76180108
       3      0.72662344
       4      0.74817332
       5      0.78414119
       6      0.85796020
       7      0.81869535
       8      0.78735120
       9      0.80973208
      10      0.73627953
      11      0.72719122
      12      0.69889020
      13   0.7638
 
