       1       6.5044482
       2       12.926451
       3       21.370528
       4       28.885402
       5       38.851716
       6       53.411277
       7       38.144351
       8       25.074991
       9       19.412599
      10       12.488866
      11       7.2785924
      12       6.0654626
      13   270.41
 
       1       4.6528211
       2       8.2454359
       3       13.795159
       4       17.207374
       5       21.330311
       6       27.453206
       7       20.980326
       8       14.943062
       9       11.247317
      10       8.3085768
      11       5.2125162
      12       4.7757809
      13   158.15
 
       1      0.59282863
       2       1.1876243
       3       2.6710108
       4       3.0966468
       5       3.2231862
       6       3.3742541
       7       3.0039776
       8       2.2101370
       9       1.4935671
      10       1.3256220
      11      0.85716776
      12      0.62832497
      13    23.66
 
       1      0.42361675
       2       1.0926805
       3       3.1984078
       4       5.6948200
       5       6.6897564
       6       14.177226
       7       13.301232
       8       6.4830475
       9       3.4368534
      10       1.6947494
      11      0.79996976
      12      0.77153097
      13    57.76
 
       1      0.13914462
       2      0.45559901
       3       2.4357853
       4       3.2602453
       5       4.0007460
       6       7.2652509
       7       6.4507874
       8       3.7294815
       9       2.3304524
      10      0.79568157
      11      0.14683642
      12      0.13126474
      13    31.14
 
       1      0.52875971
       2       1.1690756
       3       2.8627197
       4       3.9995146
       5       4.1031128
       6       4.5238140
       7       3.5884063
       8       2.3783820
       9       1.7979474
      10       1.4866282
      11      0.78757287
      12      0.52250180
      13     2.31
 
       1 0.0
       2 0.0
       3 0.0
       4 0.0
       5 0.0
       6 0.0
       7 0.0
       8 0.0
       9 0.0
      10 0.0
      11 0.0
      12 0.0
      13 0.0
 
       1     0.012176156
       2     0.024019927
       3     0.061609661
       4     0.084442729
       5     0.085661654
       6     0.088872734
       7     0.069058761
       8     0.045328244
       9     0.035396588
      10     0.032145228
      11     0.017423888
      12     0.011589776
      13   0.0473
 
       1      0.87862807
       2      0.86894523
       3      0.86959058
       4      0.86890938
       5      0.86970653
       6      0.86685549
       7      0.86743943
       8      0.86555359
       9      0.86665758
      10      0.87122748
      11      0.87336372
      12      0.87499090
      13   0.8702
 
       1    0.0015572561
       2    0.0032939036
       3    0.0081869650
       4     0.011341817
       5     0.011511278
       6     0.012264887
       7    0.0097035082
       8    0.0064506124
       9    0.0049577238
      10    0.0042753944
      11    0.0023003326
      12    0.0015314763
      13   0.0064
 
       1      0.83465560
       2      0.82415199
       3      0.93989060
       4      0.96879934
       5      0.98454798
       6      0.98258334
       7      0.96937479
       8      0.96338639
       9      0.97205358
      10      0.96342284
      11      0.93344833
      12      0.86549876
      13   0.9335
 
