       1       126.28210
       2       94.093722
       3       170.36428
       4       119.54836
       5       110.85705
       6       138.90868
       7       127.51670
       8       117.95428
       9       124.51028
      10       87.537599
      11       112.33794
      12       141.66832
      13  1471.58
 
       1       87.827654
       2       65.341769
       3       108.41506
       4       75.908798
       5       70.453238
       6       85.299499
       7       71.233689
       8       67.807072
       9       77.784014
      10       58.127109
      11       73.471112
      12       97.762757
      13   939.43
 
       1       11.667185
       2       9.3959442
       3       12.634156
       4       9.0700723
       5       8.1270423
       6       8.8538126
       7       6.8013374
       8       6.9724592
       9       8.6231710
      10       7.2002652
      11       8.3563517
      12       12.982913
      13   110.68
 
       1       13.282736
       2       10.134912
       3       15.420527
       4       12.104555
       5       9.7112697
       6       17.032899
       7       16.260107
       8       14.007589
       9       12.036691
      10       7.3961065
      11       8.8574607
      12       17.135866
      13   153.38
 
       1       10.534724
       2       8.1901074
       3       14.727794
       4       13.817412
       5       12.337030
       6       19.871835
       7       20.808645
       8       23.306357
       9       25.030420
      10       17.412198
      11       11.646702
      12       17.513613
      13   195.20
 
       1       9.6072905
       2       9.3524569
       3       16.417719
       4       15.033127
       5       16.052887
       6       21.342456
       7       15.687630
       8       14.672439
       9       15.315732
      10       9.7801942
      11       8.6454694
      12       9.9157315
      13    13.49
 
       1 0.0
       2 0.0
       3 0.0
       4 0.0
       5 0.0
       6 0.0
       7 0.0
       8 0.0
       9 0.0
      10 0.0
      11 0.0
      12 0.0
      13 0.0
 
       1      0.10104956
       2     0.097429442
       3      0.16798975
       4      0.15318156
       5      0.16027258
       6      0.21425084
       7      0.15323496
       8      0.14351011
       9      0.15213106
      10     0.096185811
      11     0.086821289
      12      0.10428142
      13   0.1359
 
       1      0.93291217
       2      0.93163619
       3      0.93158177
       4      0.93215788
       5      0.93175644
       6      0.93148733
       7      0.93193654
       8      0.93216420
       9      0.93242247
      10      0.93291081
      11      0.93311955
      12      0.93321003
      13   0.9323
 
       1    0.0070756152
       2    0.0068807905
       3     0.011960958
       4     0.010971002
       5     0.011683039
       6     0.015482374
       7     0.011275545
       8     0.010566632
       9     0.011074337
      10    0.0070970521
      11    0.0063033554
      12    0.0073023400
      13   0.0098
 
       1      0.69028684
       2      0.72971342
       3      0.76453846
       4      0.75453762
       5      0.75767141
       6      0.84894414
       7      0.81163528
       8      0.80319220
       9      0.80655021
      10      0.68796235
      11      0.65802976
      12      0.67946739
      13   0.7494
 
