       1       142.32268
       2       151.59762
       3       181.86856
       4       197.40847
       5       212.92636
       6       239.16700
       7       256.02595
       8       197.19105
       9       136.24003
      10       93.530119
      11       119.56218
      12       173.47256
      13  2101.31
 
       1       98.250428
       2       97.625441
       3       119.94030
       4       124.19498
       5       132.49846
       6       138.67062
       7       141.72591
       8       114.23264
       9       86.854900
      10       62.626955
      11       79.985516
      12       117.65766
      13  1314.26
 
       1       13.442443
       2       11.833878
       3       16.277637
       4       14.924747
       5       15.834051
       6       15.284220
       7       16.003777
       8       13.027316
       9       10.904149
      10       8.6234586
      11       10.150399
      12       14.991117
      13   161.30
 
       1       18.141558
       2       13.468701
       3       24.814814
       4       25.361607
       5       32.290435
       6       45.068572
       7       53.156024
       8       34.880430
       9       19.600950
      10       10.775287
      11       14.034077
      12       20.683322
      13   312.28
 
       1       15.761394
       2       12.333776
       3       21.677366
       4       23.364060
       5       31.956568
       6       42.594756
       7       49.966089
       8       40.849036
       9       29.535638
      10       13.529566
      11       14.948209
      12       18.629378
      13   315.15
 
       1       12.785622
       2       13.567245
       3       21.403337
       4       29.738782
       5       34.695594
       6       37.086081
       7       33.290957
       8       24.944277
       9       19.837006
      10       11.705922
      11       11.920480
      12       14.266074
      13    22.10
 
       1 0.0
       2 0.0
       3 0.0
       4 0.0
       5 0.0
       6 0.0
       7 0.0
       8 0.0
       9 0.0
      10 0.0
      11 0.0
      12 0.0
      13 0.0
 
       1     0.012586835
       2     0.012874166
       3     0.020852273
       4     0.028792099
       5     0.034116396
       6     0.035979976
       7     0.031472609
       8     0.023120086
       9     0.018636716
      10     0.010891297
      11     0.011332980
      12     0.013987844
      13   0.0212
 
       1      0.84384452
       2      0.84360039
       3      0.84338443
       4      0.84095162
       5      0.84211768
       6      0.84161008
       7      0.84652487
       8      0.84797982
       9      0.84452591
      10      0.84455516
      11      0.84725244
      12      0.84657139
      13   0.8444
 
       1    0.0021876753
       2    0.0022839606
       3    0.0036359345
       4    0.0050328441
       5    0.0059090961
       6    0.0062629837
       7    0.0055360717
       8    0.0041284865
       9    0.0033174904
      10    0.0019644802
      11    0.0020142115
      12    0.0024265562
      13   0.0037
 
       1      0.28075491
       2      0.27005386
       3      0.29202252
       4      0.35084014
       5      0.37850185
       6      0.39993699
       7      0.36163396
       8      0.32621292
       9      0.31140406
      10      0.28899354
      11      0.26969163
      12      0.27567247
      13   0.3171
 
