       1       77.038953
       2       44.774617
       3       56.861909
       4       27.962241
       5       28.377022
       6       17.524656
       7       18.312518
       8       9.5825702
       9       13.050819
      10       31.620797
      11       68.791729
      12       65.663034
      13   459.56
 
       1       40.050879
       2       25.074736
       3       32.580241
       4       17.826885
       5       18.424541
       6       11.271874
       7       12.463627
       8       6.4455980
       9       8.4694395
      10       18.034813
      11       35.403680
      12       31.688235
      13   257.73
 
       1       6.8764071
       2       3.7647345
       3       4.9081263
       4       2.0533938
       5       1.7811801
       6       1.0267642
       7      0.93938891
       8      0.55878044
       9      0.78964391
      10       2.3196477
      11       5.4825989
      12       5.7404027
      13    36.24
 
       1       24.660045
       2       13.379692
       3       16.963186
       4       7.6911506
       5       7.2259857
       6       5.6362841
       7       5.3933502
       8       2.8710247
       9       3.2511186
      10       9.5545122
      11       21.515676
      12       20.711887
      13   138.85
 
       1       3.9029919
       2       2.1436774
       3       2.4963617
       4       1.3781421
       5       1.4377557
       6       1.4920559
       7       1.4100136
       8      0.85654535
       9      0.80833334
      10       1.7740845
      11       3.5847341
      12       3.4587482
      13    24.74
 
       1       1.0357815
       2      0.67684741
       3      0.81586209
       4      0.36565503
       5      0.31426912
       6      0.21655205
       7      0.17455747
       8      0.10542471
       9      0.13314661
      10      0.35261045
      11      0.87719056
      12      0.84488335
      13     0.49
 
       1 0.0
       2 0.0
       3 0.0
       4 0.0
       5 0.0
       6 0.0
       7 0.0
       8 0.0
       9 0.0
      10 0.0
      11 0.0
      12 0.0
      13 0.0
 
       1     0.026921296
       2     0.018949146
       3     0.022162595
       4    0.0099398512
       5    0.0087670932
       6    0.0059437120
       7    0.0051757188
       8    0.0030683349
       9    0.0039933540
      10    0.0094613022
      11     0.022106423
      12     0.020982974
      13   0.0131
 
       1       1.0000000
       2       1.0000000
       3       1.0000000
       4       1.0000000
       5       1.0000000
       6       1.0000000
       7       1.0000000
       8       1.0000000
       9       1.0000000
      10       1.0000000
      11       1.0000000
      12       1.0000000
      13   1.0000
 
       1       0.0000000
       2       0.0000000
       3       0.0000000
       4       0.0000000
       5       0.0000000
       6       0.0000000
       7       0.0000000
       8       0.0000000
       9       0.0000000
      10       0.0000000
      11       0.0000000
      12       0.0000000
      13   0.0000
 
       1      0.72110040
       2      0.59457637
       3      0.52996095
       4      0.40136482
       5      0.36104104
       6      0.32226151
       7      0.43040615
       8      0.50232145
       9      0.49533398
      10      0.55091653
      11      0.59722536
      12      0.66128295
      13   0.5140
 
