       1       484.53020
       2       458.85826
       3       513.52225
       4       463.03034
       5       508.10072
       6       526.85538
       7       507.01598
       8       493.58758
       9       483.30763
      10       475.70218
      11       427.68539
      12       473.58886
      13  5815.78
 
       1       290.58804
       2       276.68429
       3       313.80258
       4       286.58676
       5       312.05465
       6       320.74673
       7       306.37559
       8       301.19624
       9       302.53730
      10       297.25422
      11       260.20217
      12       287.12624
      13  3555.15
 
       1       36.987309
       2       35.681477
       3       39.448669
       4       34.804453
       5       37.474552
       6       38.998170
       7       38.571408
       8       37.356083
       9       36.913436
      10       36.141717
      11       32.378441
      12       35.259164
      13   440.01
 
       1       134.05363
       2       125.55533
       3       137.26705
       4       119.38951
       5       131.82296
       6       140.17681
       7       135.44025
       8       131.01400
       9       121.92980
      10       123.77437
      11       114.05556
      12       130.15280
      13  1544.63
 
       1       23.694770
       2       20.896925
       3       23.220045
       4       21.532476
       5       25.903806
       6       27.291265
       7       26.292344
       8       24.944640
       9       21.097592
      10       21.042087
      11       19.293027
      12       21.490583
      13   276.70
 
       1       5.8102649
       2       5.9498758
       3       6.2491801
       4       5.5542160
       5       5.9689354
       6       6.4766802
       7       6.4032347
       8       5.9795866
       9       6.1891702
      10       5.7359182
      11       5.3166894
      12       5.6934378
      13     5.94
 
       1 0.0
       2 0.0
       3 0.0
       4 0.0
       5 0.0
       6 0.0
       7 0.0
       8 0.0
       9 0.0
      10 0.0
      11 0.0
      12 0.0
      13 0.0
 
       1     0.023820388
       2     0.024524523
       3     0.025664118
       4     0.023311712
       5     0.024311405
       6     0.026379475
       7     0.026082324
       8     0.024529485
       9     0.025986705
      10     0.024056260
      11     0.021777071
      12     0.023239436
      13   0.0245
 
       1       1.0000000
       2       1.0000000
       3       1.0000000
       4       1.0000000
       5       1.0000000
       6       1.0000000
       7       1.0000000
       8       1.0000000
       9       1.0000000
      10       1.0000000
      11       1.0000000
      12       1.0000000
      13   1.0000
 
       1       0.0000000
       2       0.0000000
       3       0.0000000
       4       0.0000000
       5       0.0000000
       6       0.0000000
       7       0.0000000
       8       0.0000000
       9       0.0000000
      10       0.0000000
      11       0.0000000
      12       0.0000000
      13   0.0000
 
       1      0.71619925
       2      0.72523295
       3      0.68436318
       4      0.65404673
       5      0.64010913
       6      0.62378421
       7      0.68000214
       8      0.70699539
       9      0.69421599
      10      0.70218515
      11      0.70827476
      12      0.71305967
      13   0.6874
 
