       1       11.803074
       2       13.600299
       3       18.600452
       4       23.942098
       5       42.330472
       6       50.560012
       7       43.429576
       8       25.366305
       9       16.891311
      10       10.479340
      11       7.9313547
      12       8.2567500
      13   273.19
 
       1       7.3306445
       2       9.0150224
       3       12.227471
       4       15.116464
       5       24.247347
       6       25.349504
       7       23.924323
       8       14.656514
       9       9.7232523
      10       6.7827524
      11       5.8674822
      12       5.9132597
      13   160.15
 
       1      0.97376476
       2       1.3067967
       3       2.2993515
       4       2.9493015
       5       3.7744858
       6       3.2647153
       7       3.2512647
       8       2.0786751
       9       1.3065916
      10      0.96458349
      11      0.94701928
      12      0.77580873
      13    23.89
 
       1       1.1243012
       2       1.0671532
       3       2.1540508
       4       5.4133669
       5       5.4968732
       6       14.116042
       7       15.613300
       8       6.4577565
       9       2.8710416
      10       1.2468431
      11       1.4730046
      12      0.49844248
      13    57.53
 
       1      0.24596117
       2      0.41267013
       3       2.2295702
       4       4.0237191
       5       4.7227337
       6       7.3039744
       7       6.2665028
       8       4.6827660
       9       2.1069215
      10      0.61699058
      11      0.24844442
      12      0.11041027
      13    32.97
 
       1      0.84810698
       2       1.5326794
       3       2.5708691
       4       4.1786700
       5       5.1886618
       6       4.2846890
       7       3.9194412
       8       2.2648513
       9       1.4791039
      10       1.1158656
      11       1.0190508
      12      0.55629782
      13     2.41
 
       1 0.0
       2 0.0
       3 0.0
       4 0.0
       5 0.0
       6 0.0
       7 0.0
       8 0.0
       9 0.0
      10 0.0
      11 0.0
      12 0.0
      13 0.0
 
       1     0.023590657
       2     0.043582693
       3     0.070862234
       4      0.11326927
       5      0.13856145
       6      0.10706236
       7     0.095648233
       8     0.054720830
       9     0.036553777
      10     0.029859988
      11     0.028694638
      12     0.016134790
      13   0.0632
 
       1      0.88942298
       2      0.88881231
       3      0.88641889
       4      0.88494818
       5      0.88593372
       6      0.88472948
       7      0.88377857
       8      0.88344957
       9      0.88229811
      10      0.88728524
      11      0.88989057
      12      0.89253610
      13   0.8866
 
       1    0.0027236026
       2    0.0049531581
       3    0.0081975500
       4     0.013231643
       5     0.016212896
       6     0.012883556
       7     0.011681722
       8    0.0067730044
       9    0.0044962287
      10    0.0035236460
      11    0.0033018515
      12    0.0018285118
      13   0.0075
 
       1      0.86794641
       2      0.94213610
       3      0.96271365
       4      0.98738379
       5      0.99030923
       6      0.98675520
       7      0.97863962
       8      0.97849181
       9      0.97669135
      10      0.94644641
      11      0.93938456
      12      0.88297219
      13   0.9533
 
