       1       499.12051
       2       430.56508
       3       441.32365
       4       491.88708
       5       511.61349
       6       514.48459
       7       529.72693
       8       515.69395
       9       475.60771
      10       480.41450
      11       428.27616
      12       487.14585
      13  5805.86
 
       1       301.73412
       2       263.15574
       3       271.07810
       4       303.45611
       5       316.75472
       6       312.92883
       7       326.94193
       8       314.30508
       9       295.17753
      10       299.37798
      11       262.93490
      12       295.99196
      13  3563.84
 
       1       38.744479
       2       33.498279
       3       34.312358
       4       37.118605
       5       37.766948
       6       38.686758
       7       39.876241
       8       39.690595
       9       36.121838
      10       36.535286
      11       31.906434
      12       37.175259
      13   441.43
 
       1       137.17713
       2       115.91855
       3       115.92893
       4       127.68316
       5       132.73696
       6       137.05654
       7       138.73189
       8       137.61211
       9       122.65631
      10       124.77223
      11       113.37670
      12       131.83064
      13  1535.48
 
       1       21.454714
       2       19.535324
       3       19.718375
       4       22.814659
       5       24.170920
       6       25.035398
       7       24.394103
       8       24.522003
       9       22.652112
      10       19.954369
      11       19.650908
      12       21.832984
      13   265.74
 
       1       6.1741662
       2       6.0606519
       3       5.4243680
       4       5.9332037
       5       6.0617028
       6       6.5071261
       7       6.4971821
       8       6.5995299
       9       5.9712173
      10       5.7044728
      11       5.1839249
      12       5.8748808
      13     6.00
 
       1 0.0
       2 0.0
       3 0.0
       4 0.0
       5 0.0
       6 0.0
       7 0.0
       8 0.0
       9 0.0
      10 0.0
      11 0.0
      12 0.0
      13 0.0
 
       1     0.025641566
       2     0.025441618
       3     0.022691390
       4     0.024779034
       5     0.025000171
       6     0.026381899
       7     0.027104976
       8     0.026968664
       9     0.024946527
      10     0.024056670
      11     0.021679882
      12     0.024308818
      13   0.0249
 
       1       1.0000000
       2       1.0000000
       3       1.0000000
       4       1.0000000
       5       1.0000000
       6       1.0000000
       7       1.0000000
       8       1.0000000
       9       1.0000000
      10       1.0000000
      11       1.0000000
      12       1.0000000
      13   1.0000
 
       1       0.0000000
       2       0.0000000
       3       0.0000000
       4       0.0000000
       5       0.0000000
       6       0.0000000
       7       0.0000000
       8       0.0000000
       9       0.0000000
      10       0.0000000
      11       0.0000000
      12       0.0000000
      13   0.0000
 
       1      0.72452866
       2      0.67336865
       3      0.67822622
       4      0.65369739
       5      0.61819894
       6      0.59484592
       7      0.63743926
       8      0.66792544
       9      0.67242426
      10      0.69197879
      11      0.69360704
      12      0.69705809
      13   0.6669
 
