       1       107.89065
       2       133.56311
       3       155.27116
       4       139.10590
       5       206.45659
       6       138.55212
       7       124.90192
       8       136.89807
       9       106.76880
      10       73.471852
      11       77.638573
      12       96.220561
      13  1496.74
 
       1       73.564534
       2       88.644016
       3       99.077492
       4       87.146406
       5       123.96881
       6       83.014980
       7       69.975486
       8       77.835026
       9       66.911749
      10       49.994241
      11       52.729596
      12       67.393565
      13   940.26
 
       1       8.9116528
       2       11.465786
       3       10.658620
       4       9.1296061
       5       10.605621
       6       7.8560919
       7       6.5138908
       8       7.4963940
       9       6.9035389
      10       6.3090915
      11       6.0439808
      12       8.4006945
      13   100.29
 
       1       9.7957127
       2       12.698450
       3       11.663686
       4       11.267867
       5       17.546018
       6       18.961283
       7       16.560383
       8       15.739189
       9       10.360085
      10       6.2630829
      11       6.8285384
      12       9.1815740
      13   146.87
 
       1       9.4645150
       2       12.977900
       3       14.067648
       4       13.758721
       5       21.286144
       6       21.260421
       7       20.433387
       8       26.069417
       9       22.177784
      10       14.637055
      11       9.9162390
      12       8.4208747
      13   194.47
 
       1       7.9269834
       2       12.123860
       3       15.448770
       4       18.400847
       5       29.016285
       6       22.960828
       7       16.341985
       8       17.623300
       9       14.796521
      10       9.0713293
      11       6.7833537
      12       7.2414125
      13    14.81
 
       1 0.0
       2 0.0
       3 0.0
       4 0.0
       5 0.0
       6 0.0
       7 0.0
       8 0.0
       9 0.0
      10 0.0
      11 0.0
      12 0.0
      13 0.0
 
       1      0.10688077
       2      0.16431133
       3      0.20673711
       4      0.24885691
       5      0.39180330
       6      0.30774801
       7      0.20769642
       8      0.22510005
       9      0.19128733
      10      0.11808022
      11     0.088397766
      12     0.097695044
      13   0.1962
 
       1      0.88794342
       2      0.88768050
       3      0.88844235
       4      0.89000049
       5      0.88928728
       6      0.88863556
       7      0.88828989
       8      0.88791423
       9      0.88851078
      10      0.89004185
      11      0.89002429
      12      0.88909759
      13   0.8888
 
       1     0.012441026
       2     0.018975643
       3     0.024034988
       4     0.028747876
       5     0.045224925
       6     0.035712358
       7     0.024872309
       8     0.026881991
       9     0.022741812
      10     0.014076989
      11     0.010523679
      12     0.011377522
      13   0.0230
 
       1      0.68546784
       2      0.73322654
       3      0.74702391
       4      0.82454302
       5      0.89215349
       6      0.87781191
       7      0.82562478
       8      0.82814170
       9      0.82034815
      10      0.70166006
      11      0.66641723
      12      0.69817543
      13   0.7750
 
