       1       83.206374
       2       162.29411
       3       145.12367
       4       170.27176
       5       167.09092
       6       135.71047
       7       137.31596
       8       129.33289
       9       113.13086
      10       96.986222
      11       86.226228
      12       160.79287
      13  1587.48
 
       1       55.993924
       2       108.54261
       3       93.569615
       4       108.57350
       5       100.45772
       6       81.995843
       7       76.301542
       8       73.639329
       9       71.064069
      10       66.406635
      11       58.552419
      12       112.32770
      13  1007.42
 
       1       6.3493769
       2       13.308276
       3       10.835980
       4       11.082417
       5       9.1862567
       6       7.8475108
       7       6.5077188
       8       6.5766586
       9       7.4715924
      10       8.1810970
      11       6.6043585
      12       13.835872
      13   107.79
 
       1       7.4286933
       2       15.082452
       3       12.344870
       4       12.602986
       5       14.503009
       6       15.571434
       7       16.266866
       8       15.171937
       9       12.178205
      10       7.6312679
      11       6.8773997
      12       14.920555
      13   150.58
 
       1       8.1648499
       2       12.779489
       3       12.482281
       4       14.717801
       5       19.310628
       6       19.092583
       7       22.677929
       8       22.322886
       9       23.249205
      10       19.752960
      11       11.132503
      12       17.068420
      13   202.75
 
       1       6.1511787
       2       14.867416
       3       14.649358
       4       21.686372
       5       22.184128
       6       22.153171
       7       17.507106
       8       15.705952
       9       15.740411
      10       12.111254
      11       7.6568577
      12       11.452347
      13    15.16
 
       1 0.0
       2 0.0
       3 0.0
       4 0.0
       5 0.0
       6 0.0
       7 0.0
       8 0.0
       9 0.0
      10 0.0
      11 0.0
      12 0.0
      13 0.0
 
       1     0.063693066
       2      0.15971593
       3      0.15569979
       4      0.23374765
       5      0.23210471
       6      0.23381340
       7      0.17615147
       8      0.15741737
       9      0.16025437
      10      0.12583487
      11     0.078454223
      12      0.12720321
      13   0.1587
 
       1      0.83020102
       2      0.83198839
       3      0.83226934
       4      0.83281597
       5      0.83071931
       6      0.83091218
       7      0.83091860
       8      0.83061492
       9      0.83063855
      10      0.83140557
      11      0.83002418
      12      0.83637255
      13   0.8316
 
       1     0.011421310
       2     0.027788809
       3     0.027278179
       4     0.040559489
       5     0.040954142
       6     0.041063999
       7     0.031714323
       8     0.028435264
       9     0.028763676
      10     0.022455954
      11     0.014164518
      12     0.021713203
      13   0.0280
 
       1      0.61834628
       2      0.71907909
       3      0.75894958
       4      0.85009285
       5      0.83467148
       6      0.89548158
       7      0.82078534
       8      0.80310178
       9      0.81089352
      10      0.76300805
      11      0.63249431
      12      0.73641534
      13   0.7703
 
