       1       166.11226
       2       165.21680
       3       163.66360
       4       208.42032
       5       178.44548
       6       199.76976
       7       206.84289
       8       196.30415
       9       159.75422
      10       135.48670
      11       120.45761
      12       194.57767
      13  2095.05
 
       1       113.06685
       2       107.34177
       3       107.42887
       4       132.01273
       5       108.49349
       6       115.43216
       7       115.22676
       8       113.46857
       9       98.840072
      10       88.688884
      11       77.386376
      12       130.19870
      13  1307.59
 
       1       16.074659
       2       14.240891
       3       15.591947
       4       18.650831
       5       14.272875
       6       14.147231
       7       13.776573
       8       13.485553
       9       12.434222
      10       11.880288
      11       9.3086871
      12       16.277604
      13   170.14
 
       1       21.222482
       2       17.547261
       3       21.442601
       4       30.355519
       5       24.295576
       6       37.418949
       7       46.523733
       8       36.087616
       9       22.275040
      10       16.701643
      11       14.307540
      12       23.111146
      13   311.29
 
       1       18.235915
       2       15.257529
       3       18.102924
       4       28.366194
       5       26.125390
       6       33.505726
       7       35.864973
       8       37.216110
       9       29.143608
      10       25.689926
      11       14.389162
      12       20.010789
      13   301.91
 
       1       14.078404
       2       16.760525
       3       19.517568
       4       28.782811
       5       25.274977
       6       26.791336
       7       24.702356
       8       23.916924
       9       20.114240
      10       16.965598
      11       11.809010
      12       15.037513
      13    20.31
 
       1 0.0
       2 0.0
       3 0.0
       4 0.0
       5 0.0
       6 0.0
       7 0.0
       8 0.0
       9 0.0
      10 0.0
      11 0.0
      12 0.0
      13 0.0
 
       1     0.013754995
       2     0.016140916
       3     0.018705470
       4     0.027463004
       5     0.023592961
       6     0.024533322
       7     0.022367884
       8     0.021745506
       9     0.018420760
      10     0.015829007
      11     0.011091076
      12     0.014627857
      13   0.0190
 
       1      0.88321868
       2      0.88259162
       3      0.88204163
       4      0.88114476
       5      0.88003342
       6      0.87952842
       7      0.88262913
       8      0.88312798
       9      0.88216984
      10      0.88161336
      11      0.88435965
      12      0.88427368
      13   0.8822
 
       1    0.0018112494
       2    0.0021454882
       3    0.0024951125
       4    0.0036546077
       5    0.0031935121
       6    0.0033506171
       7    0.0030668632
       8    0.0029769125
       9    0.0025191458
      10    0.0021453426
      11    0.0015012776
      12    0.0019245999
      13   0.0026
 
       1      0.26724719
       2      0.28771109
       3      0.30193055
       4      0.34042572
       5      0.34592459
       6      0.36132177
       7      0.31968913
       8      0.29716812
       9      0.30546673
      10      0.29173970
      11      0.26665907
      12      0.27032921
      13   0.3046
 
