       1       152.83651
       2       162.70209
       3       128.26173
       4       112.62465
       5       124.97109
       6       108.35657
       7       130.40638
       8       142.45264
       9       93.957966
      10       110.54250
      11       114.26209
      12       99.526182
      13  1480.90
 
       1       103.59007
       2       107.23813
       3       85.211091
       4       71.289323
       5       77.794246
       6       65.750308
       7       72.961170
       8       82.871411
       9       61.742909
      10       71.886675
      11       78.838107
      12       68.439747
      13   947.61
 
       1       13.863252
       2       13.430036
       3       11.293928
       4       8.0138636
       5       8.5915866
       6       6.7009379
       7       6.8419863
       8       8.0020657
       9       7.6785609
      10       7.7932545
      11       9.4143888
      12       8.0367578
      13   109.66
 
       1       14.779014
       2       13.969323
       3       13.470522
       4       9.5229312
       5       11.354062
       6       11.018822
       7       16.477591
       8       15.476335
       9       11.124378
      10       6.7265330
      11       12.646177
      12       9.8931221
      13   146.46
 
       1       11.147543
       2       12.237005
       3       15.459523
       4       10.797144
       5       14.324237
       6       13.015325
       7       20.069068
       8       25.034953
       9       22.240453
      10       17.274376
      11       15.882962
      12       10.205198
      13   187.69
 
       1       10.309039
       2       14.069435
       3       13.545998
       4       14.146876
       5       16.323538
       6       15.347234
       7       16.319122
       8       17.980984
       9       13.391450
      10       10.769369
      11       10.184661
      12       7.6166508
      13    13.33
 
       1 0.0
       2 0.0
       3 0.0
       4 0.0
       5 0.0
       6 0.0
       7 0.0
       8 0.0
       9 0.0
      10 0.0
      11 0.0
      12 0.0
      13 0.0
 
       1      0.10867505
       2      0.14746050
       3      0.14079124
       4      0.14272501
       5      0.16353550
       6      0.15139089
       7      0.15984718
       8      0.17725233
       9      0.13347148
      10      0.10698203
      11      0.10534659
      12     0.079173372
      13   0.1347
 
       1      0.93229892
       2      0.93238912
       3      0.93201842
       4      0.93233602
       5      0.93180941
       6      0.93105405
       7      0.93244420
       8      0.93270970
       9      0.93267222
      10      0.93233855
      11      0.93307830
      12      0.93306997
      13   0.9324
 
       1    0.0075881712
       2     0.010321071
       3    0.0099305771
       4     0.010299812
       5     0.011865855
       6     0.011115792
       7     0.011739933
       8     0.012953458
       9    0.0097148499
      10    0.0078186758
      11    0.0074718760
      12    0.0056060458
      13   0.0097
 
       1      0.68664082
       2      0.73290491
       3      0.77204148
       4      0.78455806
       5      0.77232821
       6      0.79016500
       7      0.79035542
       8      0.80504721
       9      0.79084318
      10      0.73310140
      11      0.69432318
      12      0.67378043
      13   0.7522
 
