       1       34.015166
       2       25.663983
       3       25.735972
       4       23.773448
       5       22.172828
       6       22.067805
       7       18.023298
       8       15.262826
       9       11.666035
      10       13.826742
      11       22.160944
      12       29.375854
      13   263.74
 
       1       17.389327
       2       13.345656
       3       14.020538
       4       13.555713
       5       12.936538
       6       13.416191
       7       11.054955
       8       9.2362795
       9       7.0360310
      10       7.6494979
      11       11.431583
      12       15.335424
      13   146.41
 
       1       2.5590552
       2       2.2664558
       3       2.2923491
       4       2.0550137
       5       1.7268471
       6       1.6461197
       7       1.3977906
       8       1.1230054
       9      0.91414147
      10       1.1153059
      11       1.7550483
      12       2.5158969
      13    21.37
 
       1       11.472589
       2       8.3637094
       3       8.1049492
       4       7.5061144
       5       6.3409734
       6       5.9610662
       7       5.7028730
       8       4.7282758
       9       3.6212670
      10       4.7225450
      11       7.3778264
      12       9.7542440
      13    83.66
 
       1       1.4369756
       2       1.2396624
       3       1.3224130
       4       1.1436498
       5       1.0355294
       6      0.83912877
       7      0.73874411
       8      0.93927439
       9      0.96784606
      10       1.1384319
      11       1.2846309
      12       1.7499331
      13    13.84
 
       1      0.45185257
       2      0.42018427
       3      0.41884769
       4      0.42208006
       5      0.39120433
       6      0.40610184
       7      0.33806525
       8      0.26001630
       9      0.20394539
      10      0.20753106
      11      0.30825144
      12      0.44928883
      13     0.36
 
       1 0.0
       2 0.0
       3 0.0
       4 0.0
       5 0.0
       6 0.0
       7 0.0
       8 0.0
       9 0.0
      10 0.0
      11 0.0
      12 0.0
      13 0.0
 
       1     0.016686812
       2     0.015680961
       3     0.015821563
       4     0.016386986
       5     0.015762800
       6     0.017113128
       7     0.014507696
       8     0.010978699
       9    0.0084532206
      10    0.0080090661
      11     0.011611465
      12     0.016895677
      13   0.0140
 
       1       1.0000000
       2       1.0000000
       3       1.0000000
       4       1.0000000
       5       1.0000000
       6       1.0000000
       7       1.0000000
       8       1.0000000
       9       1.0000000
      10       1.0000000
      11       1.0000000
      12       1.0000000
      13   1.0000
 
       1       0.0000000
       2       0.0000000
       3       0.0000000
       4       0.0000000
       5       0.0000000
       6       0.0000000
       7       0.0000000
       8       0.0000000
       9       0.0000000
      10       0.0000000
      11       0.0000000
      12       0.0000000
      13   0.0000
 
       1      0.35540431
       2      0.23996448
       3      0.24931558
       4      0.24744760
       5      0.18384065
       6      0.11318720
       7      0.16901242
       8      0.18560146
       9      0.21863830
      10      0.35428440
      11      0.28698881
      12      0.33114839
      13   0.2446
 
