       1       32.904850
       2       26.089750
       3       31.489961
       4       23.465483
       5       23.556421
       6       22.869630
       7       18.948716
       8       15.720518
       9       11.443754
      10       18.499352
      11       19.563278
      12       24.823913
      13   269.38
 
       1       16.917095
       2       14.005860
       3       17.037941
       4       13.349207
       5       13.884124
       6       13.870318
       7       11.566683
       8       9.7277424
       9       6.9218172
      10       10.083674
      11       10.210138
      12       12.894117
      13   150.47
 
       1       2.6440919
       2       2.2398520
       3       2.6694488
       4       1.9707717
       5       1.9795376
       6       1.9088230
       7       1.4463467
       8       1.2174220
       9      0.91090150
      10       1.5105494
      11       1.6701620
      12       1.8554447
      13    22.02
 
       1       11.101935
       2       8.4997960
       3       10.446064
       4       6.4719946
       5       7.2982149
       6       6.8445750
       7       6.1233457
       8       5.3301997
       9       3.5089788
      10       6.3469353
      11       6.6313944
      12       8.1316247
      13    86.74
 
       1       1.3758040
       2       1.4361577
       3       2.0649167
       4      0.95929575
       5      0.95785955
       6      0.86282063
       7      0.69796167
       8      0.89985707
       9      0.88355903
      10       1.3624600
      11       1.3803104
      12       1.4743195
      13    14.36
 
       1      0.48291304
       2      0.42722376
       3      0.47034023
       4      0.42221337
       5      0.45567232
       6      0.46474215
       7      0.34793299
       8      0.29078456
       9      0.21017903
      10      0.28024722
      11      0.28064715
      12      0.34904550
      13     0.37
 
       1 0.0
       2 0.0
       3 0.0
       4 0.0
       5 0.0
       6 0.0
       7 0.0
       8 0.0
       9 0.0
      10 0.0
      11 0.0
      12 0.0
      13 0.0
 
       1     0.017880547
       2     0.016165727
       3     0.018055687
       4     0.016244718
       5     0.018107826
       6     0.019162053
       7     0.015146423
       8     0.012459064
       9    0.0085150258
      10     0.010988839
      11     0.010740116
      12     0.012711659
      13   0.0147
 
       1       1.0000000
       2       1.0000000
       3       1.0000000
       4       1.0000000
       5       1.0000000
       6       1.0000000
       7       1.0000000
       8       1.0000000
       9       1.0000000
      10       1.0000000
      11       1.0000000
      12       1.0000000
      13   1.0000
 
       1       0.0000000
       2       0.0000000
       3       0.0000000
       4       0.0000000
       5       0.0000000
       6       0.0000000
       7       0.0000000
       8       0.0000000
       9       0.0000000
      10       0.0000000
      11       0.0000000
      12       0.0000000
      13   0.0000
 
       1      0.29685197
       2      0.25379930
       3      0.30189970
       4      0.23608200
       5      0.21086909
       6      0.14575842
       7      0.17744657
       8      0.19197188
       9      0.17557362
      10      0.35129891
      11      0.37847813
      12      0.28402158
      13   0.2503
 
