       1       11.025933
       2       14.983202
       3       13.140458
       4       22.748335
       5       35.925513
       6       48.059859
       7       41.497456
       8       27.276943
       9       22.143053
      10       12.122755
      11       9.0270048
      12       10.187094
      13   268.14
 
       1       7.6486139
       2       9.7757948
       3       9.6968526
       4       14.055922
       5       18.899034
       6       23.930818
       7       21.876007
       8       15.080669
       9       12.444483
      10       7.8515971
      11       6.5107714
      12       7.1872006
      13   154.96
 
       1      0.99756248
       2       1.4127058
       3       2.0302964
       4       2.8131466
       5       2.8806476
       6       3.0148065
       7       2.9249340
       8       2.0603785
       9       1.5574740
      10       1.1119731
      11      0.94289529
      12      0.97917610
      13    22.73
 
       1       1.2444022
       2       2.2361838
       3       3.1233272
       4       4.2560763
       5       5.9450412
       6       14.186181
       7       11.977832
       8       6.4494400
       9       3.7345052
      10      0.79897794
      11       1.3100251
      12       1.5826535
      13    56.84
 
       1      0.34637366
       2      0.59112008
       3       1.3876672
       4       3.8143921
       5       4.1946927
       6       6.1621773
       7       6.2802653
       8       3.7485198
       9       1.9180868
      10      0.38703003
      11      0.41149624
      12      0.24619155
      13    29.49
 
       1      0.95082290
       2       1.8573223
       3       2.9871790
       4       4.2280171
       5       3.6501503
       6       4.1306536
       7       3.3528426
       8       2.4125094
       9       1.7972991
      10       1.2025964
      11      0.91076817
      12      0.80110344
      13     2.36
 
       1 0.0
       2 0.0
       3 0.0
       4 0.0
       5 0.0
       6 0.0
       7 0.0
       8 0.0
       9 0.0
      10 0.0
      11 0.0
      12 0.0
      13 0.0
 
       1     0.020779574
       2     0.039747925
       3     0.064481127
       4     0.090125904
       5     0.074319538
       6     0.079803023
       7     0.063816499
       8     0.045531727
       9     0.034230790
      10     0.025748909
      11     0.019353182
      12     0.017606450
      13   0.0480
 
       1      0.87276358
       2      0.86947764
       3      0.86800206
       4      0.86814853
       5      0.86761661
       6      0.86401077
       7      0.86640458
       8      0.86512934
       9      0.86442706
      10      0.87022699
      11      0.87103526
      12      0.87486324
      13   0.8685
 
       1    0.0027497958
       2    0.0053179734
       3    0.0085901125
       4     0.012031610
       5     0.010124059
       6     0.011160841
       7    0.0089985771
       8    0.0065039865
       9    0.0048891376
      10    0.0034486126
      11    0.0026189935
      12    0.0023202201
      13   0.0066
 
       1      0.80218949
       2      0.91559201
       3      0.95644338
       4      0.97504221
       5      0.97793101
       6      0.98254062
       7      0.96813023
       8      0.97502284
       9      0.96749369
      10      0.96627765
      11      0.91839882
      12      0.86540343
      13   0.9392
 
