       1       144.71541
       2       195.94279
       3       172.03857
       4       146.66300
       5       152.55813
       6       119.78510
       7       144.83002
       8       121.15363
       9       107.04443
      10       78.632166
      11       82.012745
      12       99.009461
      13  1564.39
 
       1       100.96355
       2       132.14982
       3       108.66721
       4       93.472625
       5       94.223018
       6       71.828968
       7       80.447446
       8       70.853539
       9       66.788242
      10       53.874384
      11       56.283632
      12       69.132012
      13   998.68
 
       1       13.042707
       2       16.936066
       3       11.277930
       4       10.862764
       5       8.1921935
       6       6.7854671
       7       6.7368109
       8       6.6868593
       9       6.6472266
      10       6.5800779
      11       6.1827612
      12       8.5982051
      13   108.53
 
       1       13.472685
       2       20.424783
       3       12.536680
       4       16.021811
       5       10.451930
       6       12.623902
       7       16.161956
       8       15.235582
       9       10.322946
      10       6.4060585
      11       6.7523487
      12       10.486733
      13   150.90
 
       1       10.015843
       2       17.987909
       3       14.208036
       4       20.046796
       5       16.722890
       6       15.192637
       7       19.259142
       8       23.619415
       9       20.630925
      10       16.826141
      11       9.1431842
      12       9.6948100
      13   193.35
 
       1       10.669456
       2       17.727977
       3       15.912083
       4       19.100223
       5       21.610282
       6       19.943099
       7       18.662495
       8       16.529538
       9       14.180068
      10       9.3937058
      11       7.4912467
      12       7.0967540
      13    14.86
 
       1 0.0
       2 0.0
       3 0.0
       4 0.0
       5 0.0
       6 0.0
       7 0.0
       8 0.0
       9 0.0
      10 0.0
      11 0.0
      12 0.0
      13 0.0
 
       1      0.14405836
       2      0.24463275
       3      0.21101979
       4      0.25557670
       5      0.28142648
       6      0.26398421
       7      0.23734808
       8      0.20818426
       9      0.17912276
      10      0.11960610
      11     0.095003756
      12     0.092736192
      13   0.1944
 
       1      0.85197248
       2      0.85267257
       3      0.85176641
       4      0.85384217
       5      0.85159372
       6      0.85174699
       7      0.85186044
       8      0.85189784
       9      0.85181607
      10      0.85246871
      11      0.85132708
      12      0.85114065
      13   0.8520
 
       1     0.021867575
       2     0.036485403
       3     0.032204696
       4     0.038831979
       5     0.043493213
       6     0.040516753
       7     0.037072548
       8     0.032719845
       9     0.028156853
      10     0.018859645
      11     0.015030431
      12     0.014406144
      13   0.0300
 
       1      0.71573370
       2      0.78193825
       3      0.82947720
       4      0.82253571
       5      0.85384615
       6      0.89524245
       7      0.85659010
       8      0.82904642
       9      0.80635852
      10      0.72477730
      11      0.68128034
      12      0.69077909
      13   0.7906
 
