       1       463.51423
       2       440.79090
       3       504.32316
       4       475.52153
       5       529.90641
       6       497.62661
       7       552.68489
       8       527.18568
       9       482.47460
      10       491.17052
      11       450.34156
      12       445.43419
      13  5860.97
 
       1       278.46927
       2       271.18531
       3       312.18281
       4       292.97105
       5       321.03644
       6       303.43932
       7       330.75644
       8       324.73485
       9       302.35507
      10       303.03923
      11       274.37540
      12       272.04043
      13  3586.59
 
       1       36.428203
       2       33.603570
       3       37.648814
       4       35.340661
       5       39.867179
       6       36.737275
       7       41.912789
       8       40.064159
       9       36.064965
      10       37.045971
      11       33.899873
      12       33.339661
      13   441.95
 
       1       125.90871
       2       117.65939
       3       132.94706
       4       124.85647
       5       140.30790
       6       131.69876
       7       149.87449
       8       139.83454
       9       123.51412
      10       129.67272
      11       121.06681
      12       119.51870
      13  1556.86
 
       1       21.809624
       2       18.533684
       3       21.560841
       4       22.292517
       5       27.620233
       6       25.897671
       7       29.469409
       8       23.844594
       9       20.910995
      10       22.081904
      11       21.271019
      12       19.365400
      13   274.66
 
       1       5.8498533
       2       5.7801480
       3       5.9715905
       4       5.6801345
       5       6.2086963
       6       6.0985566
       7       6.7992332
       8       6.3683536
       9       6.0526658
      10       5.9640637
      11       5.5975327
      12       5.3730655
      13     5.98
 
       1 0.0
       2 0.0
       3 0.0
       4 0.0
       5 0.0
       6 0.0
       7 0.0
       8 0.0
       9 0.0
      10 0.0
      11 0.0
      12 0.0
      13 0.0
 
       1     0.023988768
       2     0.024175617
       3     0.025038192
       4     0.023657118
       5     0.025226755
       6     0.024789633
       7     0.027258310
       8     0.026387394
       9     0.025325132
      10     0.024623212
      11     0.022922343
      12     0.022280812
      13   0.0246
 
       1       1.0000000
       2       1.0000000
       3       1.0000000
       4       1.0000000
       5       1.0000000
       6       1.0000000
       7       1.0000000
       8       1.0000000
       9       1.0000000
      10       1.0000000
      11       1.0000000
      12       1.0000000
      13   1.0000
 
       1       0.0000000
       2       0.0000000
       3       0.0000000
       4       0.0000000
       5       0.0000000
       6       0.0000000
       7       0.0000000
       8       0.0000000
       9       0.0000000
      10       0.0000000
      11       0.0000000
      12       0.0000000
      13   0.0000
 
       1      0.71630411
       2      0.71241246
       3      0.69418284
       4      0.64741127
       5      0.63858501
       6      0.62663221
       7      0.68062842
       8      0.70340557
       9      0.69454693
      10      0.70053433
      11      0.71551962
      12      0.72213998
      13   0.6877
 
