       1       166.03243
       2       139.74810
       3       199.57268
       4       192.28990
       5       209.72700
       6       200.20959
       7       261.26458
       8       178.69458
       9       153.57666
      10       119.66011
      11       116.95110
      12       151.68747
      13  2089.41
 
       1       113.14164
       2       94.878569
       3       128.11766
       4       121.45284
       5       132.95714
       6       115.94822
       7       146.14006
       8       102.59426
       9       95.656785
      10       80.703742
      11       79.708373
      12       102.42720
      13  1313.73
 
       1       15.915653
       2       13.027160
       3       15.580684
       4       15.543704
       5       16.405428
       6       13.406249
       7       15.925351
       8       11.836415
       9       11.377404
      10       10.516490
      11       10.280640
      12       12.717197
      13   162.53
 
       1       20.903501
       2       16.377970
       3       20.589212
       4       27.226767
       5       28.472457
       6       37.115309
       7       52.400147
       8       29.236929
       9       20.134121
      10       13.593832
      11       14.562371
      12       19.044955
      13   299.66
 
       1       16.445609
       2       15.595693
       3       18.306217
       4       23.487802
       5       33.341410
       6       34.550666
       7       54.109111
       8       36.144187
       9       30.635751
      10       20.550712
      11       15.529665
      12       15.127881
      13   313.82
 
       1       13.752165
       2       15.146850
       3       21.471590
       4       30.090010
       5       35.566437
       6       30.517857
       7       34.977272
       8       22.543162
       9       20.269632
      10       15.555832
      11       12.803379
      12       12.192670
      13    22.07
 
       1 0.0
       2 0.0
       3 0.0
       4 0.0
       5 0.0
       6 0.0
       7 0.0
       8 0.0
       9 0.0
      10 0.0
      11 0.0
      12 0.0
      13 0.0
 
       1     0.016980685
       2     0.018800802
       3     0.026075185
       4     0.037144383
       5     0.043983638
       6     0.036771797
       7     0.041389146
       8     0.026302805
       9     0.023801229
      10     0.018778460
      11     0.015664177
      12     0.014965474
      13   0.0267
 
       1      0.88899653
       2      0.88877767
       3      0.88878061
       4      0.88980030
       5      0.88778713
       6      0.88754435
       7      0.88972852
       8      0.89109047
       9      0.88969040
      10      0.89034034
      11      0.89066228
      12      0.89094908
      13   0.8895
 
       1    0.0020682084
       2    0.0022871254
       3    0.0031991378
       4    0.0045246887
       5    0.0053477841
       6    0.0045212122
       7    0.0051105116
       8    0.0032852939
       9    0.0029692804
      10    0.0023193195
      11    0.0019247586
      12    0.0018283351
      13   0.0033
 
       1      0.28032928
       2      0.29958443
       3      0.31454449
       4      0.36589165
       5      0.40658895
       6      0.39959601
       7      0.37356853
       8      0.34062518
       9      0.33343895
      10      0.30475103
      11      0.31464385
      12      0.30391259
      13   0.3365
 
