       1       8.2327215
       2       13.991181
       3       18.033140
       4       22.723123
       5       32.823013
       6       36.408660
       7       34.916126
       8       28.157885
       9       15.613697
      10       12.524963
      11       5.2916100
      12       7.0356511
      13   235.75
 
       1       5.9968929
       2       8.6098752
       3       11.730847
       4       14.157999
       5       17.760897
       6       20.331050
       7       19.598076
       8       15.392762
       9       9.0225021
      10       7.6088829
      11       4.2066040
      12       5.0162677
      13   139.43
 
       1      0.82236561
       2       1.1710581
       3       2.0275042
       4       2.7945867
       5       2.5728048
       6       2.8317582
       7       2.7558669
       8       2.0754370
       9       1.1704916
      10      0.98262099
      11      0.64599291
      12      0.59524953
      13    20.45
 
       1      0.50218938
       2       1.0473637
       3       3.5756317
       4       4.1076622
       5       4.6024198
       6       8.1437109
       7       10.523774
       8       7.1206343
       9       2.7545663
      10      0.77323685
      11      0.57054082
      12      0.49622689
      13    44.22
 
       1      0.15829364
       2      0.72947480
       3       1.6691532
       4       3.0146064
       5       3.4404655
       6       4.8049694
       7       5.1535776
       8       4.0718700
       9       1.3426006
      10      0.34469238
      11     0.096727792
      12      0.12157907
      13    24.95
 
       1      0.75436168
       2       1.1982198
       3       2.4196954
       4       3.7105045
       5       3.2740864
       6       3.6039477
       7       3.0666753
       8       2.2858899
       9       1.3763091
      10      0.94160052
      11      0.68714692
      12      0.52748030
      13     1.99
 
       1 0.0
       2 0.0
       3 0.0
       4 0.0
       5 0.0
       6 0.0
       7 0.0
       8 0.0
       9 0.0
      10 0.0
      11 0.0
      12 0.0
      13 0.0
 
       1     0.020997286
       2     0.031159983
       3     0.062142593
       4     0.096002782
       5     0.081004703
       6     0.086524243
       7     0.070482341
       8     0.052399605
       9     0.032273446
      10     0.023893456
      11     0.019400085
      12     0.013982269
      13   0.0492
 
       1      0.92729088
       2      0.92472135
       3      0.92359880
       4      0.92353286
       5      0.92277633
       6      0.92261072
       7      0.92175248
       8      0.92043094
       9      0.92108221
      10      0.92369118
      11      0.92705647
      12      0.92542170
      13   0.9237
 
       1    0.0015818906
       2    0.0024351786
       3    0.0048619733
       4    0.0074839434
       5    0.0064455570
       6    0.0069769774
       7    0.0058147474
       8    0.0043493623
       9    0.0026549637
      10    0.0018919083
      11    0.0014486242
      12    0.0010862921
      13   0.0039
 
       1      0.91099025
       2      0.90865358
       3      0.94980373
       4      0.97279579
       5      0.97732226
       6      0.98715070
       7      0.97189176
       8      0.97708106
       9      0.98041478
      10      0.96863134
      11      0.95113717
      12      0.86657882
      13   0.9519
 
