       1       29.817357
       2       28.919692
       3       22.327552
       4       20.704426
       5       20.577624
       6       18.178536
       7       18.707718
       8       16.795373
       9       12.939376
      10       15.609797
      11       19.942983
      12       30.963828
      13   255.48
 
       1       15.230705
       2       15.514265
       3       12.139560
       4       12.104136
       5       12.112593
       6       11.215815
       7       11.182650
       8       10.168732
       9       7.7296506
      10       8.5574986
      11       10.690684
      12       15.981016
      13   142.63
 
       1       2.4656831
       2       2.5252108
       3       1.9603467
       4       1.7172506
       5       1.6399303
       6       1.4176528
       7       1.3762154
       8       1.2584925
       9       1.0209147
      10       1.3545934
      11       1.6908628
      12       2.2575948
      13    20.68
 
       1       9.4760257
       2       8.9608388
       3       7.1025515
       4       6.1534349
       5       5.5610228
       6       4.8346189
       7       5.8383027
       8       5.3448289
       9       3.9210778
      10       4.8723838
      11       6.8710904
      12       10.461462
      13    79.40
 
       1       1.4280291
       2       1.4158723
       3       1.2191332
       4       1.1702863
       5      0.98614077
       6      0.70897315
       7      0.86628568
       8      0.95984053
       9      0.94058982
      10       1.2073414
      11       1.3351189
      12       1.9378320
      13    14.18
 
       1      0.45039203
       2      0.51330872
       3      0.36106910
       4      0.36105984
       5      0.36172756
       6      0.33475243
       7      0.33999025
       8      0.30252234
       9      0.23220062
      10      0.25100294
      11      0.31090752
      12      0.40049065
      13     0.35
 
       1 0.0
       2 0.0
       3 0.0
       4 0.0
       5 0.0
       6 0.0
       7 0.0
       8 0.0
       9 0.0
      10 0.0
      11 0.0
      12 0.0
      13 0.0
 
       1     0.016179844
       2     0.018694974
       3     0.013502620
       4     0.014033740
       5     0.014469403
       6     0.013987602
       7     0.014033179
       8     0.012745656
       9    0.0094746482
      10    0.0096095588
      11     0.011833527
      12     0.014798451
      13   0.0136
 
       1       1.0000000
       2       1.0000000
       3       1.0000000
       4       1.0000000
       5       1.0000000
       6       1.0000000
       7       1.0000000
       8       1.0000000
       9       1.0000000
      10       1.0000000
      11       1.0000000
      12       1.0000000
      13   1.0000
 
       1       0.0000000
       2       0.0000000
       3       0.0000000
       4       0.0000000
       5       0.0000000
       6       0.0000000
       7       0.0000000
       8       0.0000000
       9       0.0000000
      10       0.0000000
      11       0.0000000
      12       0.0000000
      13   0.0000
 
       1      0.29224193
       2      0.22241618
       3      0.23518593
       4      0.21730083
       5      0.13627242
       6     0.086887964
       7      0.17032893
       8      0.17589229
       9      0.18638476
      10      0.25311258
      11      0.33646460
      12      0.37803063
      13   0.2242
 
