       1       473.94132
       2       425.52798
       3       506.14886
       4       474.54714
       5       497.41140
       6       539.42615
       7       542.30941
       8       560.78298
       9       491.36621
      10       469.57296
      11       466.42913
      12       447.39120
      13  5894.85
 
       1       284.36868
       2       255.29463
       3       308.48485
       4       291.30656
       5       303.59535
       6       326.94558
       7       326.76787
       8       341.16302
       9       307.26135
      10       291.37674
      11       288.07960
      12       275.94657
      13  3600.59
 
       1       36.190383
       2       33.161219
       3       38.502853
       4       35.821288
       5       36.962564
       6       40.175387
       7       40.740223
       8       42.751640
       9       37.362564
      10       35.653955
      11       35.379678
      12       33.912935
      13   446.61
 
       1       131.39826
       2       117.07642
       3       134.85900
       4       125.29661
       5       131.93012
       6       143.90589
       7       146.05063
       8       150.48229
       9       124.58039
      10       121.86384
      11       122.84424
      12       118.89401
      13  1569.18
 
       1       21.351544
       2       21.388283
       3       23.040035
       4       22.248886
       5       25.044678
       6       28.041864
       7       28.259032
       8       26.941181
       9       21.910482
      10       21.705676
      11       19.538149
      12       19.857719
      13   279.33
 
       1       5.7240251
       2       5.8741313
       3       5.9469993
       4       5.8083463
       5       5.9614623
       6       6.5768605
       7       6.5853941
       8       6.9249593
       9       6.1117258
      10       5.7122053
      11       5.7070681
      12       5.4109851
      13     6.03
 
       1 0.0
       2 0.0
       3 0.0
       4 0.0
       5 0.0
       6 0.0
       7 0.0
       8 0.0
       9 0.0
      10 0.0
      11 0.0
      12 0.0
      13 0.0
 
       1     0.023462428
       2     0.024009882
       3     0.024688122
       4     0.023984998
       5     0.024506211
       6     0.026846661
       7     0.026757662
       8     0.028491410
       9     0.025947514
      10     0.023856947
      11     0.023717263
      12     0.022659432
      13   0.0249
 
       1       1.0000000
       2       1.0000000
       3       1.0000000
       4       1.0000000
       5       1.0000000
       6       1.0000000
       7       1.0000000
       8       1.0000000
       9       1.0000000
      10       1.0000000
      11       1.0000000
      12       1.0000000
      13   1.0000
 
       1       0.0000000
       2       0.0000000
       3       0.0000000
       4       0.0000000
       5       0.0000000
       6       0.0000000
       7       0.0000000
       8       0.0000000
       9       0.0000000
      10       0.0000000
      11       0.0000000
      12       0.0000000
      13   0.0000
 
       1      0.71732710
       2      0.69934861
       3      0.69384674
       4      0.66308971
       5      0.63551276
       6      0.59801540
       7      0.63581124
       8      0.67564532
       9      0.68430821
      10      0.69960028
      11      0.72219530
      12      0.71689688
      13   0.6785
 
