       1       72.735096
       2       50.816338
       3       54.707709
       4       26.369724
       5       21.937692
       6       15.311054
       7       19.070277
       8       9.0947788
       9       11.893003
      10       35.186585
      11       65.367432
      12       78.309004
      13   460.80
 
       1       37.576324
       2       27.571933
       3       30.790637
       4       15.942194
       5       14.429031
       6       10.223997
       7       12.129339
       8       6.3952985
       9       7.6089899
      10       19.531021
      11       31.552795
      12       39.176026
      13   252.93
 
       1       6.8023977
       2       4.5646826
       3       4.7700106
       4       1.9260859
       5       1.3871393
       6      0.86131352
       7       1.0205151
       8      0.51394249
       9      0.77029034
      10       2.4784331
      11       5.4273758
      12       6.9258537
      13    37.45
 
       1       24.754374
       2       16.146958
       3       15.516145
       4       7.2324412
       5       6.3613129
       6       4.8577788
       7       6.3159766
       8       2.4308653
       9       3.0437518
      10       11.687264
      11       19.983979
      12       25.392265
      13   143.72
 
       1       3.9448808
       2       2.5298780
       3       2.7345924
       4       1.5856246
       5       1.2521048
       6       1.3532376
       7       1.5656824
       8      0.81403030
       9      0.62309485
      10       2.1956278
      11       3.3431126
      12       4.4912019
      13    26.43
 
       1       1.0439562
       2      0.77680609
       3      0.73502828
       4      0.32111129
       5      0.25030138
       6      0.19251138
       7      0.19649536
       8     0.098539998
       9      0.13137708
      10      0.40943484
      11      0.80001338
      12       1.0147299
      13     0.50
 
       1 0.0
       2 0.0
       3 0.0
       4 0.0
       5 0.0
       6 0.0
       7 0.0
       8 0.0
       9 0.0
      10 0.0
      11 0.0
      12 0.0
      13 0.0
 
       1     0.027268651
       2     0.020548110
       3     0.020442706
       4    0.0089473581
       5    0.0071189185
       6    0.0052102580
       7    0.0055203445
       8    0.0029310030
       9    0.0037886850
      10     0.010763380
      11     0.020054687
      12     0.025339120
      13   0.0132
 
       1       1.0000000
       2       1.0000000
       3       1.0000000
       4       1.0000000
       5       1.0000000
       6       1.0000000
       7       1.0000000
       8       1.0000000
       9       1.0000000
      10       1.0000000
      11       1.0000000
      12       1.0000000
      13   1.0000
 
       1       0.0000000
       2       0.0000000
       3       0.0000000
       4       0.0000000
       5       0.0000000
       6       0.0000000
       7       0.0000000
       8       0.0000000
       9       0.0000000
      10       0.0000000
      11       0.0000000
      12       0.0000000
      13   0.0000
 
       1      0.67944980
       2      0.63550066
       3      0.64403239
       4      0.45189080
       5      0.42210588
       6      0.35274882
       7      0.47429291
       8      0.52632842
       9      0.53428819
      10      0.59185666
      11      0.64132538
      12      0.65890319
      13   0.5511
 
