       1       462.33045
       2       460.56069
       3       468.15474
       4       466.78106
       5       504.09797
       6       520.04649
       7       510.91078
       8       548.62089
       9       480.55813
      10       490.14021
      11       483.22609
      12       437.27841
      13  5832.71
 
       1       276.47367
       2       278.89937
       3       285.82415
       4       289.51291
       5       308.68148
       6       314.94449
       7       307.58524
       8       330.58308
       9       299.82386
      10       305.81737
      11       298.20820
      12       269.24824
      13  3565.60
 
       1       36.326954
       2       36.146727
       3       35.578388
       4       34.989837
       5       38.163114
       6       39.654228
       7       38.610879
       8       42.038093
       9       36.691151
      10       36.818383
      11       36.109819
      12       33.274508
      13   444.40
 
       1       126.76967
       2       127.64795
       3       124.19616
       4       120.41051
       5       132.38852
       6       138.31402
       7       139.16087
       8       147.29279
       9       123.65710
      10       125.36928
      11       126.45434
      12       117.75482
      13  1549.42
 
       1       21.695780
       2       20.831357
       3       21.204194
       4       21.111994
       5       25.560603
       6       26.923927
       7       25.513495
       8       27.559475
       9       21.678234
      10       22.207537
      11       21.644626
      12       19.132778
      13   275.06
 
       1       5.7737624
       2       6.4973878
       3       5.5501744
       4       5.6059370
       5       6.0695449
       6       6.5155864
       7       6.3807286
       8       6.7561135
       9       6.0867146
      10       5.8312235
      11       5.8474154
      12       5.3759319
      13     6.02
 
       1 0.0
       2 0.0
       3 0.0
       4 0.0
       5 0.0
       6 0.0
       7 0.0
       8 0.0
       9 0.0
      10 0.0
      11 0.0
      12 0.0
      13 0.0
 
       1     0.023681273
       2     0.026825040
       3     0.022953230
       4     0.023386274
       5     0.025119334
       6     0.026442691
       7     0.025839084
       8     0.027421893
       9     0.025541193
      10     0.024594029
      11     0.024491607
      12     0.022702095
      13   0.0249
 
       1       1.0000000
       2       1.0000000
       3       1.0000000
       4       1.0000000
       5       1.0000000
       6       1.0000000
       7       1.0000000
       8       1.0000000
       9       1.0000000
      10       1.0000000
      11       1.0000000
      12       1.0000000
      13   1.0000
 
       1       0.0000000
       2       0.0000000
       3       0.0000000
       4       0.0000000
       5       0.0000000
       6       0.0000000
       7       0.0000000
       8       0.0000000
       9       0.0000000
      10       0.0000000
      11       0.0000000
      12       0.0000000
      13   0.0000
 
       1      0.71290355
       2      0.71385869
       3      0.67408763
       4      0.63232708
       5      0.61848900
       6      0.60221769
       7      0.64953902
       8      0.67629964
       9      0.68718262
      10      0.70677620
      11      0.71816327
      12      0.72872619
      13   0.6767
 
