       1       149.14073
       2       194.69072
       3       201.29013
       4       205.30277
       5       244.04091
       6       240.78119
       7       222.38286
       8       179.78968
       9       141.37793
      10       114.97512
      11       97.872124
      12       148.98473
      13  2140.63
 
       1       104.15324
       2       129.10745
       3       132.59551
       4       130.75634
       5       149.82817
       6       140.35327
       7       127.02019
       8       105.02337
       9       88.426172
      10       77.030235
      11       66.336400
      12       101.55368
      13  1352.18
 
       1       14.506397
       2       15.401597
       3       17.617705
       4       16.600870
       5       17.143619
       6       15.006923
       7       14.462566
       8       11.938366
       9       10.582176
      10       10.087140
      11       8.8854224
      12       12.605310
      13   164.84
 
       1       20.506269
       2       19.676003
       3       28.653425
       4       30.485997
       5       33.385934
       6       44.256785
       7       44.937319
       8       31.729764
       9       19.019017
      10       12.172952
      11       14.433870
      12       17.980301
      13   317.24
 
       1       15.758436
       2       15.467806
       3       22.389069
       4       24.855994
       5       36.736964
       6       43.424577
       7       45.314098
       8       38.621543
       9       27.653948
      10       15.425637
      11       13.677598
      12       15.357820
      13   314.68
 
       1       12.995140
       2       19.393708
       3       27.953200
       4       32.525588
       5       37.982644
       6       37.721606
       7       30.387656
       8       23.126496
       9       18.776071
      10       13.668275
      11       11.524760
      12       11.909605
      13    23.16
 
       1 0.0
       2 0.0
       3 0.0
       4 0.0
       5 0.0
       6 0.0
       7 0.0
       8 0.0
       9 0.0
      10 0.0
      11 0.0
      12 0.0
      13 0.0
 
       1     0.015968328
       2     0.023656167
       3     0.035360998
       4     0.040194101
       5     0.046222252
       6     0.045374709
       7     0.035642921
       8     0.026662085
       9     0.021764900
      10     0.016188624
      11     0.013787654
      12     0.014228612
      13   0.0279
 
       1      0.86295162
       2      0.86090551
       3      0.86275665
       4      0.86141052
       5      0.86077158
       6      0.86107374
       7      0.86291617
       8      0.86414074
       9      0.86078012
      10      0.86158336
      11      0.86223714
      12      0.86247656
      13   0.8620
 
       1    0.0024240713
       2    0.0035958798
       3    0.0052752549
       4    0.0060646768
       5    0.0070224093
       6    0.0069281412
       7    0.0055035605
       8    0.0041675547
       9    0.0034022482
      10    0.0025150104
      11    0.0021304206
      12    0.0021944764
      13   0.0043
 
       1      0.28786403
       2      0.29666302
       3      0.36824802
       4      0.38261244
       5      0.40988687
       6      0.41222948
       7      0.37961538
       8      0.33712625
       9      0.33472614
      10      0.31181461
      11      0.31754015
      12      0.28392803
      13   0.3435
 
