       1       514.49566
       2       421.63925
       3       481.10414
       4       477.75637
       5       476.69067
       6       503.19869
       7       546.25800
       8       538.99634
       9       515.68947
      10       485.36683
      11       499.49817
      12       465.01482
      13  5925.71
 
       1       308.02696
       2       255.59045
       3       293.39800
       4       294.23459
       5       292.06354
       6       301.03653
       7       328.79974
       8       327.76577
       9       320.43388
      10       302.55144
      11       310.99352
      12       283.04738
      13  3617.94
 
       1       39.134289
       2       32.679624
       3       37.016959
       4       36.074253
       5       35.844050
       6       38.319006
       7       41.009737
       8       41.093305
       9       39.110873
      10       36.288907
      11       36.544392
      12       35.141035
      13   448.26
 
       1       143.78477
       2       113.52718
       3       129.15678
       4       125.04327
       5       123.65346
       6       135.23767
       7       148.29375
       8       144.82663
       9       132.38503
      10       125.06947
      11       131.93023
      12       125.97875
      13  1578.89
 
       1       23.191792
       2       19.154307
       3       22.281192
       4       22.299134
       5       24.483682
       6       27.670753
       7       27.432238
       8       27.617679
       9       23.138581
      10       21.853028
      11       20.780464
      12       19.755568
      13   279.66
 
       1       6.2711826
       2       5.5965496
       3       5.9214294
       4       5.8446437
       5       5.7584287
       6       6.3628559
       7       6.7026677
       8       6.6851063
       9       6.4158311
      10       5.6805022
      11       6.0282250
      12       5.5479981
      13     6.07
 
       1 0.0
       2 0.0
       3 0.0
       4 0.0
       5 0.0
       6 0.0
       7 0.0
       8 0.0
       9 0.0
      10 0.0
      11 0.0
      12 0.0
      13 0.0
 
       1     0.025659875
       2     0.023322616
       3     0.024573306
       4     0.024213164
       5     0.023662266
       6     0.025592653
       7     0.026948637
       8     0.027327539
       9     0.026893484
      10     0.023998919
      11     0.025354183
      12     0.022942533
      13   0.0250
 
       1       1.0000000
       2       1.0000000
       3       1.0000000
       4       1.0000000
       5       1.0000000
       6       1.0000000
       7       1.0000000
       8       1.0000000
       9       1.0000000
      10       1.0000000
      11       1.0000000
      12       1.0000000
      13   1.0000
 
       1       0.0000000
       2       0.0000000
       3       0.0000000
       4       0.0000000
       5       0.0000000
       6       0.0000000
       7       0.0000000
       8       0.0000000
       9       0.0000000
      10       0.0000000
      11       0.0000000
      12       0.0000000
      13   0.0000
 
       1      0.75015613
       2      0.73791501
       3      0.69711239
       4      0.66272499
       5      0.61412688
       6      0.60616073
       7      0.64645731
       8      0.67566005
       9      0.69143237
      10      0.70090103
      11      0.71575143
      12      0.73172830
      13   0.6858
 
