       1       484.59165
       2       494.27399
       3       470.95995
       4       492.36020
       5       545.08406
       6       514.48416
       7       574.69672
       8       519.92341
       9       506.21556
      10       495.26848
      11       441.18305
      12       490.18257
      13  6029.22
 
       1       295.75126
       2       301.41342
       3       288.94426
       4       306.72943
       5       335.41631
       6       314.13580
       7       350.07228
       8       315.57662
       9       314.27521
      10       308.06824
      11       272.64057
      12       296.28345
      13  3699.31
 
       1       36.798129
       2       37.979079
       3       36.232594
       4       36.656974
       5       40.502745
       6       38.869989
       7       43.224103
       8       39.331038
       9       38.484011
      10       37.030103
      11       33.593333
      12       37.083737
      13   455.79
 
       1       130.23748
       2       131.60603
       3       124.94626
       4       126.56577
       5       141.82069
       6       135.49122
       7       153.57079
       8       139.87610
       9       130.99399
      10       128.30886
      11       116.54389
      12       133.80560
      13  1593.77
 
       1       22.155803
       2       22.063944
       3       21.192903
       4       22.651549
       5       27.013510
       6       25.852504
       7       26.630410
       8       25.262529
       9       23.628799
      10       22.595420
      11       19.059951
      12       22.435349
      13   280.54
 
       1       5.9713510
       2       6.4344961
       3       5.7974095
       4       5.9567254
       5       6.3955726
       6       6.5227401
       7       7.0151887
       8       6.4635420
       9       6.2452090
      10       5.8282375
      11       5.5058349
      12       6.0069858
      13     6.18
 
       1 0.0
       2 0.0
       3 0.0
       4 0.0
       5 0.0
       6 0.0
       7 0.0
       8 0.0
       9 0.0
      10 0.0
      11 0.0
      12 0.0
      13 0.0
 
       1     0.024934651
       2     0.026864323
       3     0.024132169
       4     0.025061025
       5     0.026426926
       6     0.026818406
       7     0.028839836
       8     0.026466111
       9     0.026144135
      10     0.024426720
      11     0.022959414
      12     0.024556027
      13   0.0256
 
       1       1.0000000
       2       1.0000000
       3       1.0000000
       4       1.0000000
       5       1.0000000
       6       1.0000000
       7       1.0000000
       8       1.0000000
       9       1.0000000
      10       1.0000000
      11       1.0000000
      12       1.0000000
      13   1.0000
 
       1       0.0000000
       2       0.0000000
       3       0.0000000
       4       0.0000000
       5       0.0000000
       6       0.0000000
       7       0.0000000
       8       0.0000000
       9       0.0000000
      10       0.0000000
      11       0.0000000
      12       0.0000000
      13   0.0000
 
       1      0.72663832
       2      0.73710223
       3      0.68734402
       4      0.64762824
       5      0.61197614
       6      0.60589917
       7      0.65409760
       8      0.67345669
       9      0.69207593
      10      0.71933723
      11      0.72859804
      12      0.72817456
      13   0.6844
 
