       1       508.94759
       2       440.21991
       3       483.49914
       4       476.26937
       5       483.45932
       6       511.78251
       7       541.34058
       8       483.65597
       9       476.09752
      10       457.94965
      11       466.38765
      12       501.63492
      13  5831.24
 
       1       305.09150
       2       268.51489
       3       293.52822
       4       295.11683
       5       296.06654
       6       311.34902
       7       325.06823
       8       294.83980
       9       290.59168
      10       285.73009
      11       282.86555
      12       303.94162
      13  3552.70
 
       1       39.283009
       2       34.336873
       3       37.502075
       4       35.713455
       5       36.056293
       6       37.922631
       7       41.146041
       8       37.161865
       9       36.345514
      10       33.722374
      11       35.238736
      12       38.074778
      13   442.50
 
       1       139.16819
       2       117.93698
       3       128.32761
       4       122.87046
       5       125.68005
       6       133.56126
       7       146.02071
       8       129.77872
       9       125.13008
      10       118.67570
      11       125.91453
      12       137.50000
      13  1550.56
 
       1       24.278653
       2       20.430951
       3       22.961892
       4       23.284996
       5       25.513203
       6       27.809667
       7       28.462861
       8       23.481622
       9       23.700299
      10       20.494805
      11       21.453343
      12       22.639094
      13   284.51
 
       1       6.2216858
       2       5.9280967
       3       5.8493996
       4       5.7814733
       5       5.7107128
       6       6.2023965
       7       6.6060306
       8       6.0193573
       9       5.9510235
      10       5.4123629
      11       5.7661591
      12       5.9683347
      13     5.95
 
       1 0.0
       2 0.0
       3 0.0
       4 0.0
       5 0.0
       6 0.0
       7 0.0
       8 0.0
       9 0.0
      10 0.0
      11 0.0
      12 0.0
      13 0.0
 
       1     0.025403143
       2     0.024637600
       3     0.024109712
       4     0.024040006
       5     0.023448680
       6     0.025289724
       7     0.026707685
       8     0.024494488
       9     0.024476044
      10     0.022544989
      11     0.023612279
      12     0.024751411
      13   0.0245
 
       1       1.0000000
       2       1.0000000
       3       1.0000000
       4       1.0000000
       5       1.0000000
       6       1.0000000
       7       1.0000000
       8       1.0000000
       9       1.0000000
      10       1.0000000
      11       1.0000000
      12       1.0000000
      13   1.0000
 
       1       0.0000000
       2       0.0000000
       3       0.0000000
       4       0.0000000
       5       0.0000000
       6       0.0000000
       7       0.0000000
       8       0.0000000
       9       0.0000000
      10       0.0000000
      11       0.0000000
      12       0.0000000
      13   0.0000
 
       1      0.71167757
       2      0.71883658
       3      0.69125359
       4      0.65992860
       5      0.65272996
       6      0.64523201
       7      0.67646151
       8      0.69541085
       9      0.69465719
      10      0.70930442
      11      0.72341482
      12      0.70941866
      13   0.6907
 
