       1       480.77550
       2       443.65673
       3       470.79826
       4       487.27206
       5       499.54154
       6       515.98063
       7       526.96615
       8       558.19461
       9       492.39350
      10       481.56823
      11       461.54773
      12       473.70296
      13  5892.40
 
       1       289.02641
       2       268.23143
       3       288.08855
       4       298.59084
       5       306.29439
       6       308.43643
       7       320.36911
       8       341.19494
       9       308.36273
      10       301.18529
      11       283.37636
      12       285.30581
      13  3598.46
 
       1       36.471565
       2       34.498687
       3       36.870130
       4       35.967752
       5       37.396484
       6       38.684157
       7       39.491880
       8       42.623044
       9       37.270193
      10       36.179174
      11       34.472186
      12       36.402573
      13   446.33
 
       1       133.81859
       2       119.84617
       3       125.66798
       4       128.32094
       5       130.69793
       6       138.25169
       7       139.86934
       8       148.29426
       9       126.45559
      10       123.18210
      11       123.40480
      12       130.44228
      13  1568.25
 
       1       21.069485
       2       20.770037
       3       21.648868
       4       23.451714
       5       25.169966
       6       28.606741
       7       26.967961
       8       27.447069
       9       21.014093
      10       20.590348
      11       20.812958
      12       22.083196
      13   279.63
 
       1       5.7916949
       2       6.0729664
       3       5.9049572
       4       5.8746013
       5       5.9354148
       6       6.4453222
       7       6.3519126
       8       6.9553280
       9       6.1585849
      10       5.7863434
      11       5.7029198
      12       5.8197510
      13     6.07
 
       1 0.0
       2 0.0
       3 0.0
       4 0.0
       5 0.0
       6 0.0
       7 0.0
       8 0.0
       9 0.0
      10 0.0
      11 0.0
      12 0.0
      13 0.0
 
       1     0.023882161
       2     0.025130282
       3     0.024404586
       4     0.024183596
       5     0.024484973
       6     0.025909435
       7     0.025917458
       8     0.028742348
       9     0.025881137
      10     0.024395636
      11     0.023641519
      12     0.023739753
      13   0.0250
 
       1       1.0000000
       2       1.0000000
       3       1.0000000
       4       1.0000000
       5       1.0000000
       6       1.0000000
       7       1.0000000
       8       1.0000000
       9       1.0000000
      10       1.0000000
      11       1.0000000
      12       1.0000000
      13   1.0000
 
       1       0.0000000
       2       0.0000000
       3       0.0000000
       4       0.0000000
       5       0.0000000
       6       0.0000000
       7       0.0000000
       8       0.0000000
       9       0.0000000
      10       0.0000000
      11       0.0000000
      12       0.0000000
      13   0.0000
 
       1      0.69776765
       2      0.69471237
       3      0.66402234
       4      0.61863064
       5      0.58048456
       6      0.57776040
       7      0.62599809
       8      0.64732493
       9      0.66261916
      10      0.68722899
      11      0.70391512
      12      0.70185280
      13   0.6552
 
