       1       84.956541
       2       64.044227
       3       50.688466
       4       40.017248
       5       22.627840
       6       14.608556
       7       13.336739
       8       10.066499
       9       11.809196
      10       32.341125
      11       52.583224
      12       70.936272
      13   468.02
 
       1       43.165466
       2       34.289856
       3       29.018723
       4       24.020311
       5       15.633588
       6       9.7513946
       7       9.7541507
       8       6.7090810
       9       7.7782195
      10       17.477351
      11       28.149459
      12       37.444008
      13   263.19
 
       1       7.6049733
       2       5.5478588
       3       4.3284323
       4       2.9835592
       5       1.3753237
       6      0.84242788
       7      0.66273767
       8      0.58839969
       9      0.75193435
      10       2.5171695
      11       4.4457483
      12       5.9060223
      13    37.55
 
       1       24.953820
       2       20.730840
       3       15.883374
       4       11.114803
       5       5.6872011
       6       4.5334724
       7       3.6304730
       8       2.9933093
       9       2.8709380
      10       9.3504591
      11       15.392365
      12       24.266050
      13   141.41
 
       1       4.3232952
       2       3.4459093
       3       2.6476844
       4       1.7670729
       5       1.3038175
       6       1.2410420
       7       1.0482477
       8      0.91393732
       9      0.70353871
      10       1.8384349
      11       2.7174079
      12       3.3931362
      13    25.34
 
       1       1.1690895
       2      0.93332053
       3      0.68883184
       4      0.49015629
       5      0.25730380
       6      0.17750843
       7      0.12631261
       8      0.10284951
       9      0.12803162
      10      0.37387199
      11      0.68095659
      12      0.89755345
      13     0.50
 
       1 0.0
       2 0.0
       3 0.0
       4 0.0
       5 0.0
       6 0.0
       7 0.0
       8 0.0
       9 0.0
      10 0.0
      11 0.0
      12 0.0
      13 0.0
 
       1     0.030238330
       2     0.024787965
       3     0.018653836
       4     0.013532438
       5    0.0074207706
       6    0.0049375180
       7    0.0038441518
       8    0.0029986591
       9    0.0037902043
      10    0.0097147561
      11     0.018100356
      12     0.023086185
      13   0.0134
 
       1       1.0000000
       2       1.0000000
       3       1.0000000
       4       1.0000000
       5       1.0000000
       6       1.0000000
       7       1.0000000
       8       1.0000000
       9       1.0000000
      10       1.0000000
      11       1.0000000
      12       1.0000000
      13   1.0000
 
       1       0.0000000
       2       0.0000000
       3       0.0000000
       4       0.0000000
       5       0.0000000
       6       0.0000000
       7       0.0000000
       8       0.0000000
       9       0.0000000
      10       0.0000000
      11       0.0000000
      12       0.0000000
      13   0.0000
 
       1      0.71989706
       2      0.68244038
       3      0.56388009
       4      0.46387082
       5      0.35505475
       6      0.34113855
       7      0.43401979
       8      0.52529771
       9      0.50794127
      10      0.55548238
      11      0.63338421
      12      0.66207987
      13   0.5370
 
