       1       145.51561
       2       169.37461
       3       225.73960
       4       209.98830
       5       166.50808
       6       205.08431
       7       216.35473
       8       201.45224
       9       165.33862
      10       97.442752
      11       129.09018
      12       154.56496
      13  2086.45
 
       1       96.534038
       2       114.95419
       3       140.95666
       4       138.47186
       5       102.24672
       6       119.91039
       7       120.72370
       8       116.54098
       9       103.41345
      10       64.669226
      11       87.324103
      12       103.28217
      13  1309.03
 
       1       12.706197
       2       17.107216
       3       17.750135
       4       21.460698
       5       13.669025
       6       14.306315
       7       14.439579
       8       13.947336
       9       13.337093
      10       9.4289267
      11       11.284733
      12       13.452687
      13   172.89
 
       1       19.121585
       2       22.854253
       3       25.364453
       4       36.080310
       5       23.262573
       6       38.060588
       7       43.555444
       8       34.519402
       9       24.185324
      10       14.912028
      11       14.811598
      12       19.557092
      13   316.28
 
       1       12.630624
       2       17.246636
       3       19.368021
       4       30.455538
       5       23.074551
       6       32.070859
       7       38.499833
       8       38.761946
       9       27.470666
      10       17.456659
      11       16.766974
      12       15.139898
      13   288.94
 
       1       12.848947
       2       18.722739
       3       22.939121
       4       33.071086
       5       24.032645
       6       28.064416
       7       25.758332
       8       25.074018
       9       20.964125
      10       12.227367
      11       14.048146
      12       12.813975
      13    20.88
 
       1 0.0
       2 0.0
       3 0.0
       4 0.0
       5 0.0
       6 0.0
       7 0.0
       8 0.0
       9 0.0
      10 0.0
      11 0.0
      12 0.0
      13 0.0
 
       1     0.012462382
       2     0.018297094
       3     0.021948878
       4     0.032497244
       5     0.022469581
       6     0.025791377
       7     0.023406666
       8     0.022946360
       9     0.019279363
      10     0.011371087
      11     0.013423257
      12     0.012298397
      13   0.0197
 
       1      0.88354301
       2      0.88167058
       3      0.88072101
       4      0.88265889
       5      0.88020673
       6      0.87938750
       7      0.88195847
       8      0.88337455
       9      0.88255809
      10      0.88183670
      11      0.88475698
      12      0.88326212
      13   0.8822
 
       1    0.0016499231
       2    0.0024040644
       3    0.0029183471
       4    0.0042395387
       5    0.0030415140
       6    0.0035131500
       7    0.0031998381
       8    0.0031255029
       9    0.0026282413
      10    0.0015494707
      11    0.0017928274
      12    0.0016374126
      13   0.0026
 
       1      0.27497576
       2      0.29894859
       3      0.31829409
       4      0.36645872
       5      0.36411091
       6      0.37042509
       7      0.32562950
       8      0.30898870
       9      0.30385466
      10      0.29196122
      11      0.28415664
      12      0.27800962
      13   0.3155
 
