       1       485.40665
       2       452.05196
       3       493.07239
       4       464.38805
       5       448.22135
       6       515.19203
       7       517.58663
       8       500.94955
       9       470.93481
      10       479.99497
      11       440.18397
      12       452.89786
      13  5720.88
 
       1       290.92009
       2       274.36614
       3       305.99554
       4       289.76541
       5       273.69282
       6       311.46588
       7       313.98356
       8       308.53981
       9       288.72153
      10       296.33126
      11       268.15111
      12       279.19354
      13  3501.13
 
       1       38.012632
       2       34.597007
       3       37.430191
       4       34.767950
       5       33.403027
       6       38.723151
       7       39.380436
       8       37.952102
       9       35.958829
      10       35.900706
      11       33.476682
      12       34.084707
      13   433.69
 
       1       132.29254
       2       122.98879
       3       127.95705
       4       119.88236
       5       117.80990
       6       138.17824
       7       138.13048
       8       129.64455
       9       124.47328
      10       126.47453
      11       119.23669
      12       119.10825
      13  1516.18
 
       1       23.245202
       2       20.323518
       3       20.924246
       4       20.436789
       5       23.741867
       6       26.068323
       7       26.040349
       8       24.698365
       9       22.168881
      10       20.980440
      11       20.857533
      12       20.392871
      13   269.88
 
       1       6.0902987
       2       6.0451187
       3       5.8749432
       4       5.6289772
       5       5.2268581
       6       6.3564112
       7       6.4025854
       8       6.1600666
       9       5.9875261
      10       5.6554578
      11       5.5001334
      12       5.3706469
      13     5.86
 
       1 0.0
       2 0.0
       3 0.0
       4 0.0
       5 0.0
       6 0.0
       7 0.0
       8 0.0
       9 0.0
      10 0.0
      11 0.0
      12 0.0
      13 0.0
 
       1     0.024902377
       2     0.024950029
       3     0.024634687
       4     0.023536990
       5     0.021384889
       6     0.025753061
       7     0.026079109
       8     0.025487424
       9     0.024597010
      10     0.023491444
      11     0.022498958
      12     0.022556400
      13   0.0242
 
       1       1.0000000
       2       1.0000000
       3       1.0000000
       4       1.0000000
       5       1.0000000
       6       1.0000000
       7       1.0000000
       8       1.0000000
       9       1.0000000
      10       1.0000000
      11       1.0000000
      12       1.0000000
      13   1.0000
 
       1       0.0000000
       2       0.0000000
       3       0.0000000
       4       0.0000000
       5       0.0000000
       6       0.0000000
       7       0.0000000
       8       0.0000000
       9       0.0000000
      10       0.0000000
      11       0.0000000
      12       0.0000000
      13   0.0000
 
       1      0.72306786
       2      0.69641679
       3      0.66497828
       4      0.64455735
       5      0.61228581
       6      0.62045773
       7      0.67754952
       8      0.68369535
       9      0.69731994
      10      0.70377998
      11      0.69830017
      12      0.70586830
      13   0.6774
 
