       1       69.359848
       2       46.332520
       3       56.026599
       4       33.337051
       5       29.557024
       6       18.258845
       7       14.957033
       8       14.033610
       9       13.839194
      10       33.341749
      11       45.461218
      12       68.771348
      13   443.28
 
       1       36.927245
       2       25.881785
       3       30.609083
       4       19.295375
       5       18.637293
       6       11.643314
       7       10.105557
       8       9.0905125
       9       8.9710674
      10       18.648249
      11       24.032490
      12       35.524682
      13   249.37
 
       1       6.2774145
       2       4.0902666
       3       5.0108588
       4       2.4685586
       5       1.8816292
       6       1.0488464
       7      0.81284100
       8      0.78793687
       9      0.86549824
      10       2.4990541
      11       3.6727235
      12       5.9753622
      13    35.39
 
       1       22.696563
       2       14.865634
       3       16.055745
       4       9.2683684
       5       8.3391090
       6       6.0725596
       7       4.7546118
       8       4.2685220
       9       3.6756063
      10       9.9580399
      11       13.567441
      12       23.215526
      13   136.74
 
       1       3.4510797
       2       2.2958133
       3       2.3825071
       4       1.5986621
       5       1.7198882
       6       1.4706268
       7       1.3119010
       8       1.1681579
       9      0.79598587
      10       1.9911313
      11       2.6536084
      12       3.7405266
      13    24.58
 
       1      0.97016943
       2      0.71260866
       3      0.70652861
       4      0.40699797
       5      0.34413315
       6      0.22310934
       7      0.15523146
       8      0.14028620
       9      0.15459584
      10      0.38487750
      11      0.56511476
      12      0.94113148
      13     0.48
 
       1 0.0
       2 0.0
       3 0.0
       4 0.0
       5 0.0
       6 0.0
       7 0.0
       8 0.0
       9 0.0
      10 0.0
      11 0.0
      12 0.0
      13 0.0
 
       1     0.025441264
       2     0.018943973
       3     0.019248150
       4     0.010883309
       5    0.0094787966
       6    0.0059099853
       7    0.0044571505
       8    0.0040802981
       9    0.0044181982
      10     0.010214592
      11     0.014702071
      12     0.024082487
      13   0.0127
 
       1       1.0000000
       2       1.0000000
       3       1.0000000
       4       1.0000000
       5       1.0000000
       6       1.0000000
       7       1.0000000
       8       1.0000000
       9       1.0000000
      10       1.0000000
      11       1.0000000
      12       1.0000000
      13   1.0000
 
       1       0.0000000
       2       0.0000000
       3       0.0000000
       4       0.0000000
       5       0.0000000
       6       0.0000000
       7       0.0000000
       8       0.0000000
       9       0.0000000
      10       0.0000000
      11       0.0000000
      12       0.0000000
      13   0.0000
 
       1      0.70699831
       2      0.64471856
       3      0.59120219
       4      0.47786138
       5      0.43427062
       6      0.37904071
       7      0.44711051
       8      0.54416391
       9      0.56173764
      10      0.61130062
      11      0.62102677
      12      0.66587928
      13   0.5571
 
