       1       532.78363
       2       430.08895
       3       489.88511
       4       467.91023
       5       504.55886
       6       501.23006
       7       524.15256
       8       500.36174
       9       474.58032
      10       476.15078
      11       489.94319
      12       494.00788
      13  5885.65
 
       1       318.11515
       2       257.20229
       3       297.01825
       4       288.96714
       5       304.47735
       6       301.27948
       7       315.15066
       8       301.10516
       9       291.58239
      10       295.46670
      11       300.66918
      12       300.38969
      13  3571.42
 
       1       41.186257
       2       33.200073
       3       37.903933
       4       34.790936
       5       37.516005
       6       37.944440
       7       40.185818
       8       38.514358
       9       35.583276
      10       35.903060
      11       36.485240
      12       37.337391
      13   446.55
 
       1       147.23355
       2       119.16921
       3       133.52602
       4       120.90207
       5       134.85432
       6       133.09846
       7       143.49703
       8       134.82096
       9       124.93335
      10       124.51167
      11       131.36750
      12       133.64323
      13  1581.56
 
       1       25.737568
       2       20.762222
       3       22.368184
       4       22.568917
       5       28.124360
       6       28.845967
       7       25.834928
       8       25.479554
       9       21.825882
      10       19.910752
      11       21.570344
      12       22.588406
      13   285.62
 
       1       6.4883287
       2       5.9196328
       3       5.9312997
       4       5.6223769
       5       5.8546963
       6       6.2328598
       7       6.5758818
       8       6.3200252
       9       5.8386461
      10       5.6153563
      11       6.0466713
      12       6.0277059
      13     6.04
 
       1 0.0
       2 0.0
       3 0.0
       4 0.0
       5 0.0
       6 0.0
       7 0.0
       8 0.0
       9 0.0
      10 0.0
      11 0.0
      12 0.0
      13 0.0
 
       1     0.026744273
       2     0.024137342
       3     0.024335604
       4     0.023322820
       5     0.023699424
       6     0.025014560
       7     0.026288170
       8     0.025319523
       9     0.024072094
      10     0.023416774
      11     0.025008499
      12     0.024827395
      13   0.0247
 
       1       1.0000000
       2       1.0000000
       3       1.0000000
       4       1.0000000
       5       1.0000000
       6       1.0000000
       7       1.0000000
       8       1.0000000
       9       1.0000000
      10       1.0000000
      11       1.0000000
      12       1.0000000
      13   1.0000
 
       1       0.0000000
       2       0.0000000
       3       0.0000000
       4       0.0000000
       5       0.0000000
       6       0.0000000
       7       0.0000000
       8       0.0000000
       9       0.0000000
      10       0.0000000
      11       0.0000000
      12       0.0000000
      13   0.0000
 
       1      0.73822593
       2      0.72236252
       3      0.69469452
       4      0.65913811
       5      0.63163130
       6      0.60532673
       7      0.66821977
       8      0.69358193
       9      0.70398095
      10      0.70137731
      11      0.71329032
      12      0.72817714
      13   0.6883
 
