       1       142.73345
       2       196.73912
       3       287.55959
       4       207.69267
       5       202.18172
       6       228.40319
       7       246.32652
       8       214.03678
       9       161.37506
      10       90.458033
      11       121.69203
      12       159.42324
      13  2258.62
 
       1       98.746191
       2       128.08397
       3       187.85671
       4       136.05064
       5       124.55850
       6       132.86538
       7       135.77042
       8       123.57723
       9       100.74233
      10       63.230016
      11       82.681770
      12       108.09026
      13  1422.25
 
       1       13.342781
       2       17.483018
       3       24.407358
       4       17.981879
       5       14.845568
       6       14.346369
       7       14.462425
       8       13.594792
       9       11.565165
      10       8.9085975
      11       10.060753
      12       13.789468
      13   174.79
 
       1       17.540140
       2       22.694271
       3       33.583825
       4       29.562149
       5       28.255737
       6       42.319457
       7       54.332519
       8       34.166570
       9       21.056197
      10       12.905168
      11       13.337371
      12       19.445448
      13   329.20
 
       1       13.533409
       2       16.986985
       3       31.003189
       4       29.488091
       5       29.823682
       6       41.178361
       7       45.224928
       8       46.010211
       9       31.597508
      10       17.875401
      11       14.922883
      12       15.345464
      13   332.99
 
       1       12.972141
       2       21.424251
       3       32.902285
       4       34.842651
       5       31.694099
       6       35.413331
       7       31.515935
       8       27.778607
       9       21.202191
      10       13.291366
      11       12.815165
      12       12.497512
      13    24.03
 
       1 0.0
       2 0.0
       3 0.0
       4 0.0
       5 0.0
       6 0.0
       7 0.0
       8 0.0
       9 0.0
      10 0.0
      11 0.0
      12 0.0
      13 0.0
 
       1     0.012686078
       2     0.021763600
       3     0.033197149
       4     0.035283179
       5     0.030883524
       6     0.034041527
       7     0.029483910
       8     0.026116197
       9     0.019985195
      10     0.012629918
      11     0.012407077
      12     0.012181752
      13   0.0234
 
       1      0.84427718
       2      0.84393722
       3      0.84569474
       4      0.84557641
       5      0.84252542
       6      0.84146158
       7      0.84385068
       8      0.84904584
       9      0.84518162
      10      0.84553336
      11      0.84610126
      12      0.84547201
      13   0.8449
 
       1    0.0022137031
       2    0.0036906696
       3    0.0056439268
       4    0.0060052275
       5    0.0053789294
       6    0.0059567931
       7    0.0052154550
       8    0.0046156548
       9    0.0035412603
      10    0.0022466452
      11    0.0021780306
      12    0.0021233995
      13   0.0041
 
       1      0.28232620
       2      0.32013177
       3      0.34443460
       4      0.36958637
       5      0.37888075
       6      0.39562784
       7      0.35110990
       8      0.33800827
       9      0.32091199
      10      0.29314779
      11      0.28246714
      12      0.29221997
      13   0.3307
 
