       1       125.26137
       2       171.33515
       3       161.24777
       4       170.38318
       5       153.35085
       6       131.54188
       7       149.29622
       8       124.89802
       9       91.366555
      10       78.963655
      11       127.95249
      12       147.11679
      13  1632.71
 
       1       87.049086
       2       113.86196
       3       105.06639
       4       102.30183
       5       99.502389
       6       80.012869
       7       82.242629
       8       73.407351
       9       58.160166
      10       52.248161
      11       87.434825
      12       100.47225
      13  1041.76
 
       1       10.241240
       2       13.996780
       3       12.046682
       4       9.3591792
       5       9.8211954
       6       7.0258340
       7       6.6389028
       8       6.7471398
       9       6.2844409
      10       5.9178637
      11       10.109271
      12       11.879182
      13   110.07
 
       1       9.6253886
       2       14.467697
       3       14.117508
       4       11.780082
       5       13.950754
       6       14.154491
       7       15.087691
       8       16.176462
       9       9.6911531
      10       6.4140033
      11       12.632194
      12       14.269649
      13   152.37
 
       1       9.6730642
       2       17.975599
       3       16.466648
       4       14.345941
       5       20.635262
       6       16.751183
       7       20.719325
       8       24.689180
       9       19.279579
      10       11.720363
      11       17.548073
      12       16.078251
      13   205.88
 
       1       9.5639728
       2       15.508241
       3       17.225556
       4       17.695706
       5       25.700374
       6       22.723972
       7       18.656962
       8       17.455254
       9       12.298639
      10       8.5411853
      11       10.813677
      12       9.4538052
      13    15.47
 
       1 0.0
       2 0.0
       3 0.0
       4 0.0
       5 0.0
       6 0.0
       7 0.0
       8 0.0
       9 0.0
      10 0.0
      11 0.0
      12 0.0
      13 0.0
 
       1      0.12929311
       2      0.21130807
       3      0.23194330
       4      0.22831797
       5      0.34269517
       6      0.29967053
       7      0.23508324
       8      0.22058606
       9      0.15387246
      10      0.10734999
      11      0.14293491
      12      0.12674756
      13   0.2025
 
       1      0.85324071
       2      0.85304482
       3      0.85439242
       4      0.85322652
       5      0.85292736
       6      0.85175278
       7      0.85181717
       8      0.85104544
       9      0.85084487
      10      0.85155776
      11      0.85433753
      12      0.85234689
      13   0.8525
 
       1     0.019648395
       2     0.031785705
       3     0.035188322
       4     0.035381607
       5     0.052400950
       6     0.046105960
       7     0.036910053
       8     0.034589858
       9     0.024390199
      10     0.017089495
      11     0.021999566
      12     0.019300928
      13   0.0312
 
       1      0.70620249
       2      0.77194508
       3      0.76853671
       4      0.75334294
       5      0.87299403
       6      0.89862149
       7      0.86625883
       8      0.85609678
       9      0.78234864
      10      0.70867166
      11      0.68779199
      12      0.69412747
      13   0.7806
 
