       1       7.9273813
       2       15.859880
       3       19.063152
       4       19.732108
       5       33.783044
       6       44.877827
       7       45.679773
       8       26.407451
       9       17.963582
      10       10.780135
      11       6.2097976
      12       7.2841797
      13   255.57
 
       1       5.9944041
       2       10.313637
       3       11.966011
       4       12.110596
       5       18.766744
       6       23.097221
       7       25.245927
       8       14.930186
       9       10.429007
      10       7.0672988
      11       4.6578338
      12       5.4807057
      13   150.06
 
       1      0.82602484
       2       1.7492234
       3       2.0764091
       4       2.4993262
       5       2.9720894
       6       2.8108277
       7       3.2242974
       8       2.1473839
       9       1.3717487
      10       1.0582450
      11      0.62397687
      12      0.72838990
      13    22.09
 
       1       1.8258065
       2       1.7300098
       3       2.2962842
       4       3.2179149
       5       5.1824490
       6       14.354455
       7       15.272646
       8       6.4262048
       9       2.9568579
      10       1.0643207
      11      0.60077274
      12      0.88762532
      13    55.82
 
       1      0.70712750
       2       1.0050283
       3       1.7459245
       4       3.1023247
       5       3.4841669
       6       6.2646411
       7       6.2202118
       8       3.3757180
       9       1.9658072
      10      0.53183911
      11      0.11155318
      12      0.16817056
      13    28.68
 
       1       1.0012749
       2       1.8988983
       3       2.3404092
       4       3.1769052
       5       4.0892215
       6       3.8446410
       7       3.8551105
       8       2.3899383
       9       1.5085305
      10       1.1345793
      11      0.75520305
      12      0.66242840
      13     2.22
 
       1 0.0
       2 0.0
       3 0.0
       4 0.0
       5 0.0
       6 0.0
       7 0.0
       8 0.0
       9 0.0
      10 0.0
      11 0.0
      12 0.0
      13 0.0
 
       1     0.025914980
       2     0.051894262
       3     0.060939800
       4     0.080431561
       5      0.10342299
       6     0.090901026
       7     0.089522530
       8     0.055056450
       9     0.035349861
      10     0.029471474
      11     0.020810388
      12     0.017932036
      13   0.0551
 
       1      0.92493863
       2      0.92682936
       3      0.92418209
       4      0.92293870
       5      0.92328410
       6      0.92261425
       7      0.92229549
       8      0.92137868
       9      0.92051612
      10      0.92407147
      11      0.92647122
      12      0.92545978
      13   0.9237
 
       1    0.0020279728
       2    0.0039333856
       3    0.0047449307
       4    0.0063661402
       5    0.0081339679
       6    0.0073666378
       7    0.0073230111
       8    0.0045575305
       9    0.0029089079
      10    0.0023069622
      11    0.0015805959
      12    0.0013806340
      13   0.0044
 
       1      0.96847188
       2      0.94595790
       3      0.95654929
       4      0.96995963
       5      0.98254607
       6      0.97620739
       7      0.96613908
       8      0.97724452
       9      0.97219291
      10      0.96957231
      11      0.96065351
      12      0.92154255
      13   0.9639
 
