       1       121.66170
       2       128.32211
       3       187.44930
       4       146.87713
       5       148.04484
       6       128.64379
       7       126.23086
       8       122.03595
       9       106.38269
      10       106.89741
      11       79.027467
      12       91.646528
      13  1493.22
 
       1       82.766527
       2       85.520585
       3       112.78116
       4       97.669081
       5       92.743082
       6       78.245120
       7       71.169406
       8       70.446390
       9       66.671805
      10       70.188500
      11       54.950150
      12       63.724068
      13   946.88
 
       1       10.263335
       2       10.231030
       3       10.454851
       4       11.400305
       5       8.8755493
       6       7.4327516
       7       6.4592291
       8       6.6624406
       9       7.1633769
      10       7.7816233
      11       6.5753081
      12       7.8776379
      13   101.18
 
       1       10.945610
       2       11.554470
       3       9.9270911
       4       16.355329
       5       13.876845
       6       12.943276
       7       14.700729
       8       14.687621
       9       10.327538
      10       8.6133682
      11       7.2748386
      12       9.9092876
      13   141.12
 
       1       10.123975
       2       12.812444
       3       12.742086
       4       20.606663
       5       19.805806
       6       15.425194
       7       20.971093
       8       22.618197
       9       22.096829
      10       18.695132
      11       11.805019
      12       9.9755800
      13   197.68
 
       1       8.8836364
       2       12.073245
       3       15.729832
       4       22.696514
       5       23.517419
       6       22.112280
       7       17.118841
       8       16.762843
       9       14.624168
      10       11.953252
      11       7.6734900
      12       6.9301745
      13    15.01
 
       1 0.0
       2 0.0
       3 0.0
       4 0.0
       5 0.0
       6 0.0
       7 0.0
       8 0.0
       9 0.0
      10 0.0
      11 0.0
      12 0.0
      13 0.0
 
       1      0.11985687
       2      0.16373662
       3      0.20639193
       4      0.30954112
       5      0.31045539
       6      0.29016065
       7      0.21759271
       8      0.21434571
       9      0.18758940
      10      0.15434744
      11      0.10077277
      12     0.091695620
      13   0.1972
 
       1      0.88149465
       2      0.88181197
       3      0.88225639
       4      0.88456369
       5      0.88183593
       6      0.88016994
       7      0.88075638
       8      0.88183020
       9      0.88101210
      10      0.88126968
      11      0.88222128
      12      0.88106946
      13   0.8817
 
       1     0.014673061
       2     0.019973043
       3     0.025456751
       4     0.037480533
       5     0.038463173
       6     0.036005058
       7     0.027348604
       8     0.026900469
       9     0.023551728
      10     0.019368649
      11     0.012573217
      12     0.011396141
      13   0.0244
 
       1      0.70362033
       2      0.71373431
       3      0.73246585
       4      0.82915923
       5      0.85821999
       6      0.88661700
       7      0.83993825
       8      0.83070670
       9      0.81994965
      10      0.77340398
      11      0.72217818
      12      0.70765394
      13   0.7848
 
