       1       30.032386
       2       25.631177
       3       24.208803
       4       22.962053
       5       19.210488
       6       21.548304
       7       17.387434
       8       15.443993
       9       10.824392
      10       14.111532
      11       15.629027
      12       24.252678
      13   241.24
 
       1       15.728833
       2       13.268616
       3       13.533372
       4       12.998820
       5       11.676941
       6       13.214496
       7       10.537081
       8       9.4369002
       9       6.5979217
      10       7.6821810
      11       8.0917165
      12       12.392203
      13   135.16
 
       1       2.4399774
       2       2.1592825
       3       1.9852084
       4       1.8320052
       5       1.6058054
       6       1.7600384
       7       1.3571193
       8       1.1341593
       9      0.85641891
      10       1.1486483
      11       1.2826452
      12       2.0253993
      13    19.59
 
       1       10.126606
       2       8.4691722
       3       7.4863035
       4       6.5097469
       5       5.7804900
       6       6.1046599
       7       5.5833940
       8       4.8177310
       9       3.3484901
      10       4.6426876
      11       5.2797058
      12       8.2333318
      13    76.38
 
       1       1.7097214
       2       1.4137534
       3       1.4117365
       4      0.86607568
       5      0.82226359
       6      0.73554216
       7      0.60867675
       8      0.90314791
       9      0.81517057
      10       1.0245349
      11       1.2249945
      12       1.8680122
      13    13.40
 
       1      0.42687384
       2      0.39986112
       3      0.35651133
       4      0.39324213
       5      0.36451988
       6      0.42679326
       7      0.33425090
       8      0.26720134
       9      0.19340462
      10      0.21420072
      11      0.21443992
      12      0.32634823
      13     0.33
 
       1 0.0
       2 0.0
       3 0.0
       4 0.0
       5 0.0
       6 0.0
       7 0.0
       8 0.0
       9 0.0
      10 0.0
      11 0.0
      12 0.0
      13 0.0
 
       1     0.016129105
       2     0.015226193
       3     0.013692603
       4     0.015464282
       5     0.014933596
       6     0.017663030
       7     0.013593297
       8     0.011580393
       9    0.0080201510
      10    0.0080959337
      11    0.0081326437
      12     0.012063707
      13   0.0129
 
       1       1.0000000
       2       1.0000000
       3       1.0000000
       4       1.0000000
       5       1.0000000
       6       1.0000000
       7       1.0000000
       8       1.0000000
       9       1.0000000
      10       1.0000000
      11       1.0000000
      12       1.0000000
      13   1.0000
 
       1       0.0000000
       2       0.0000000
       3       0.0000000
       4       0.0000000
       5       0.0000000
       6       0.0000000
       7       0.0000000
       8       0.0000000
       9       0.0000000
      10       0.0000000
      11       0.0000000
      12       0.0000000
      13   0.0000
 
       1      0.33939125
       2      0.27517590
       3      0.23517099
       4      0.16348539
       5      0.13794648
       6      0.12284809
       7      0.13726451
       8      0.17358769
       9      0.16198340
      10      0.28950742
      11      0.32495012
      12      0.33148636
      13   0.2244
 
