       1       9.5388457
       2       11.122880
       3       19.132175
       4       23.256091
       5       26.418750
       6       41.685020
       7       50.725459
       8       29.072664
       9       18.594917
      10       11.108603
      11       6.2838954
      12       10.383606
      13   257.32
 
       1       6.6443667
       2       7.9715728
       3       12.518294
       4       13.889319
       5       15.062661
       6       22.126847
       7       26.767351
       8       16.898078
       9       11.095064
      10       7.3524731
      11       4.5847969
      12       7.4708615
      13   152.38
 
       1      0.81432573
       2       1.2719458
       3       2.3257457
       4       2.4476024
       5       2.6915083
       6       2.7876926
       7       3.2888887
       8       2.3783915
       9       1.5586701
      10       1.0312563
      11      0.65923617
      12      0.99336506
      13    22.25
 
       1      0.85292507
       2       1.6000175
       3       3.7640152
       4       3.2102755
       5       5.0084233
       6       11.880500
       7       16.363837
       8       8.0655099
       9       3.2981541
      10      0.84305241
      11      0.69269222
      12       1.2429549
      13    56.82
 
       1      0.26817767
       2      0.81387238
       3       1.7259698
       4       2.6439040
       5       3.6741825
       6       5.7095618
       7       6.0193041
       8       4.5973313
       9       2.0397839
      10      0.48933208
      11      0.11682703
      12      0.26298168
      13    28.36
 
       1      0.81625647
       2       1.7334486
       3       2.7457658
       4       3.1581635
       5       3.7284435
       6       3.7003758
       7       4.0295617
       8       2.6378120
       9       1.7911133
      10       1.0927355
      11      0.74205858
      12      0.79949223
      13     2.25
 
       1 0.0
       2 0.0
       3 0.0
       4 0.0
       5 0.0
       6 0.0
       7 0.0
       8 0.0
       9 0.0
      10 0.0
      11 0.0
      12 0.0
      13 0.0
 
       1     0.022289188
       2     0.046609613
       3     0.073141683
       4     0.080154116
       5     0.094943893
       6     0.087608472
       7     0.093903390
       8     0.061898730
       9     0.042786190
      10     0.028556204
      11     0.020081393
      12     0.021896366
      13   0.0562
 
       1      0.92692234
       2      0.92549443
       3      0.92552680
       4      0.92352726
       5      0.92313770
       6      0.92158338
       7      0.92140159
       8      0.92290906
       9      0.92237332
      10      0.92512365
      11      0.92582509
      12      0.92706880
      13   0.9242
 
       1    0.0016981994
       2    0.0035743475
       3    0.0056169626
       4    0.0063127150
       5    0.0074526145
       6    0.0070939735
       7    0.0076546018
       8    0.0050575141
       9    0.0034798492
      10    0.0022225448
      11    0.0015456324
      12    0.0016627509
      13   0.0044
 
       1      0.87878657
       2      0.93717457
       3      0.94129684
       4      0.95893238
       5      0.98177339
       6      0.97960531
       7      0.98076242
       8      0.96915034
       9      0.97154426
      10      0.94751134
      11      0.95449548
      12      0.92083754
      13   0.9518
 
