       1       145.28750
       2       200.58434
       3       165.16622
       4       204.42003
       5       196.15576
       6       184.05158
       7       214.42289
       8       175.33025
       9       138.57384
      10       116.17764
      11       106.22011
      12       180.13427
      13  2026.52
 
       1       99.315387
       2       131.80398
       3       109.79362
       4       126.50977
       5       122.00200
       6       108.20606
       7       118.00679
       8       103.35164
       9       87.494030
      10       76.324684
      11       72.488840
      12       121.52283
      13  1276.82
 
       1       13.798981
       2       17.418922
       3       16.118834
       4       15.750206
       5       16.355414
       6       13.323028
       7       12.928630
       8       12.478873
       9       11.178372
      10       9.8534366
      11       9.6792436
      12       15.284830
      13   164.17
 
       1       17.966063
       2       20.557191
       3       23.523343
       4       26.452503
       5       31.564406
       6       33.086732
       7       45.222258
       8       34.009026
       9       19.992867
      10       13.505492
      11       11.622745
      12       23.671109
      13   301.17
 
       1       13.728824
       2       16.884114
       3       20.823096
       4       22.378220
       5       32.169841
       6       30.358243
       7       38.890291
       8       33.985214
       9       25.189280
      10       17.119816
      11       14.227857
      12       19.138737
      13   284.89
 
       1       12.700975
       2       19.349256
       3       20.515149
       4       28.628869
       5       31.196833
       6       25.987097
       7       25.618675
       8       23.045315
       9       18.485369
      10       13.930806
      11       11.648137
      12       14.302479
      13    20.45
 
       1 0.0
       2 0.0
       3 0.0
       4 0.0
       5 0.0
       6 0.0
       7 0.0
       8 0.0
       9 0.0
      10 0.0
      11 0.0
      12 0.0
      13 0.0
 
       1     0.012118263
       2     0.018430838
       3     0.019594000
       4     0.026795662
       5     0.029323455
       6     0.023627145
       7     0.022853505
       8     0.020717945
       9     0.016646703
      10     0.012680555
      11     0.010944179
      12     0.013629323
      13   0.0189
 
       1      0.93899092
       2      0.93873657
       3      0.93889235
       4      0.93849573
       5      0.93769444
       6      0.93713833
       7      0.93880925
       8      0.93957556
       9      0.93772248
      10      0.93809002
      11      0.94042558
      12      0.93947837
      13   0.9387
 
       1   0.00084870579
       2    0.0012884540
       3    0.0013700931
       4    0.0019005093
       5    0.0020733572
       6    0.0017093379
       7    0.0016706437
       8    0.0015097906
       9    0.0012151521
      10   0.00092127145
      11   0.00077780704
      12   0.00095352707
      13   0.0014
 
       1      0.28234676
       2      0.27893948
       3      0.30590863
       4      0.33755383
       5      0.37442182
       6      0.37423850
       7      0.32855510
       8      0.29985275
       9      0.30343226
      10      0.28269971
      11      0.27379862
      12      0.26616376
      13   0.3090
 
