       1       127.61609
       2       80.345906
       3       126.53644
       4       128.79268
       5       167.43653
       6       143.18925
       7       139.10453
       8       133.10545
       9       104.95336
      10       89.348531
      11       110.45313
      12       126.15104
      13  1477.03
 
       1       88.331951
       2       54.621775
       3       79.212543
       4       80.061326
       5       102.18201
       6       84.247826
       7       78.251096
       8       76.523938
       9       66.553845
      10       61.093173
      11       75.576253
      12       87.499220
      13   934.15
 
       1       11.786494
       2       6.6154126
       3       8.9473121
       4       7.9186723
       5       8.8368225
       6       7.1250612
       7       6.7405997
       8       7.0537875
       9       7.1033992
      10       7.4012409
      11       8.6583445
      12       11.218872
      13    99.41
 
       1       13.097096
       2       6.2935615
       3       10.197154
       4       8.8931874
       5       11.511413
       6       15.420192
       7       16.888216
       8       15.918662
       9       9.0835333
      10       7.9505649
      11       8.8327800
      12       14.049557
      13   138.14
 
       1       9.3367075
       2       6.8941068
       3       13.911847
       4       11.311372
       5       16.742260
       6       18.337633
       7       20.660131
       8       25.098951
       9       21.491480
      10       17.320811
      11       12.921355
      12       10.565502
      13   184.59
 
       1       9.2359367
       2       7.6831547
       3       12.307488
       4       15.079384
       5       23.112031
       6       23.609243
       7       18.554011
       8       17.660238
       9       14.816430
      10       10.887930
      11       10.188596
      12       8.7797319
      13    14.33
 
       1 0.0
       2 0.0
       3 0.0
       4 0.0
       5 0.0
       6 0.0
       7 0.0
       8 0.0
       9 0.0
      10 0.0
      11 0.0
      12 0.0
      13 0.0
 
       1      0.12482811
       2      0.10133730
       3      0.15930745
       4      0.19705775
       5      0.30491383
       6      0.31081687
       7      0.23608788
       8      0.22494734
       9      0.19190996
      10      0.14080463
      11      0.13702089
      12      0.11851011
      13   0.1873
 
       1      0.88098173
       2      0.88185522
       3      0.88018204
       4      0.88140522
       5      0.88147704
       6      0.88056685
       7      0.88113379
       8      0.88128381
       9      0.88158762
      10      0.88138897
      11      0.88322152
      12      0.88183908
      13   0.8814
 
       1     0.015262920
       2     0.012615175
       3     0.019897986
       4     0.024494824
       5     0.037642002
       6     0.038370629
       7     0.029631838
       8     0.028256013
       9     0.023949787
      10     0.017684120
      11     0.016844511
      12     0.014498244
      13   0.0233
 
       1      0.72535211
       2      0.66744259
       3      0.72353407
       4      0.76523796
       5      0.83966398
       6      0.89699158
       7      0.84709878
       8      0.85073160
       9      0.83043523
      10      0.77541049
      11      0.73950071
      12      0.70651885
      13   0.7807
 
