       1       144.57209
       2       139.05757
       3       154.45912
       4       157.51093
       5       173.72240
       6       197.68057
       7       208.84643
       8       173.22549
       9       128.08614
      10       113.03508
      11       121.43898
      12       130.72892
      13  1842.36
 
       1       94.630188
       2       88.395632
       3       98.277849
       4       95.214570
       5       103.24884
       6       112.34224
       7       113.12952
       8       96.453071
       9       78.028937
      10       72.663231
      11       78.099130
      12       87.002986
      13  1117.49
 
       1       14.202290
       2       12.276065
       3       14.399136
       4       12.600225
       5       13.246113
       6       12.925170
       7       12.620885
       8       10.984325
       9       9.7988748
      10       9.5667887
      11       10.452697
      12       12.250286
      13   145.32
 
       1       22.389059
       2       19.779060
       3       23.791434
       4       27.106370
       5       29.723563
       6       37.119777
       7       41.838769
       8       31.802543
       9       21.233433
      10       16.739993
      11       16.905660
      12       20.093554
      13   308.52
 
       1       14.658359
       2       12.773430
       3       16.366370
       4       14.980285
       5       23.762875
       6       38.532096
       7       44.738569
       8       36.722849
       9       26.308618
      10       16.825848
      11       15.815726
      12       13.353920
      13   274.84
 
       1       13.068816
       2       14.807086
       3       18.600897
       4       24.073713
       5       28.695217
       6       31.898931
       7       28.361600
       8       22.621594
       9       18.926708
      10       14.466654
      11       12.588375
      12       11.143048
      13    19.94
 
       1 0.0
       2 0.0
       3 0.0
       4 0.0
       5 0.0
       6 0.0
       7 0.0
       8 0.0
       9 0.0
      10 0.0
      11 0.0
      12 0.0
      13 0.0
 
       1     0.013388708
       2     0.014998355
       3     0.018703932
       4     0.023860818
       5     0.028472058
       6     0.031121827
       7     0.027080335
       8     0.021431311
       9     0.018267924
      10     0.014241353
      11     0.012626955
      12     0.011276156
      13   0.0196
 
       1      0.88371444
       2      0.88329738
       3      0.88397681
       4      0.88294176
       5      0.88084059
       6      0.88192644
       7      0.88283284
       8      0.88322787
       9      0.88251284
      10      0.88365705
      11      0.88464601
      12      0.88392639
      13   0.8831
 
       1    0.0016969502
       2    0.0019156505
       3    0.0024004826
       4    0.0030911855
       5    0.0036809443
       6    0.0040512761
       7    0.0035645667
       8    0.0028423998
       9    0.0024037816
      10    0.0018566783
      11    0.0016258527
      12    0.0014420118
      13   0.0025
 
       1      0.27327167
       2      0.27881287
       3      0.29170308
       4      0.33613626
       5      0.37067831
       6      0.38286718
       7      0.34243696
       8      0.31069404
       9      0.30106696
      10      0.28974340
      11      0.26983102
      12      0.25783667
      13   0.3088
 
