       1       181.96024
       2       128.14066
       3       159.98402
       4       147.69833
       5       162.09616
       6       120.28225
       7       139.34270
       8       111.50889
       9       85.323161
      10       90.671197
      11       108.64806
      12       111.42772
      13  1547.08
 
       1       121.59186
       2       87.200527
       3       102.44882
       4       93.851190
       5       99.153252
       6       74.052200
       7       76.817272
       8       65.093340
       9       55.981626
      10       60.728659
      11       75.367285
      12       76.495771
      13   988.78
 
       1       15.127508
       2       11.208319
       3       11.405120
       4       10.134752
       5       8.5074776
       6       6.9493920
       7       6.5395744
       8       6.2408462
       9       6.2382919
      10       6.8582169
      11       9.1050535
      12       9.0710806
      13   107.39
 
       1       18.537760
       2       12.181049
       3       13.710939
       4       12.488655
       5       11.472444
       6       13.157532
       7       15.922325
       8       12.430084
       9       9.6111513
      10       6.3858602
      11       10.184932
      12       9.7017187
      13   145.78
 
       1       14.643897
       2       10.075309
       3       15.077974
       4       14.692522
       5       17.214861
       6       17.898756
       7       21.199875
       8       21.327761
       9       17.700801
      10       13.771115
      11       15.852423
      12       12.452943
      13   191.91
 
       1       11.566646
       2       13.578874
       3       16.390030
       4       17.572196
       5       21.313252
       6       21.114766
       7       17.106324
       8       14.635812
       9       12.658709
      10       10.340374
      11       9.9107135
      12       8.2225186
      13    14.53
 
       1 0.0
       2 0.0
       3 0.0
       4 0.0
       5 0.0
       6 0.0
       7 0.0
       8 0.0
       9 0.0
      10 0.0
      11 0.0
      12 0.0
      13 0.0
 
       1      0.15453280
       2      0.18399027
       3      0.21935822
       4      0.23122605
       5      0.27794988
       6      0.27749754
       7      0.21468735
       8      0.18413611
       9      0.16005154
      10      0.13251278
      11      0.13050190
      12      0.11024533
      13   0.1897
 
       1      0.85239676
       2      0.85340607
       3      0.85320014
       4      0.85319944
       5      0.85173949
       6      0.85221397
       7      0.85170629
       8      0.85125903
       9      0.85089905
      10      0.85229821
      11      0.85415112
      12      0.85516960
      13   0.8526
 
       1     0.023501848
       2     0.027857756
       3     0.033405461
       4     0.035496680
       5     0.042938869
       6     0.042716679
       7     0.033783573
       8     0.029018625
       9     0.025200603
      10     0.020771723
      11     0.020172820
      12     0.016834164
      13   0.0293
 
       1      0.72781882
       2      0.78333713
       3      0.82102382
       4      0.78843457
       5      0.84238773
       6      0.87286756
       7      0.84482137
       8      0.82631502
       9      0.81013629
      10      0.71733864
      11      0.71297991
      12      0.67097085
      13   0.7849
 
