       1       9.5859559
       2       11.225119
       3       14.967265
       4       27.983064
       5       40.640625
       6       47.465004
       7       43.290122
       8       28.601458
       9       18.328690
      10       11.916715
      11       9.2721966
      12       6.9186022
      13   270.19
 
       1       6.4074219
       2       7.8912781
       3       9.8901446
       4       16.322181
       5       21.824071
       6       24.231068
       7       22.162804
       8       15.694781
       9       10.618020
      10       8.0118796
      11       6.5064981
      12       5.7380805
      13   155.30
 
       1      0.85554677
       2       1.2812237
       3       1.7237049
       4       2.9635442
       5       3.3743550
       6       3.0526371
       7       3.1022653
       8       2.1742710
       9       1.3893361
      10       1.1492450
      11      0.90267338
      12      0.75799500
      13    22.73
 
       1      0.84675698
       2       1.2034846
       3       2.8977104
       4       5.3498544
       5       6.3200507
       6       13.545552
       7       15.829009
       8       7.2625187
       9       2.5948742
      10      0.84055262
      11      0.91599882
      12      0.92639467
      13    58.53
 
       1      0.21893629
       2      0.16018010
       3       1.3277485
       4       3.1659815
       5       5.4555417
       6       6.9782676
       7       6.7523165
       8       4.2289839
       9       2.0807305
      10      0.47844009
      11      0.23173098
      12     0.070729567
      13    31.15
 
       1      0.72441982
       2       1.2701959
       3       2.0766330
       4       4.2131596
       5       4.4128625
       6       3.9954939
       7       3.5494078
       8       2.3755544
       9       1.6017997
      10       1.2200323
      11      0.82055043
      12      0.69647670
      13     2.25
 
       1 0.0
       2 0.0
       3 0.0
       4 0.0
       5 0.0
       6 0.0
       7 0.0
       8 0.0
       9 0.0
      10 0.0
      11 0.0
      12 0.0
      13 0.0
 
       1     0.020217689
       2     0.036654323
       3     0.055455375
       4      0.11341191
       5      0.11734328
       6     0.099137317
       7     0.085945043
       8     0.057241227
       9     0.039818685
      10     0.033135265
      11     0.023442591
      12     0.020165502
      13   0.0585
 
       1      0.89038400
       2      0.88883594
       3      0.88344335
       4      0.88500620
       5      0.88707907
       6      0.88547767
       7      0.88219558
       8      0.88238320
       9      0.88316544
      10      0.88695807
      11      0.89035749
      12      0.89233988
      13   0.8865
 
       1    0.0023441003
       2    0.0041450280
       3    0.0065593373
       4     0.013242553
       5     0.013754455
       6     0.012001815
       7     0.010558543
       8    0.0070908656
       9    0.0048717065
      10    0.0038852416
      11    0.0026737385
      12    0.0022890429
      13   0.0070
 
       1      0.84814673
       2      0.93322777
       3      0.93990376
       4      0.97711015
       5      0.98514294
       6      0.98026251
       7      0.98030293
       8      0.97553637
       9      0.97175088
      10      0.97199090
      11      0.93678922
      12      0.92060593
      13   0.9517
 
