       1       10.475763
       2       9.6980315
       3       21.559314
       4       28.413844
       5       43.192416
       6       47.394287
       7       41.958409
       8       25.947599
       9       21.022132
      10       10.084702
      11       5.8271065
      12       6.6863475
      13   272.26
 
       1       7.9163225
       2       6.7544566
       3       12.984857
       4       16.977158
       5       23.000630
       6       23.914599
       7       22.993339
       8       15.278891
       9       11.559581
      10       6.8640032
      11       4.6633347
      12       5.1422155
      13   158.05
 
       1       1.0586968
       2       1.0033157
       3       2.0960695
       4       3.2401331
       5       3.2216736
       6       2.9467700
       7       3.0872621
       8       2.2114571
       9       1.4261413
      10       1.1280151
      11      0.77067471
      12      0.69834718
      13    22.89
 
       1       1.0533872
       2       1.1533914
       3       2.1320905
       4       3.6248704
       5       8.1719397
       6       12.934908
       7       14.330918
       8       6.3145128
       9       3.0124112
      10       1.2111866
      11       1.3204382
      12       1.3399843
      13    56.60
 
       1      0.23878968
       2      0.25055351
       3       1.6921523
       4       3.2006605
       5       4.6822608
       6       6.6070407
       7       5.8065656
       8       4.2208371
       9       2.1100548
      10      0.45516285
      11      0.12046836
      12      0.37526199
      13    29.76
 
       1      0.95914110
       2       1.2528306
       3       2.4220691
       4       4.4187609
       5       4.0591095
       6       3.6361626
       7       3.6505040
       8       2.4625275
       9       1.6066315
      10       1.2033783
      11      0.89343215
      12      0.58697339
      13     2.26
 
       1 0.0
       2 0.0
       3 0.0
       4 0.0
       5 0.0
       6 0.0
       7 0.0
       8 0.0
       9 0.0
      10 0.0
      11 0.0
      12 0.0
      13 0.0
 
       1     0.021966592
       2     0.027073784
       3     0.050201778
       4     0.096865185
       5     0.083257841
       6     0.070409967
       7     0.070502970
       8     0.046928007
       9     0.031639368
      10     0.025938498
      11     0.019996545
      12     0.012823804
      13   0.0465
 
       1      0.83404766
       2      0.82691574
       3      0.82385316
       4      0.83047371
       5      0.82594702
       6      0.82663102
       7      0.82641543
       8      0.82188799
       9      0.82437453
      10      0.82814510
      11      0.83062752
      12      0.83167145
      13   0.8276
 
       1    0.0037717504
       2    0.0048064260
       3    0.0090288582
       4     0.016881243
       5     0.014841095
       6     0.012835295
       7     0.012908264
       8    0.0087356276
       9    0.0058060652
      10    0.0045823480
      11    0.0034897115
      12    0.0022637325
      13   0.0083
 
       1      0.91051000
       2      0.88315075
       3      0.92364825
       4      0.97061168
       5      0.97896731
       6      0.98036708
       7      0.96988565
       8      0.97320755
       9      0.97579430
      10      0.97223919
      11      0.95787898
      12      0.85878171
      13   0.9463
 
