       1       470.98239
       2       463.59488
       3       476.72578
       4       474.30301
       5       499.61801
       6       511.69557
       7       537.99556
       8       508.39466
       9       463.05731
      10       506.17513
      11       444.08196
      12       469.51620
      13  5826.14
 
       1       285.23866
       2       280.73303
       3       290.07343
       4       292.28293
       5       308.46646
       6       309.55499
       7       326.78459
       8       302.90048
       9       286.64948
      10       315.32965
      11       276.10232
      12       282.53453
      13  3556.65
 
       1       35.698282
       2       35.812626
       3       36.407381
       4       35.672910
       5       37.275239
       6       38.507274
       7       41.362350
       8       38.937601
       9       35.135022
      10       38.356050
      11       33.039579
      12       35.446325
      13   441.65
 
       1       128.61350
       2       125.77330
       3       129.54111
       4       123.86732
       5       129.22980
       6       136.70941
       7       143.46757
       8       139.73103
       9       119.73902
      10       130.74656
      11       117.23080
      12       126.62585
      13  1551.28
 
       1       22.190771
       2       21.456519
       3       21.102584
       4       22.351576
       5       24.815069
       6       26.299311
       7       25.299780
       8       27.759120
       9       20.863418
      10       21.454462
      11       19.212621
      12       23.798507
      13   276.60
 
       1       5.6354513
       2       6.2851050
       3       5.8592356
       4       5.6089974
       5       5.8941612
       6       6.5524291
       7       6.6824377
       8       6.3323769
       9       5.9914816
      10       6.0209674
      11       5.3981386
      12       5.6935713
      13     6.00
 
       1 0.0
       2 0.0
       3 0.0
       4 0.0
       5 0.0
       6 0.0
       7 0.0
       8 0.0
       9 0.0
      10 0.0
      11 0.0
      12 0.0
      13 0.0
 
       1     0.023337800
       2     0.025996656
       3     0.024105895
       4     0.023379347
       5     0.024178119
       6     0.026519986
       7     0.027218087
       8     0.025253639
       9     0.024881392
      10     0.025172537
      11     0.022678899
      12     0.023332900
      13   0.0247
 
       1       1.0000000
       2       1.0000000
       3       1.0000000
       4       1.0000000
       5       1.0000000
       6       1.0000000
       7       1.0000000
       8       1.0000000
       9       1.0000000
      10       1.0000000
      11       1.0000000
      12       1.0000000
      13   1.0000
 
       1       0.0000000
       2       0.0000000
       3       0.0000000
       4       0.0000000
       5       0.0000000
       6       0.0000000
       7       0.0000000
       8       0.0000000
       9       0.0000000
      10       0.0000000
      11       0.0000000
      12       0.0000000
      13   0.0000
 
       1      0.67923583
       2      0.68926114
       3      0.63522468
       4      0.63288166
       5      0.58099367
       6      0.57915854
       7      0.62432341
       8      0.64819009
       9      0.65849558
      10      0.68108258
      11      0.67284128
      12      0.71154870
      13   0.6494
 
