       1       7.6580479
       2       14.289490
       3       18.865135
       4       22.573503
       5       35.111214
       6       54.091070
       7       43.444181
       8       27.219137
       9       18.060731
      10       9.6589120
      11       6.4667255
      12       8.8959762
      13   266.33
 
       1       5.5810592
       2       9.1944689
       3       13.679600
       4       13.973832
       5       19.322640
       6       26.537194
       7       23.096415
       8       14.830915
       9       11.019501
      10       6.5021493
      11       5.0632967
      12       6.2940737
      13   155.10
 
       1      0.77175534
       2       1.4042837
       3       2.8120964
       4       2.8510277
       5       3.1070147
       6       3.1190470
       7       3.1554659
       8       2.0874181
       9       1.5182869
      10      0.96426070
      11      0.83169825
      12      0.74344593
      13    23.37
 
       1      0.56170571
       2       2.0326410
       3       4.8526381
       4       5.7343218
       5       6.3765527
       6       15.372097
       7       15.569562
       8       7.7731764
       9       2.6879293
      10      0.78630451
      11       1.2811761
      12       1.1546414
      13    64.18
 
       1      0.18107249
       2      0.80105174
       3       2.0529137
       4       3.3759819
       5       4.3444706
       6       6.4264369
       7       7.3706681
       8       4.5218306
       9       2.5250618
      10      0.39919309
      11      0.19461884
      12      0.37588315
      13    32.57
 
       1      0.56337716
       2       1.5224050
       3       4.1639491
       4       3.8959903
       5       4.3564772
       6       4.2553499
       7       3.5821885
       8       2.3178788
       9       1.7211422
      10       1.0299803
      11      0.92177691
      12      0.82283871
      13     2.43
 
       1 0.0
       2 0.0
       3 0.0
       4 0.0
       5 0.0
       6 0.0
       7 0.0
       8 0.0
       9 0.0
      10 0.0
      11 0.0
      12 0.0
      13 0.0
 
       1     0.012210363
       2     0.032599024
       3     0.091054128
       4     0.082259154
       5     0.091501172
       6     0.083338785
       7     0.068976826
       8     0.043903355
       9     0.033918339
      10     0.021522596
      11     0.020092680
      12     0.017457902
      13   0.0499
 
       1      0.87378341
       2      0.87112931
       3      0.86982163
       4      0.86873008
       5      0.86911888
       6      0.86737759
       7      0.86743708
       8      0.86827455
       9      0.86699405
      10      0.86945212
      11      0.87043885
      12      0.87194582
      13   0.8695
 
       1    0.0016376065
       2    0.0043668253
       3     0.012019888
       4     0.011038683
       5     0.012277426
       6     0.011527002
       7    0.0096547809
       8    0.0062519195
       9    0.0047396312
      10    0.0029342231
      11    0.0026847225
      12    0.0023701902
      13   0.0068
 
       1      0.75297754
       2      0.86576383
       3      0.97209064
       4      0.97474831
       5      0.97680906
       6      0.98120167
       7      0.97523166
       8      0.96721429
       9      0.97635859
      10      0.96031653
      11      0.94075851
      12      0.87303421
      13   0.9347
 
