       1       149.98148
       2       136.69436
       3       257.57701
       4       169.16073
       5       211.27418
       6       241.51378
       7       235.45125
       8       186.58595
       9       149.54038
      10       108.87060
      11       107.96125
      12       144.00007
      13  2098.61
 
       1       104.95084
       2       92.435432
       3       165.61101
       4       110.61418
       5       131.48982
       6       138.05177
       7       132.65179
       8       110.21910
       9       94.156205
      10       72.464240
      11       72.953100
      12       97.416353
      13  1323.01
 
       1       14.460658
       2       12.214961
       3       20.783313
       4       15.088510
       5       15.368900
       6       14.804362
       7       14.330723
       8       12.788115
       9       10.874403
      10       9.6460538
      11       9.3708023
      12       11.621664
      13   161.35
 
       1       21.350747
       2       17.171116
       3       28.358261
       4       26.510815
       5       27.379898
       6       45.419660
       7       47.613929
       8       34.061989
       9       18.361048
      10       13.241792
      11       13.674363
      12       15.979491
      13   309.12
 
       1       18.886325
       2       13.036564
       3       21.230530
       4       25.512422
       5       31.210478
       6       43.825037
       7       45.084793
       8       38.834034
       9       28.252138
      10       18.811343
      11       13.912275
      12       13.843114
      13   312.44
 
       1       13.349498
       2       16.668168
       3       29.486567
       4       27.528875
       5       32.692478
       6       34.533833
       7       29.930854
       8       25.420475
       9       19.713290
      10       13.745577
      11       11.483248
      12       11.564449
      13    22.18
 
       1 0.0
       2 0.0
       3 0.0
       4 0.0
       5 0.0
       6 0.0
       7 0.0
       8 0.0
       9 0.0
      10 0.0
      11 0.0
      12 0.0
      13 0.0
 
       1     0.016411801
       2     0.020479601
       3     0.036873714
       4     0.033880420
       5     0.039411038
       6     0.041162330
       7     0.034630773
       8     0.029494694
       9     0.022933325
      10     0.016231524
      11     0.013577214
      12     0.013942365
      13   0.0266
 
       1      0.86128172
       2      0.86191920
       3      0.86246097
       4      0.86151100
       5      0.85911787
       6      0.86040026
       7      0.86169758
       8      0.86315081
       9      0.86152040
      10      0.86185489
      11      0.86332350
      12      0.86255566
      13   0.8617
 
       1    0.0024878160
       2    0.0031086106
       3    0.0055113213
       4    0.0051262498
       5    0.0060309858
       6    0.0063110995
       7    0.0053844989
       8    0.0045905959
       9    0.0035760569
      10    0.0025232576
      11    0.0021108643
      12    0.0021401982
      13   0.0041
 
       1      0.30348926
       2      0.31957159
       3      0.34633966
       4      0.37756685
       5      0.39022352
       6      0.39606122
       7      0.37623180
       8      0.34182224
       9      0.31775520
      10      0.31655618
      11      0.29328936
      12      0.27907370
      13   0.3382
 
