       1       8.8541832
       2       11.985025
       3       16.468268
       4       25.737864
       5       32.122601
       6       42.165648
       7       41.583175
       8       33.319311
       9       20.023669
      10       11.117075
      11       7.6628585
      12       7.5932694
      13   258.63
 
       1       7.1272996
       2       7.9367159
       3       10.835666
       4       14.752137
       5       17.551564
       6       22.623113
       7       22.497661
       8       17.727444
       9       11.891957
      10       7.3473805
      11       5.5289915
      12       5.7801607
      13   151.60
 
       1       1.0105615
       2       1.0643915
       3       1.8535466
       4       2.4032160
       5       2.5676144
       6       2.8732067
       7       3.0034534
       8       2.2527061
       9       1.5968976
      10      0.99327773
      11      0.71553021
      12      0.75248457
      13    21.09
 
       1      0.89052129
       2       1.6137038
       3       2.0666506
       4       3.8803248
       5       4.2899319
       6       11.859376
       7       14.093765
       8       9.5660481
       9       4.1317145
      10      0.70782446
      11      0.71287930
      12       1.0771296
      13    54.89
 
       1      0.22056120
       2      0.57251200
       3       1.2463487
       4       3.0282028
       5       3.1964199
       6       5.5187800
       7       5.7100164
       8       4.3959394
       9       2.6639566
      10      0.55646471
      11      0.11147649
      12      0.14193998
      13    27.36
 
       1      0.83199254
       2       1.3615343
       3       2.1645320
       4       3.0940288
       5       3.2132564
       6       4.0416387
       7       3.7518455
       8       2.6320175
       9       1.9325974
      10      0.99873249
      11      0.68689872
      12      0.70128656
      13     2.12
 
       1 0.0
       2 0.0
       3 0.0
       4 0.0
       5 0.0
       6 0.0
       7 0.0
       8 0.0
       9 0.0
      10 0.0
      11 0.0
      12 0.0
      13 0.0
 
       1     0.022840636
       2     0.035944612
       3     0.055810583
       4     0.077768225
       5     0.079686408
       6     0.096736529
       7     0.087782631
       8     0.060947260
       9     0.046524707
      10     0.025682214
      11     0.018765161
      12     0.018971872
      13   0.0523
 
       1      0.92703869
       2      0.92475549
       3      0.92294035
       4      0.92291525
       5      0.92322577
       6      0.92183571
       7      0.92133454
       8      0.92176138
       9      0.92171864
      10      0.92456812
      11      0.92566574
      12      0.92497996
      13   0.9236
 
       1    0.0017365918
       2    0.0027912037
       3    0.0043786147
       4    0.0061443388
       5    0.0063257687
       6    0.0077930939
       7    0.0071612087
       8    0.0050066464
       9    0.0037659843
      10    0.0020205422
      11    0.0014357098
      12    0.0014581747
      13   0.0042
 
       1      0.87826383
       2      0.91366960
       3      0.93542249
       4      0.96958687
       5      0.97997334
       6      0.98320757
       7      0.98386997
       8      0.97237250
       9      0.98434644
      10      0.95866684
      11      0.93640686
      12      0.94229640
      13   0.9532
 
