       1       33.539185
       2       24.041883
       3       23.779768
       4       25.551819
       5       22.819232
       6       22.804858
       7       19.117575
       8       15.680861
       9       12.101220
      10       12.782301
      11       20.220470
      12       29.684815
      13   262.12
 
       1       16.829171
       2       12.625350
       3       12.915294
       4       14.177136
       5       13.249411
       6       13.385738
       7       11.063374
       8       9.3972952
       9       7.3010516
      10       7.1687645
      11       10.604378
      12       14.998262
      13   143.72
 
       1       2.7056553
       2       2.1866434
       3       2.0912901
       4       2.1238880
       5       1.8925153
       6       1.7437572
       7       1.4023926
       8       1.1743091
       9       1.0017804
      10       1.0591281
      11       1.5903796
      12       2.2033955
      13    21.18
 
       1       11.208347
       2       7.7729114
       3       7.9040166
       4       7.8551825
       5       6.8976647
       6       7.0837622
       7       6.0954550
       8       4.8122402
       9       3.5797089
      10       4.4402338
      11       6.4799272
      12       9.9261676
      13    84.06
 
       1       1.5764574
       2       1.2068355
       3       1.2755301
       4       1.1582170
       5       1.0287443
       6      0.82775777
       7      0.76450782
       8      0.84952375
       9      0.84776980
      10       1.1589600
      11       1.3478154
      12       1.5291036
      13    13.57
 
       1      0.46198073
       2      0.41673430
       3      0.38940782
       4      0.43405918
       5      0.41333027
       6      0.40407058
       7      0.31468094
       8      0.26362888
       9      0.21026543
      10      0.19418310
      11      0.29021510
      12      0.39721571
      13     0.35
 
       1 0.0
       2 0.0
       3 0.0
       4 0.0
       5 0.0
       6 0.0
       7 0.0
       8 0.0
       9 0.0
      10 0.0
      11 0.0
      12 0.0
      13 0.0
 
       1     0.016888961
       2     0.015050495
       3     0.014461257
       4     0.016849691
       5     0.016260752
       6     0.016800745
       7     0.012966896
       8     0.011131532
       9    0.0086700657
      10    0.0075307050
      11     0.010734417
      12     0.014425945
      13   0.0135
 
       1       1.0000000
       2       1.0000000
       3       1.0000000
       4       1.0000000
       5       1.0000000
       6       1.0000000
       7       1.0000000
       8       1.0000000
       9       1.0000000
      10       1.0000000
      11       1.0000000
      12       1.0000000
      13   1.0000
 
       1       0.0000000
       2       0.0000000
       3       0.0000000
       4       0.0000000
       5       0.0000000
       6       0.0000000
       7       0.0000000
       8       0.0000000
       9       0.0000000
      10       0.0000000
      11       0.0000000
      12       0.0000000
      13   0.0000
 
       1      0.29055117
       2      0.24887688
       3      0.25232265
       4      0.27498875
       5      0.22619969
       6      0.18669776
       7      0.24026474
       8      0.21558141
       9      0.18990054
      10      0.25565918
      11      0.25331118
      12      0.32037425
      13   0.2462
 
