       1       9.4292074
       2       9.0840060
       3       19.564535
       4       25.503052
       5       42.602139
       6       51.851902
       7       36.504262
       8       23.815328
       9       17.426962
      10       11.118487
      11       12.258413
      12       6.1233681
      13   265.28
 
       1       6.8948826
       2       6.2141658
       3       12.864083
       4       14.830515
       5       23.096667
       6       26.243460
       7       20.829383
       8       13.954597
       9       10.191818
      10       7.3926900
      11       8.7865860
      12       5.0192273
      13   156.32
 
       1      0.92482020
       2      0.85704081
       3       2.1971104
       4       2.5568607
       5       3.2903855
       6       3.3439273
       7       3.1293391
       8       2.1768899
       9       1.3739553
      10       1.1533797
      11       1.3355906
      12      0.69283177
      13    23.03
 
       1      0.90603819
       2      0.82204502
       3       3.3312675
       4       3.1782133
       5       7.6422591
       6       16.542402
       7       13.154976
       8       6.7508306
       9       2.7076757
      10       1.0746746
      11       1.5286905
      12       1.0370878
      13    58.68
 
       1      0.18362828
       2      0.56451536
       3       1.2747713
       4       2.0833344
       5       4.4472657
       6       7.4670750
       7       8.0514728
       8       4.8035827
       9       1.9162241
      10      0.61520507
      11      0.41404319
      12      0.32163502
      13    32.14
 
       1      0.62327279
       2      0.94240936
       3       2.4768629
       4       3.2128980
       5       4.5274391
       6       4.5128321
       7       3.4968956
       8       2.2267047
       9       1.4964237
      10       1.2450349
      11       1.1620340
      12      0.54814501
      13     2.21
 
       1 0.0
       2 0.0
       3 0.0
       4 0.0
       5 0.0
       6 0.0
       7 0.0
       8 0.0
       9 0.0
      10 0.0
      11 0.0
      12 0.0
      13 0.0
 
       1     0.017434909
       2     0.024299599
       3     0.064238463
       4     0.083783344
       5      0.11728491
       6      0.11063754
       7     0.083707580
       8     0.053149455
       9     0.036091444
      10     0.034049980
      11     0.032615138
      12     0.015235383
      13   0.0560
 
       1      0.85417349
       2      0.84724527
       3      0.84594635
       4      0.84667452
       5      0.84739765
       6      0.84537579
       7      0.84674678
       8      0.84646096
       9      0.84449783
      10      0.85088282
      11      0.85334139
      12      0.85398298
      13   0.8486
 
       1    0.0026409450
       2    0.0038516586
       3     0.010050177
       4     0.013034458
       5     0.018209332
       6     0.017526313
       7     0.013443307
       8    0.0086008745
       9    0.0058432850
      10    0.0052089549
      11    0.0048977139
      12    0.0023310200
      13   0.0088
 
       1      0.88999998
       2      0.83138690
       3      0.94489832
       4      0.97241804
       5      0.98724745
       6      0.98647149
       7      0.97932970
       8      0.96689538
       9      0.98009881
      10      0.97673942
      11      0.96618558
      12      0.88723798
      13   0.9474
 
