       1       117.52998
       2       138.22602
       3       121.70947
       4       164.12103
       5       198.08935
       6       192.61035
       7       221.18270
       8       184.16493
       9       142.93652
      10       101.00578
      11       186.57739
      12       132.29650
      13  1900.45
 
       1       78.532067
       2       92.905020
       3       80.569046
       4       103.54507
       5       121.67983
       6       111.85320
       7       123.03916
       8       107.55140
       9       90.194082
      10       69.083289
      11       122.54832
      12       92.522039
      13  1194.02
 
       1       9.6830966
       2       11.892821
       3       11.561767
       4       13.473163
       5       15.693964
       6       13.591135
       7       13.588032
       8       12.703270
       9       11.446030
      10       9.9149131
      11       14.678842
      12       12.732517
      13   150.96
 
       1       14.514646
       2       14.533476
       3       17.517994
       4       20.453310
       5       27.547619
       6       39.431866
       7       47.209130
       8       30.848661
       9       18.983622
      10       12.351821
      11       19.037109
      12       18.352243
      13   280.78
 
       1       10.745377
       2       12.215109
       3       14.271581
       4       18.727651
       5       28.014268
       6       33.373597
       7       38.766146
       8       35.595081
       9       27.327211
      10       16.918950
      11       24.002305
      12       15.289788
      13   275.25
 
       1       10.047291
       2       15.511884
       3       15.816315
       4       23.000126
       5       29.774178
       6       27.197039
       7       26.505556
       8       22.854555
       9       18.461570
      10       13.466734
      11       16.477746
      12       12.270020
      13    19.28
 
       1 0.0
       2 0.0
       3 0.0
       4 0.0
       5 0.0
       6 0.0
       7 0.0
       8 0.0
       9 0.0
      10 0.0
      11 0.0
      12 0.0
      13 0.0
 
       1    0.0093606064
       2     0.014728026
       3     0.014894537
       4     0.021052300
       5     0.027594338
       6     0.024698350
       7     0.023642185
       8     0.020533340
       9     0.016606926
      10     0.012328300
      11     0.015477457
      12     0.011714674
      13   0.0177
 
       1      0.93958066
       2      0.93873762
       3      0.93825998
       4      0.93739330
       5      0.93669242
       6      0.93725415
       7      0.93880926
       8      0.93962024
       9      0.93830926
      10      0.93807517
      11      0.93981925
      12      0.93987705
      13   0.9385
 
       1   0.00066872736
       2    0.0010366765
       3    0.0010562277
       4    0.0015198529
       5    0.0019719325
       6    0.0017875721
       7    0.0017287897
       8    0.0014965572
       9    0.0012122861
      10   0.00089316475
      11    0.0010948013
      12   0.00081979014
      13   0.0013
 
       1      0.27019050
       2      0.28317306
       3      0.30488293
       4      0.31648545
       5      0.35424686
       6      0.37422588
       7      0.32242256
       8      0.30676088
       9      0.29970943
      10      0.28116028
      11      0.28035252
      12      0.28618508
      13   0.3066
 
