       1       111.27839
       2       119.75784
       3       147.50642
       4       167.76582
       5       137.22131
       6       129.60418
       7       130.56014
       8       116.91963
       9       85.228879
      10       72.235866
      11       85.542628
      12       135.52788
      13  1439.15
 
       1       79.249964
       2       77.079215
       3       94.483731
       4       107.76419
       5       85.952640
       6       76.485484
       7       73.678112
       8       67.560217
       9       55.373821
      10       49.350116
      11       57.270879
      12       94.476089
      13   918.72
 
       1       10.054182
       2       7.8663100
       3       9.4826879
       4       12.111352
       5       8.1342323
       6       6.3725744
       7       6.3362735
       8       6.4550961
       9       6.3398891
      10       6.3337530
      11       6.0402753
      12       11.815569
      13    97.34
 
       1       10.677249
       2       8.7278184
       3       9.3934046
       4       16.931179
       5       10.885393
       6       11.661291
       7       15.481854
       8       13.174267
       9       8.9667331
      10       5.8037440
      11       6.0732317
      12       14.806262
      13   132.58
 
       1       11.657234
       2       10.164823
       3       11.935630
       4       19.706114
       5       14.978249
       6       14.549727
       7       20.678108
       8       20.399739
       9       18.023082
      10       13.404182
      11       8.4874173
      12       14.112477
      13   178.10
 
       1       8.8757154
       2       10.526959
       3       15.263912
       4       22.920881
       5       19.254085
       6       19.134114
       7       16.804423
       8       15.154377
       9       12.728104
      10       8.7674453
      11       6.8429677
      12       10.000601
      13    13.86
 
       1 0.0
       2 0.0
       3 0.0
       4 0.0
       5 0.0
       6 0.0
       7 0.0
       8 0.0
       9 0.0
      10 0.0
      11 0.0
      12 0.0
      13 0.0
 
       1      0.12073061
       2      0.13756782
       3      0.20152973
       4      0.30811139
       5      0.25164046
       6      0.24600547
       7      0.21181223
       8      0.19208143
       9      0.16184362
      10      0.11093907
      11     0.086898674
      12      0.13360348
      13   0.1802
 
       1      0.85290795
       2      0.85246115
       3      0.85396154
       4      0.85306865
       5      0.85231009
       6      0.84941106
       7      0.85262650
       8      0.85166843
       9      0.85145171
      10      0.85130656
      11      0.85376099
      12      0.85311181
      13   0.8523
 
       1     0.018317169
       2     0.021292163
       3     0.030952108
       4     0.046750843
       5     0.038869740
       6     0.038324443
       7     0.033217707
       8     0.030121786
       9     0.025443725
      10     0.017573143
      11     0.013735418
      12     0.020423332
      13   0.0279
 
       1      0.70117138
       2      0.71801464
       3      0.75954425
       4      0.88449678
       5      0.82367020
       6      0.86742230
       7      0.84390293
       8      0.84816247
       9      0.81114483
      10      0.71023326
      11      0.61660576
      12      0.69263989
      13   0.7731
 
