       1       190.39684
       2       171.86057
       3       169.37451
       4       205.13896
       5       213.48255
       6       219.23130
       7       244.88116
       8       193.76557
       9       138.06053
      10       128.61727
      11       106.63112
      12       141.00184
      13  2122.44
 
       1       128.74619
       2       115.52250
       3       111.81251
       4       129.20202
       5       130.86813
       6       127.04698
       7       134.12107
       8       111.43635
       9       86.648318
      10       83.975948
      11       72.419188
      12       95.892609
      13  1327.69
 
       1       16.833936
       2       16.040795
       3       15.235751
       4       16.129225
       5       16.515220
       6       14.985710
       7       14.337495
       8       12.879619
       9       10.543349
      10       10.518687
      11       9.7307776
      12       12.307078
      13   166.06
 
       1       23.069042
       2       21.424793
       3       24.047790
       4       24.140753
       5       31.514589
       6       43.893042
       7       47.646682
       8       33.241790
       9       19.146373
      10       14.844925
      11       14.123127
      12       17.928500
      13   315.02
 
       1       16.731308
       2       18.403376
       3       17.651896
       4       22.715681
       5       34.636035
       6       39.851107
       7       46.758839
       8       42.824787
       9       28.934888
      10       19.259311
      11       13.976005
      12       14.216165
      13   315.96
 
       1       15.504546
       2       17.230440
       3       21.885763
       4       30.576278
       5       33.490711
       6       30.967535
       7       30.072610
       8       24.587999
       9       18.208428
      10       15.323122
      11       11.139804
      12       12.264367
      13    21.77
 
       1 0.0
       2 0.0
       3 0.0
       4 0.0
       5 0.0
       6 0.0
       7 0.0
       8 0.0
       9 0.0
      10 0.0
      11 0.0
      12 0.0
      13 0.0
 
       1     0.019299013
       2     0.021677818
       3     0.027163562
       4     0.037749768
       5     0.041281569
       6     0.036998979
       7     0.035247128
       8     0.028899537
       9     0.021441275
      10     0.018411819
      11     0.013639215
      12     0.015206758
      13   0.0264
 
       1      0.89664709
       2      0.89719835
       3      0.89700691
       4      0.89690529
       5      0.89575354
       6      0.89527108
       7      0.89684638
       8      0.89909626
       9      0.89800514
      10      0.89798117
      11      0.89912476
      12      0.89837219
      13   0.8974
 
       1    0.0022130592
       2    0.0024704761
       3    0.0031280688
       4    0.0043550982
       5    0.0047621146
       6    0.0043333384
       7    0.0041640273
       8    0.0034160513
       9    0.0025446708
      10    0.0021645170
      11    0.0015886905
      12    0.0017505430
      13   0.0031
 
       1      0.31422465
       2      0.30897520
       3      0.32848243
       4      0.37738022
       5      0.39403500
       6      0.39062755
       7      0.35979228
       8      0.34939534
       9      0.32332361
      10      0.31278254
      11      0.30402123
      12      0.29654111
      13   0.3383
 
