       1       8.5356390
       2       11.197372
       3       19.210494
       4       31.490858
       5       32.497152
       6       45.965508
       7       47.926419
       8       22.907771
       9       18.017228
      10       12.792433
      11       5.3765550
      12       9.7381833
      13   265.66
 
       1       5.8606273
       2       7.9674727
       3       11.943752
       4       18.806495
       5       18.449996
       6       24.106601
       7       25.834433
       8       13.763358
       9       10.447853
      10       8.1394845
      11       4.3126602
      12       7.1462442
      13   156.78
 
       1      0.66126714
       2       1.1773877
       3       1.8328824
       4       3.1311687
       5       2.9786761
       6       3.0127117
       7       3.3390417
       8       2.0198748
       9       1.3525261
      10       1.1960185
      11      0.65686031
      12      0.91031540
      13    22.27
 
       1      0.41581760
       2       1.5725776
       3       1.9614546
       4       3.7917904
       5       4.8495812
       6       12.135248
       7       16.167561
       8       4.5499354
       9       2.6581963
      10      0.91392506
      11      0.96171008
      12       1.6149881
      13    51.59
 
       1      0.11521315
       2      0.36614318
       3       1.1271484
       4       2.7960386
       5       3.5010087
       6       6.1313535
       7       6.6168803
       8       3.4815668
       9       2.0544680
      10      0.47306083
      11      0.28069306
      12      0.35084613
      13    27.29
 
       1      0.52285804
       2       1.4379500
       3       2.0563850
       4       4.1984234
       5       4.1266573
       6       4.0207129
       7       4.1341446
       8       2.1454119
       9       1.5786049
      10       1.1165371
      11      0.73790263
      12      0.86683840
      13     2.25
 
       1 0.0
       2 0.0
       3 0.0
       4 0.0
       5 0.0
       6 0.0
       7 0.0
       8 0.0
       9 0.0
      10 0.0
      11 0.0
      12 0.0
      13 0.0
 
       1     0.014039167
       2     0.037800970
       3     0.052381819
       4      0.10845921
       5      0.10509256
       6     0.095840140
       7     0.097105466
       8     0.050077258
       9     0.037573389
      10     0.028138054
      11     0.019592056
      12     0.023236627
      13   0.0558
 
       1      0.92647880
       2      0.92438868
       3      0.92317391
       4      0.92331868
       5      0.92376200
       6      0.92170491
       7      0.92127761
       8      0.92153804
       9      0.92201326
      10      0.92414139
      11      0.92559372
      12      0.92605996
      13   0.9236
 
       1    0.0010802921
       2    0.0029308442
       3    0.0041194404
       4    0.0084340408
       5    0.0082229845
       6    0.0077289443
       7    0.0078983764
       8    0.0041173452
       9    0.0030629959
      10    0.0022303632
      11    0.0015255835
      12    0.0017854885
      13   0.0044
 
       1      0.84642035
       2      0.89972146
       3      0.94005473
       4      0.98012389
       5      0.98353897
       6      0.98310044
       7      0.98139613
       8      0.97112392
       9      0.98388283
      10      0.95622350
      11      0.91299504
      12      0.91599358
      13   0.9462
 
