       1       461.23641
       2       433.53562
       3       501.03801
       4       462.03423
       5       508.60398
       6       475.66003
       7       535.73126
       8       512.94394
       9       469.66785
      10       450.33242
      11       485.99400
      12       491.32367
      13  5788.10
 
       1       278.21454
       2       266.58171
       3       308.01232
       4       283.46518
       5       308.44113
       6       285.67828
       7       327.18734
       8       312.05066
       9       287.82647
      10       278.14657
      11       295.62530
      12       300.05271
      13  3531.28
 
       1       35.392439
       2       32.866743
       3       38.715464
       4       35.192630
       5       38.235877
       6       35.603052
       7       39.943965
       8       39.238571
       9       36.195988
      10       33.926857
      11       36.286552
      12       36.768918
      13   438.37
 
       1       125.86840
       2       113.56467
       3       131.99180
       4       121.62539
       5       134.89767
       6       129.79766
       7       142.87494
       8       136.58630
       9       124.91140
      10       117.16740
      11       131.84017
      12       133.26274
      13  1544.39
 
       1       22.212071
       2       19.153338
       3       22.004668
       4       22.983897
       5       25.749484
       6       25.122978
       7       26.282133
       8       24.991273
       9       21.316030
      10       21.166836
      11       21.791792
      12       21.726425
      13   274.50
 
       1       5.6656647
       2       5.7003808
       3       6.0824955
       4       5.7345987
       5       6.0418867
       6       6.0645912
       7       6.3677329
       8       6.4444313
       9       6.0641671
      10       5.3401862
      11       5.8408224
      12       5.9107939
      13     5.94
 
       1 0.0
       2 0.0
       3 0.0
       4 0.0
       5 0.0
       6 0.0
       7 0.0
       8 0.0
       9 0.0
      10 0.0
      11 0.0
      12 0.0
      13 0.0
 
       1     0.023295303
       2     0.023944592
       3     0.025398305
       4     0.023758970
       5     0.024573524
       6     0.024342297
       7     0.026266993
       8     0.026384692
       9     0.024980984
      10     0.022233458
      11     0.024290276
      12     0.024471440
      13   0.0245
 
       1       1.0000000
       2       1.0000000
       3       1.0000000
       4       1.0000000
       5       1.0000000
       6       1.0000000
       7       1.0000000
       8       1.0000000
       9       1.0000000
      10       1.0000000
      11       1.0000000
      12       1.0000000
      13   1.0000
 
       1       0.0000000
       2       0.0000000
       3       0.0000000
       4       0.0000000
       5       0.0000000
       6       0.0000000
       7       0.0000000
       8       0.0000000
       9       0.0000000
      10       0.0000000
      11       0.0000000
      12       0.0000000
      13   0.0000
 
       1      0.74517964
       2      0.71242768
       3      0.70674863
       4      0.66969669
       5      0.65637965
       6      0.64092670
       7      0.68099874
       8      0.70445412
       9      0.70566577
      10      0.71419428
      11      0.73126421
      12      0.74176695
      13   0.7008
 
