       1       496.79086
       2       458.89913
       3       461.82065
       4       462.06208
       5       504.83535
       6       458.93797
       7       493.20300
       8       534.17440
       9       484.95582
      10       480.39269
      11       455.26897
      12       501.31364
      13  5792.65
 
       1       300.04826
       2       277.62771
       3       284.88711
       4       286.56107
       5       309.20363
       6       274.65407
       7       294.41196
       8       326.26996
       9       300.92952
      10       301.42159
      11       278.59044
      12       302.55784
      13  3537.16
 
       1       38.270287
       2       35.484864
       3       35.472775
       4       34.520957
       5       38.592099
       6       34.980881
       7       37.447960
       8       40.914428
       9       37.172731
      10       35.894807
      11       34.244336
      12       38.348363
      13   441.34
 
       1       138.15001
       2       123.96401
       3       121.38230
       4       118.08809
       5       131.99029
       6       125.36174
       7       133.09865
       8       141.74133
       9       125.31740
      10       122.53695
      11       120.45197
      12       138.35116
      13  1540.43
 
       1       21.499934
       2       20.140954
       3       20.726461
       4       22.186178
       5       26.062737
       6       24.117272
       7       26.094551
       8       26.779091
       9       21.669469
      10       20.737467
      11       21.313451
      12       22.117159
      13   273.44
 
       1       6.1828252
       2       6.2721447
       3       5.6905928
       4       5.5161248
       5       6.0829247
       6       5.8613507
       7       6.0121270
       8       6.6459856
       9       6.0844214
      10       5.6803398
      11       5.6665962
      12       6.0358511
      13     5.98
 
       1 0.0
       2 0.0
       3 0.0
       4 0.0
       5 0.0
       6 0.0
       7 0.0
       8 0.0
       9 0.0
      10 0.0
      11 0.0
      12 0.0
      13 0.0
 
       1     0.025657099
       2     0.025865083
       3     0.023707473
       4     0.023111863
       5     0.025150978
       6     0.023463483
       7     0.024166738
       8     0.027259164
       9     0.025423901
      10     0.024099300
      11     0.023424854
      12     0.024818692
      13   0.0247
 
       1       1.0000000
       2       1.0000000
       3       1.0000000
       4       1.0000000
       5       1.0000000
       6       1.0000000
       7       1.0000000
       8       1.0000000
       9       1.0000000
      10       1.0000000
      11       1.0000000
      12       1.0000000
      13   1.0000
 
       1       0.0000000
       2       0.0000000
       3       0.0000000
       4       0.0000000
       5       0.0000000
       6       0.0000000
       7       0.0000000
       8       0.0000000
       9       0.0000000
      10       0.0000000
      11       0.0000000
      12       0.0000000
      13   0.0000
 
       1      0.72308019
       2      0.71389374
       3      0.66868602
       4      0.66076197
       5      0.63178117
       6      0.62110238
       7      0.67546034
       8      0.69920698
       9      0.70336364
      10      0.72336199
      11      0.73821376
      12      0.73266703
      13   0.6910
 
