       1       93.630841
       2       149.14022
       3       147.76461
       4       139.00824
       5       128.22273
       6       112.35866
       7       112.98048
       8       111.66900
       9       101.37089
      10       108.88520
      11       112.02587
      12       137.49058
      13  1454.55
 
       1       64.400653
       2       98.834254
       3       95.302137
       4       90.102153
       5       79.898288
       6       67.452120
       7       67.117269
       8       65.283050
       9       64.130944
      10       71.943646
      11       76.879299
      12       93.559415
      13   934.90
 
       1       8.1352811
       2       13.256531
       3       10.670029
       4       10.968006
       5       8.8444553
       6       6.8835395
       7       6.8815248
       8       6.5720072
       9       7.3229449
      10       8.9010121
      11       9.3641425
      12       11.440152
      13   109.24
 
       1       7.7137068
       2       15.525718
       3       12.326122
       4       14.725956
       5       12.189101
       6       11.634123
       7       15.543319
       8       13.737585
       9       9.9495147
      10       10.796626
      11       10.096127
      12       14.494542
      13   148.73
 
       1       5.4731167
       2       13.754190
       3       13.462961
       4       15.486932
       5       16.323940
       6       13.684282
       7       17.379591
       8       21.100135
       9       19.711487
      10       19.102645
      11       14.866346
      12       12.727372
      13   183.07
 
       1       7.0707824
       2       13.403874
       3       14.832549
       4       18.868756
       5       18.428487
       6       16.243514
       7       15.306971
       8       14.415104
       9       13.073760
      10       12.536759
      11       10.387774
      12       9.6218318
      13    13.68
 
       1 0.0
       2 0.0
       3 0.0
       4 0.0
       5 0.0
       6 0.0
       7 0.0
       8 0.0
       9 0.0
      10 0.0
      11 0.0
      12 0.0
      13 0.0
 
       1     0.072540602
       2      0.14223967
       3      0.15450334
       4      0.19401669
       5      0.18379972
       6      0.15972715
       7      0.14936364
       8      0.13971453
       9      0.12804543
      10      0.12679011
      11      0.10804906
      12      0.10048421
      13   0.1383
 
       1      0.93331676
       2      0.93295389
       3      0.93415972
       4      0.93219528
       5      0.93210800
       6      0.93120392
       7      0.93178499
       8      0.93217639
       9      0.93190636
      10      0.93377705
      11      0.93410865
      12      0.93272838
      13   0.9327
 
       1    0.0051845021
       2    0.0098624829
       3     0.010868590
       4     0.013800795
       5     0.013397252
       6     0.011749255
       7     0.011010199
       8     0.010353736
       9    0.0094462865
      10    0.0091475199
      11    0.0076299799
      12    0.0070693979
      13   0.0100
 
       1      0.67037759
       2      0.74430240
       3      0.73149714
       4      0.83672280
       5      0.76827806
       6      0.78186571
       7      0.77342110
       8      0.78300317
       9      0.78369875
      10      0.74128043
      11      0.69746369
      12      0.70249315
      13   0.7512
 
