       1       78.413757
       2       130.33148
       3       157.87628
       4       147.69116
       5       175.14714
       6       138.43746
       7       140.34426
       8       118.98632
       9       110.81407
      10       82.546392
      11       96.290077
      12       198.80763
      13  1575.69
 
       1       54.895775
       2       84.976146
       3       101.77748
       4       93.632298
       5       105.40344
       6       82.460520
       7       77.624761
       8       68.785364
       9       70.808857
      10       55.117272
      11       65.340917
      12       134.81765
      13   995.64
 
       1       6.7238999
       2       9.6776492
       3       11.573457
       4       10.476616
       5       9.5961624
       6       7.7263817
       7       6.9668090
       8       6.5912092
       9       7.6874918
      10       6.5061886
      11       7.5697536
      12       15.834491
      13   106.93
 
       1       6.8068452
       2       9.5896863
       3       12.856546
       4       13.978992
       5       15.899973
       6       16.696971
       7       15.781247
       8       13.921362
       9       11.785139
      10       6.3990493
      11       9.0370408
      12       18.423795
      13   151.18
 
       1       6.2014414
       2       10.655002
       3       13.270157
       4       14.677262
       5       20.102228
       6       20.638479
       7       21.139205
       8       23.047877
       9       23.711046
      10       14.262047
      11       12.389727
      12       21.810902
      13   201.91
 
       1       6.2355842
       2       11.832851
       3       16.764213
       4       19.499082
       5       24.469186
       6       21.997982
       7       17.397753
       8       15.697666
       9       16.042237
      10       9.0619809
      11       8.8203647
      12       13.055474
      13    15.07
 
       1 0.0
       2 0.0
       3 0.0
       4 0.0
       5 0.0
       6 0.0
       7 0.0
       8 0.0
       9 0.0
      10 0.0
      11 0.0
      12 0.0
      13 0.0
 
       1     0.083582819
       2      0.16173116
       3      0.22695330
       4      0.26144310
       5      0.32713664
       6      0.28999251
       7      0.22059270
       8      0.19998358
       9      0.21085088
      10      0.11720380
      11      0.11679015
      12      0.18052632
      13   0.1997
 
       1      0.88819663
       2      0.89078568
       3      0.89109056
       4      0.89038556
       5      0.88799132
       6      0.88776171
       7      0.88771180
       8      0.88820854
       9      0.88935519
      10      0.88971563
      11      0.88974999
      12      0.89067435
      13   0.8893
 
       1    0.0098098911
       2     0.018576105
       3     0.026237098
       4     0.030387736
       5     0.038051936
       6     0.034019252
       7     0.026439997
       8     0.023931013
       9     0.024818065
      10     0.014027576
      11     0.013756304
      12     0.020555076
      13   0.0234
 
       1      0.68888206
       2      0.74157798
       3      0.75491736
       4      0.78328656
       5      0.88001249
       6      0.87288629
       7      0.81858791
       8      0.81133963
       9      0.79828787
      10      0.66624329
      11      0.66733602
      12      0.73838603
      13   0.7685
 
