       1       502.10291
       2       407.31610
       3       460.70147
       4       464.73684
       5       496.17352
       6       517.33477
       7       522.00739
       8       550.04136
       9       490.27474
      10       447.16959
      11       471.46583
      12       498.23959
      13  5827.56
 
       1       302.18210
       2       249.89234
       3       283.10354
       4       285.77091
       5       304.50595
       6       313.46675
       7       315.43367
       8       335.82365
       9       301.74734
      10       279.14102
      11       291.41925
      12       298.12723
      13  3560.61
 
       1       38.622111
       2       31.284103
       3       35.062038
       4       35.168354
       5       37.219474
       6       38.931146
       7       39.234731
       8       41.734042
       9       36.991810
      10       33.351127
      11       34.971602
      12       38.240100
      13   440.81
 
       1       137.92828
       2       108.91709
       3       119.77920
       4       121.23499
       5       129.21041
       6       138.62841
       7       140.11499
       8       147.50160
       9       128.84971
      10       115.13461
      11       124.80344
      12       137.64545
      13  1549.75
 
       1       22.901858
       2       17.723341
       3       22.314488
       4       22.269222
       5       25.544498
       6       25.836897
       7       27.100192
       8       25.529617
       9       22.839589
      10       19.617440
      11       19.931141
      12       22.864172
      13   274.47
 
       1       6.2667670
       2       5.4885227
       3       5.4569730
       4       5.6244522
       5       5.8082871
       6       6.5201721
       7       6.3106972
       8       6.7069777
       9       6.0426949
      10       5.2893913
      11       5.7305166
      12       6.0594915
      13     5.94
 
       1 0.0
       2 0.0
       3 0.0
       4 0.0
       5 0.0
       6 0.0
       7 0.0
       8 0.0
       9 0.0
      10 0.0
      11 0.0
      12 0.0
      13 0.0
 
       1     0.025690032
       2     0.023184471
       3     0.022812664
       4     0.023167037
       5     0.023987038
       6     0.026448697
       7     0.025617935
       8     0.027525251
       9     0.025212507
      10     0.022053065
      11     0.023832636
      12     0.024842973
      13   0.0245
 
       1       1.0000000
       2       1.0000000
       3       1.0000000
       4       1.0000000
       5       1.0000000
       6       1.0000000
       7       1.0000000
       8       1.0000000
       9       1.0000000
      10       1.0000000
      11       1.0000000
      12       1.0000000
      13   1.0000
 
       1       0.0000000
       2       0.0000000
       3       0.0000000
       4       0.0000000
       5       0.0000000
       6       0.0000000
       7       0.0000000
       8       0.0000000
       9       0.0000000
      10       0.0000000
      11       0.0000000
      12       0.0000000
      13   0.0000
 
       1      0.71429789
       2      0.70809002
       3      0.67409737
       4      0.65410907
       5      0.61198824
       6      0.61795928
       7      0.65519089
       8      0.68530076
       9      0.67475363
      10      0.69268571
      11      0.69943837
      12      0.71312976
      13   0.6751
 
