       1       200.66369
       2       246.70443
       3       182.43533
       4       178.77151
       5       195.37571
       6       208.46016
       7       230.65072
       8       167.18869
       9       151.06265
      10       120.30579
      11       174.85349
      12       176.33536
      13  2232.81
 
       1       135.13376
       2       171.18828
       3       119.08685
       4       114.82689
       5       120.64229
       6       119.06390
       7       127.09792
       8       98.866826
       9       94.056064
      10       80.109416
      11       116.23102
      12       120.77613
      13  1417.08
 
       1       19.329390
       2       26.549332
       3       16.272878
       4       15.700787
       5       15.524075
       6       13.784954
       7       14.199987
       8       11.864147
       9       11.636581
      10       10.662553
      11       14.603397
      12       15.807999
      13   185.94
 
       1       25.023165
       2       33.132514
       3       22.308463
       4       22.750884
       5       27.631342
       6       40.786917
       7       48.576831
       8       29.135177
       9       17.226601
      10       13.729787
      11       22.993938
      12       21.491070
      13   324.79
 
       1       19.357633
       2       24.592756
       3       18.075096
       4       20.562329
       5       31.066579
       6       35.115482
       7       42.386809
       8       36.890031
       9       26.021029
      10       19.798954
      11       20.588826
      12       18.699714
      13   313.16
 
       1       14.865237
       2       23.800456
       3       20.452771
       4       26.019296
       5       29.358843
       6       27.142597
       7       28.058129
       8       21.921594
       9       18.780799
      10       14.381054
      11       16.065388
      12       14.273622
      13    21.26
 
       1 0.0
       2 0.0
       3 0.0
       4 0.0
       5 0.0
       6 0.0
       7 0.0
       8 0.0
       9 0.0
      10 0.0
      11 0.0
      12 0.0
      13 0.0
 
       1     0.017932905
       2     0.029028268
       3     0.024199702
       4     0.030435087
       5     0.034169442
       6     0.030544992
       7     0.031361523
       8     0.024623752
       9     0.021012504
      10     0.016463808
      11     0.018783090
      12     0.017076421
      13   0.0246
 
       1      0.93191227
       2      0.93111698
       3      0.93036208
       4      0.93012464
       5      0.92994433
       6      0.92945123
       7      0.93099130
       8      0.93212160
       9      0.93025575
      10      0.93133025
      11      0.93144022
      12      0.93191138
      13   0.9309
 
       1    0.0013611638
       2    0.0021783978
       3    0.0018614528
       4    0.0023583865
       5    0.0026537553
       6    0.0024099633
       7    0.0024774213
       8    0.0019457502
       9    0.0016697038
      10    0.0012951614
      11    0.0014539363
      12    0.0013035558
      13   0.0019
 
       1      0.27196907
       2      0.29755214
       3      0.32620845
       4      0.35113456
       5      0.37187337
       6      0.36816641
       7      0.34393396
       8      0.32394552
       9      0.31745161
      10      0.29992839
      11      0.30047038
      12      0.28221591
      13   0.3212
 
