       1       192.68471
       2       137.51060
       3       151.29037
       4       127.04311
       5       162.57453
       6       139.89244
       7       139.01393
       8       124.06976
       9       93.255231
      10       73.648936
      11       63.441624
      12       116.76413
      13  1521.19
 
       1       130.61704
       2       92.432894
       3       96.038042
       4       81.759542
       5       97.638574
       6       83.344451
       7       78.680635
       8       70.660516
       9       59.576017
      10       48.087293
      11       44.796242
      12       80.885960
      13   964.52
 
       1       17.954245
       2       12.760185
       3       11.118052
       4       9.7263575
       5       8.7468648
       6       8.1173769
       7       7.1940238
       8       7.0798275
       9       6.8587084
      10       5.7369548
      11       5.6928014
      12       9.5881341
      13   110.57
 
       1       20.268828
       2       13.845432
       3       11.801225
       4       12.709281
       5       12.202656
       6       16.964381
       7       19.504899
       8       14.901534
       9       8.5222699
      10       6.7025077
      11       6.2478211
      12       10.929471
      13   154.60
 
       1       14.123825
       2       11.320434
       3       14.730152
       4       14.900441
       5       13.613808
       6       20.857045
       7       22.883449
       8       24.656579
       9       20.497620
      10       12.536560
      11       9.9339428
      12       10.878211
      13   190.93
 
       1       12.960480
       2       14.254050
       3       15.049404
       4       16.694600
       5       21.687363
       6       22.208505
       7       18.762941
       8       16.175926
       9       13.262861
      10       8.2329065
      11       6.3224362
      12       8.5351496
      13    14.51
 
       1 0.0
       2 0.0
       3 0.0
       4 0.0
       5 0.0
       6 0.0
       7 0.0
       8 0.0
       9 0.0
      10 0.0
      11 0.0
      12 0.0
      13 0.0
 
       1      0.13970696
       2      0.15425216
       3      0.15802862
       4      0.17478560
       5      0.22138555
       6      0.23132206
       7      0.18800531
       8      0.16127090
       9      0.13234978
      10     0.081003049
      11     0.063288641
      12     0.090645651
      13   0.1497
 
       1      0.87406131
       2      0.87557102
       3      0.87337178
       4      0.87319112
       5      0.87114158
       6      0.87186630
       7      0.87249091
       8      0.87267804
       9      0.87142984
      10      0.87207033
      11      0.87205831
      12      0.87329439
      13   0.8728
 
       1     0.018311831
       2     0.020207761
       3     0.021096162
       4     0.023383858
       5     0.030113326
       6     0.030974686
       7     0.025772538
       8     0.022208085
       9     0.018312661
      10     0.011369122
      11    0.0088046711
      12     0.012053732
      13   0.0202
 
       1      0.72406481
       2      0.74734090
       3      0.74692329
       4      0.80306728
       5      0.80175709
       6      0.87482577
       7      0.80914135
       8      0.79675230
       9      0.78687232
      10      0.66034784
      11      0.65129537
      12      0.66205315
      13   0.7554
 
