       1       497.30169
       2       456.04008
       3       480.06233
       4       448.17949
       5       526.68718
       6       490.11775
       7       513.34103
       8       531.33176
       9       492.81770
      10       487.68076
      11       434.22129
      12       493.90588
      13  5851.69
 
       1       299.81447
       2       275.67672
       3       294.27227
       4       276.40926
       5       324.56884
       6       298.67657
       7       313.93599
       8       325.24144
       9       305.74361
      10       300.00920
      11       265.07030
      12       298.86327
      13  3578.28
 
       1       37.740024
       2       35.542393
       3       36.698492
       4       33.859480
       5       39.262181
       6       37.129015
       7       38.646855
       8       40.493607
       9       37.156756
      10       36.572672
      11       32.996828
      12       37.412084
      13   443.51
 
       1       137.72163
       2       124.09909
       3       127.30511
       4       115.68104
       5       134.20355
       6       131.01138
       7       136.25473
       8       139.84516
       9       128.31681
      10       127.30875
      11       118.65325
      12       134.55443
      13  1554.95
 
       1       21.705420
       2       20.930023
       3       22.234107
       4       22.617546
       5       27.167344
       6       23.491786
       7       23.954253
       8       26.781407
       9       22.481852
      10       21.930356
      11       19.371078
      12       21.739843
      13   274.41
 
       1       6.1274626
       2       5.9913129
       3       5.7504626
       4       5.4183723
       5       6.2034521
       6       6.2538241
       7       6.3312096
       8       6.5240696
       9       6.1361747
      10       5.7303055
      11       5.4541781
      12       5.8847403
      13     5.98
 
       1 0.0
       2 0.0
       3 0.0
       4 0.0
       5 0.0
       6 0.0
       7 0.0
       8 0.0
       9 0.0
      10 0.0
      11 0.0
      12 0.0
      13 0.0
 
       1     0.025289535
       2     0.024775039
       3     0.023978489
       4     0.022534370
       5     0.025718452
       6     0.025505603
       7     0.026079599
       8     0.026918039
       9     0.025861794
      10     0.023779613
      11     0.022502248
      12     0.024382935
      13   0.0248
 
       1       1.0000000
       2       1.0000000
       3       1.0000000
       4       1.0000000
       5       1.0000000
       6       1.0000000
       7       1.0000000
       8       1.0000000
       9       1.0000000
      10       1.0000000
      11       1.0000000
      12       1.0000000
      13   1.0000
 
       1       0.0000000
       2       0.0000000
       3       0.0000000
       4       0.0000000
       5       0.0000000
       6       0.0000000
       7       0.0000000
       8       0.0000000
       9       0.0000000
      10       0.0000000
      11       0.0000000
      12       0.0000000
      13   0.0000
 
       1      0.72853425
       2      0.74160672
       3      0.70114586
       4      0.67001138
       5      0.63632276
       6      0.61016090
       7      0.64062382
       8      0.66207932
       9      0.68908367
      10      0.70663056
      11      0.70998553
      12      0.73814374
      13   0.6862
 
