       1       488.19706
       2       438.95523
       3       471.88073
       4       483.86289
       5       493.28777
       6       483.35567
       7       498.99661
       8       523.65234
       9       497.58164
      10       470.68016
      11       431.39078
      12       445.04951
      13  5726.89
 
       1       293.54450
       2       268.19153
       3       288.17369
       4       294.82155
       5       302.31218
       6       287.82046
       7       298.97629
       8       320.57718
       9       312.07003
      10       294.06246
      11       266.59106
      12       270.97543
      13  3498.12
 
       1       37.756920
       2       33.987321
       3       36.258337
       4       37.052272
       5       37.263099
       6       36.866061
       7       38.219991
       8       38.809285
       9       37.992951
      10       35.585067
      11       32.244175
      12       33.735672
      13   435.77
 
       1       132.69685
       2       117.54329
       3       125.69372
       4       127.14995
       5       128.40572
       6       132.19699
       7       135.92582
       8       138.76701
       9       127.48568
      10       120.47924
      11       113.96782
      12       120.87274
      13  1521.18
 
       1       23.612258
       2       20.005154
       3       23.072194
       4       23.210451
       5       26.000691
       6       25.770447
       7       25.426830
       8       24.908919
       9       21.279586
      10       20.736579
      11       19.032093
      12       18.711703
      13   271.77
 
       1       5.9422859
       2       6.0826063
       3       5.6324055
       4       5.9691060
       5       5.9631856
       6       6.2194124
       7       6.2458441
       8       6.4073999
       9       6.3180756
      10       5.5688304
      11       5.3541745
      12       5.4373892
      13     5.93
 
       1 0.0
       2 0.0
       3 0.0
       4 0.0
       5 0.0
       6 0.0
       7 0.0
       8 0.0
       9 0.0
      10 0.0
      11 0.0
      12 0.0
      13 0.0
 
       1     0.024448279
       2     0.025160950
       3     0.023410907
       4     0.024511132
       5     0.024516336
       6     0.024722968
       7     0.024979792
       8     0.026456359
       9     0.026652391
      10     0.023585254
      11     0.022250984
      12     0.022407964
      13   0.0244
 
       1       1.0000000
       2       1.0000000
       3       1.0000000
       4       1.0000000
       5       1.0000000
       6       1.0000000
       7       1.0000000
       8       1.0000000
       9       1.0000000
      10       1.0000000
      11       1.0000000
      12       1.0000000
      13   1.0000
 
       1       0.0000000
       2       0.0000000
       3       0.0000000
       4       0.0000000
       5       0.0000000
       6       0.0000000
       7       0.0000000
       8       0.0000000
       9       0.0000000
      10       0.0000000
      11       0.0000000
      12       0.0000000
      13   0.0000
 
       1      0.69088271
       2      0.68868181
       3      0.67571860
       4      0.62469237
       5      0.61162861
       6      0.58368131
       7      0.61527106
       8      0.65744781
       9      0.68016944
      10      0.68716540
      11      0.71374612
      12      0.70363161
      13   0.6611
 
