       1       111.95540
       2       144.42681
       3       240.02486
       4       209.74359
       5       229.78217
       6       281.74165
       7       239.00717
       8       184.33797
       9       139.30675
      10       99.007925
      11       121.48964
      12       113.14229
      13  2113.97
 
       1       77.233473
       2       93.689034
       3       158.09809
       4       133.15272
       5       141.92377
       6       162.04168
       7       136.59252
       8       106.47181
       9       87.161783
      10       66.859935
      11       81.551026
      12       77.579632
      13  1322.36
 
       1       10.488732
       2       11.937498
       3       20.050298
       4       16.916077
       5       16.870472
       6       16.631143
       7       15.854632
       8       12.407989
       9       10.317489
      10       8.8943012
      11       10.521783
      12       9.5057897
      13   160.40
 
       1       13.169760
       2       14.547402
       3       28.359466
       4       29.688733
       5       32.810105
       6       45.148752
       7       50.331597
       8       32.713871
       9       19.238648
      10       12.385241
      11       15.964915
      12       13.779916
      13   308.14
 
       1       9.7075394
       2       12.762589
       3       23.042651
       4       29.552378
       5       34.911228
       6       48.421651
       7       55.672591
       8       39.848943
       9       28.377167
      10       14.504463
      11       14.878485
      12       12.626718
      13   324.31
 
       1       10.538911
       2       14.427021
       3       29.704896
       4       33.333478
       5       37.276053
       6       41.738722
       7       36.134069
       8       23.389281
       9       18.622391
      10       13.255628
      11       12.606686
      12       9.8753161
      13    23.41
 
       1 0.0
       2 0.0
       3 0.0
       4 0.0
       5 0.0
       6 0.0
       7 0.0
       8 0.0
       9 0.0
      10 0.0
      11 0.0
      12 0.0
      13 0.0
 
       1     0.012846114
       2     0.017287006
       3     0.037439649
       4     0.041724289
       5     0.045979919
       6     0.050746786
       7     0.043546872
       8     0.027215896
       9     0.021661839
      10     0.015817208
      11     0.015210154
      12     0.011953798
      13   0.0285
 
       1      0.89094727
       2      0.88911332
       3      0.88942416
       4      0.88986570
       5      0.88860796
       6      0.88912000
       7      0.89114013
       8      0.89106171
       9      0.88835835
      10      0.88925388
      11      0.88960689
      12      0.88986575
      13   0.8897
 
       1    0.0015810776
       2    0.0021393497
       3    0.0044962312
       4    0.0050361696
       5    0.0055873445
       6    0.0061947886
       7    0.0053316733
       8    0.0034025848
       9    0.0027194314
      10    0.0019742654
      11    0.0018828664
      12    0.0014787007
      13   0.0035
 
       1      0.29075082
       2      0.29558687
       3      0.33999073
       4      0.39169281
       5      0.39588336
       6      0.41677813
       7      0.39173847
       8      0.33924580
       9      0.32117625
      10      0.31393802
      11      0.30823344
      12      0.27413456
      13   0.3399
 
