       1       10.081063
       2       10.703255
       3       14.923046
       4       26.155979
       5       34.270446
       6       41.264360
       7       29.582676
       8       22.866547
       9       18.929219
      10       10.757079
      11       8.2500268
      12       5.6597406
      13   233.44
 
       1       6.8444124
       2       7.3312168
       3       10.150353
       4       15.027070
       5       18.487653
       6       21.070635
       7       17.310163
       8       13.529603
       9       10.745352
      10       6.9694691
      11       6.0770756
      12       4.3072586
      13   137.85
 
       1      0.91026704
       2       1.0544765
       3       1.9940635
       4       2.6668810
       5       2.9682863
       6       2.8060809
       7       2.6236462
       8       1.9290547
       9       1.3442346
      10       1.0118372
      11      0.90291893
      12      0.59229843
      13    20.80
 
       1       1.1638604
       2       1.2011334
       3       2.7359261
       4       3.6073817
       5       5.2962701
       6       12.127755
       7       8.3621586
       8       5.6094214
       9       2.6522853
      10      0.87089147
      11       1.0860835
      12      0.88597002
      13    45.60
 
       1      0.29557495
       2      0.59630096
       3       1.0629533
       4       2.3297452
       5       3.2002313
       6       6.8267980
       7       5.7066288
       8       3.8500339
       9       1.9240187
      10      0.40013615
      11      0.28387407
      12      0.16897284
      13    26.65
 
       1      0.71419807
       2       1.2821935
       3       2.7042348
       4       3.5090726
       5       4.0048294
       6       3.6794398
       7       2.9115435
       8       2.0723770
       9       1.5197440
      10       1.1074219
      11      0.88005472
      12      0.56451797
      13     2.08
 
       1 0.0
       2 0.0
       3 0.0
       4 0.0
       5 0.0
       6 0.0
       7 0.0
       8 0.0
       9 0.0
      10 0.0
      11 0.0
      12 0.0
      13 0.0
 
       1     0.019189157
       2     0.034595359
       3     0.073842077
       4     0.092212645
       5      0.10693728
       6     0.090447149
       7     0.069591024
       8     0.048597862
       9     0.036190303
      10     0.030057433
      11     0.024066099
      12     0.016011170
      13   0.0535
 
       1      0.85157067
       2      0.84866669
       3      0.84911109
       4      0.84800019
       5      0.84894174
       6      0.84561609
       7      0.84531652
       8      0.84186322
       9      0.84672356
      10      0.85231958
      11      0.85051723
      12      0.85366703
      13   0.8485
 
       1    0.0029741008
       2    0.0053479111
       3     0.011286429
       4     0.014285676
       5     0.016385626
       6     0.014347565
       7     0.011241841
       8    0.0079518951
       9    0.0058997567
      10    0.0046322903
      11    0.0037036021
      12    0.0024263461
      13   0.0084
 
       1      0.85682605
       2      0.91976336
       3      0.96589089
       4      0.97010878
       5      0.98215999
       6      0.98492547
       7      0.97614483
       8      0.97051797
       9      0.93814092
      10      0.95743009
      11      0.96230369
      12      0.90159166
      13   0.9488
 
