       1       25.992505
       2       39.022229
       3       24.933609
       4       15.798967
       5       19.907972
       6       19.744612
       7       17.149361
       8       15.351960
       9       11.653024
      10       14.872961
      11       22.325669
      12       21.215031
      13   247.97
 
       1       13.602376
       2       19.521263
       3       13.767092
       4       9.1540247
       5       11.960138
       6       12.406450
       7       10.374319
       8       9.4474019
       9       7.1300926
      10       8.2089900
      11       11.632573
      12       11.348418
      13   138.55
 
       1       2.2200880
       2       3.1553371
       3       2.1611517
       4       1.3009147
       5       1.5904148
       6       1.6418129
       7       1.2913496
       8       1.1341027
       9      0.92009035
      10       1.2399899
      11       1.8294372
      12       1.6833102
      13    20.17
 
       1       8.8546098
       2       13.115569
       3       7.7434133
       4       4.5480583
       5       5.1941692
       6       5.7698334
       7       5.3615478
       8       4.8442367
       9       3.5417320
      10       4.5354271
      11       7.3075293
      12       6.5499470
      13    77.37
 
       1       1.9586220
       2       2.9050159
       3       1.1620368
       4      0.66819552
       5      0.70495286
       6      0.77088884
       7      0.58676503
       8      0.82517378
       9      0.91234728
      10       1.1496345
      11       1.3783500
      12       1.4430091
      13    14.46
 
       1      0.36879760
       2      0.54434564
       3      0.40690023
       4      0.27161976
       5      0.35346228
       6      0.39503438
       7      0.31406105
       8      0.26815431
       9      0.20764756
      10      0.22299058
      11      0.34214682
      12      0.32011431
      13     0.33
 
       1 0.0
       2 0.0
       3 0.0
       4 0.0
       5 0.0
       6 0.0
       7 0.0
       8 0.0
       9 0.0
      10 0.0
      11 0.0
      12 0.0
      13 0.0
 
       1     0.013925237
       2     0.020213780
       3     0.015981254
       4     0.010832209
       5     0.014313067
       6     0.017058602
       7     0.013237197
       8     0.011370835
       9    0.0085476786
      10    0.0087323476
      11     0.012501576
      12     0.011632980
      13   0.0132
 
       1       1.0000000
       2       1.0000000
       3       1.0000000
       4       1.0000000
       5       1.0000000
       6       1.0000000
       7       1.0000000
       8       1.0000000
       9       1.0000000
      10       1.0000000
      11       1.0000000
      12       1.0000000
      13   1.0000
 
       1       0.0000000
       2       0.0000000
       3       0.0000000
       4       0.0000000
       5       0.0000000
       6       0.0000000
       7       0.0000000
       8       0.0000000
       9       0.0000000
      10       0.0000000
      11       0.0000000
      12       0.0000000
      13   0.0000
 
       1      0.33930010
       2      0.35391914
       3      0.21423406
       4      0.13742486
       5      0.12819466
       6      0.10037427
       7      0.12064661
       8      0.16273924
       9      0.16375121
      10      0.27763438
      11      0.28819136
      12      0.26483560
      13   0.2126
 
