       1       475.91962
       2       454.17940
       3       497.80971
       4       466.97253
       5       515.98252
       6       535.83653
       7       552.10372
       8       535.45985
       9       476.08218
      10       476.67483
      11       445.51473
      12       446.77931
      13  5879.31
 
       1       285.00964
       2       273.16494
       3       302.39803
       4       288.53934
       5       315.96748
       6       328.74652
       7       334.43353
       8       326.08824
       9       295.02702
      10       298.27321
      11       273.64615
      12       270.26852
      13  3591.56
 
       1       36.524354
       2       35.133217
       3       38.177303
       4       34.750485
       5       38.563951
       6       40.180939
       7       41.197502
       8       41.128468
       9       36.487757
      10       35.347355
      11       33.317584
      12       33.848145
      13   444.66
 
       1       129.28737
       2       122.74670
       3       134.40045
       4       120.83055
       5       135.66558
       6       140.73186
       7       148.83318
       8       143.12935
       9       123.27143
      10       122.97266
      11       118.87398
      12       120.50193
      13  1561.25
 
       1       24.452665
       2       23.971899
       3       23.067812
       4       22.463686
       5       25.047940
       6       26.677384
       7       26.344072
       8       25.600787
       9       22.177967
      10       19.980577
      11       20.498808
      12       20.353629
      13   280.64
 
       1       5.6619407
       2       5.8787830
       3       6.0122220
       4       5.5455857
       5       6.0960722
       6       6.6190250
       7       6.7211897
       8       6.6992275
       9       6.0780838
      10       5.5712593
      11       5.4538014
      12       5.3560397
      13     5.97
 
       1 0.0
       2 0.0
       3 0.0
       4 0.0
       5 0.0
       6 0.0
       7 0.0
       8 0.0
       9 0.0
      10 0.0
      11 0.0
      12 0.0
      13 0.0
 
       1     0.023312338
       2     0.024245537
       3     0.024638951
       4     0.023128762
       5     0.025091069
       6     0.027309062
       7     0.027434383
       8     0.027386086
       9     0.025245478
      10     0.023584205
      11     0.022675491
      12     0.022018805
      13   0.0247
 
       1       1.0000000
       2       1.0000000
       3       1.0000000
       4       1.0000000
       5       1.0000000
       6       1.0000000
       7       1.0000000
       8       1.0000000
       9       1.0000000
      10       1.0000000
      11       1.0000000
      12       1.0000000
      13   1.0000
 
       1       0.0000000
       2       0.0000000
       3       0.0000000
       4       0.0000000
       5       0.0000000
       6       0.0000000
       7       0.0000000
       8       0.0000000
       9       0.0000000
      10       0.0000000
      11       0.0000000
      12       0.0000000
      13   0.0000
 
       1      0.73740122
       2      0.72503952
       3      0.67928125
       4      0.64197508
       5      0.62765019
       6      0.60056837
       7      0.64826666
       8      0.68319139
       9      0.70062893
      10      0.69631354
      11      0.69713618
      12      0.70630051
      13   0.6786
 
