       1       34.921575
       2       30.199480
       3       21.350704
       4       20.117608
       5       20.563665
       6       18.795716
       7       19.702322
       8       16.952018
       9       11.640688
      10       10.397454
      11       15.897393
      12       26.785816
      13   247.32
 
       1       18.386967
       2       16.067205
       3       12.185390
       4       11.469977
       5       12.309605
       6       11.688523
       7       11.629375
       8       10.288342
       9       7.2366740
      10       6.1012371
      11       8.2949127
      12       13.564223
      13   139.22
 
       1       2.7994914
       2       2.4098249
       3       1.8926378
       4       1.7086512
       5       1.7080142
       6       1.5497771
       7       1.4877011
       8       1.2457724
       9      0.92042803
      10      0.91737392
      11       1.3568200
      12       2.1390161
      13    20.14
 
       1       11.935590
       2       9.4081869
       3       6.7842299
       4       5.8899907
       5       5.5536538
       6       5.2113541
       7       6.2279371
       8       5.4924481
       9       3.4642799
      10       3.5799115
      11       4.8767607
      12       9.2602371
      13    77.68
 
       1       1.4092656
       2       1.2057413
       3      0.99056715
       4      0.99337811
       5      0.77019172
       6      0.70113645
       7      0.68431369
       8      0.90351905
       9      0.87566888
      10      0.95261494
      11       1.2081643
      12       1.4433818
      13    12.14
 
       1      0.52187939
       2      0.49363105
       3      0.37536118
       4      0.34651977
       5      0.38610222
       6      0.36924047
       7      0.35825431
       8      0.29510171
       9      0.21144707
      10      0.17138831
      11      0.23534896
      12      0.36945813
      13     0.34
 
       1 0.0
       2 0.0
       3 0.0
       4 0.0
       5 0.0
       6 0.0
       7 0.0
       8 0.0
       9 0.0
      10 0.0
      11 0.0
      12 0.0
      13 0.0
 
       1     0.019646075
       2     0.018644982
       3     0.014390880
       4     0.013295180
       5     0.015403825
       6     0.015409933
       7     0.014769233
       8     0.012690839
       9    0.0088035208
      10    0.0068393930
      11    0.0087333098
      12     0.013580789
      13   0.0135
 
       1       1.0000000
       2       1.0000000
       3       1.0000000
       4       1.0000000
       5       1.0000000
       6       1.0000000
       7       1.0000000
       8       1.0000000
       9       1.0000000
      10       1.0000000
      11       1.0000000
      12       1.0000000
      13   1.0000
 
       1       0.0000000
       2       0.0000000
       3       0.0000000
       4       0.0000000
       5       0.0000000
       6       0.0000000
       7       0.0000000
       8       0.0000000
       9       0.0000000
      10       0.0000000
      11       0.0000000
      12       0.0000000
      13   0.0000
 
       1      0.31492192
       2      0.25055449
       3      0.18283133
       4      0.20206480
       5      0.14308577
       6      0.11538199
       7      0.16036373
       8      0.17228909
       9      0.18228866
      10      0.19398807
      11      0.32472952
      12      0.28680517
      13   0.2108
 
