       1       203.42454
       2       181.29629
       3       196.17145
       4       189.82797
       5       196.72115
       6       208.89923
       7       239.84044
       8       207.26519
       9       159.18192
      10       91.331858
      11       126.21310
      12       234.77643
      13  2234.95
 
       1       132.00378
       2       125.10517
       3       131.15317
       4       116.33268
       5       121.77733
       6       122.02415
       7       131.19723
       8       120.55076
       9       98.238007
      10       62.467831
      11       85.607242
      12       156.93883
      13  1403.40
 
       1       16.957867
       2       17.966028
       3       19.483896
       4       14.266319
       5       15.522076
       6       14.492839
       7       14.497629
       8       13.612907
       9       11.548595
      10       9.1226472
      11       11.009220
      12       19.960912
      13   178.44
 
       1       21.886357
       2       24.155599
       3       27.540944
       4       23.348595
       5       27.847724
       6       41.875884
       7       44.347764
       8       34.049094
       9       21.503014
      10       11.986180
      11       13.153457
      12       28.127471
      13   319.82
 
       1       17.440152
       2       21.005819
       3       26.122653
       4       22.135583
       5       28.977457
       6       39.205431
       7       46.701992
       8       43.816828
       9       32.107519
      10       18.877547
      11       15.227958
      12       24.722203
      13   336.34
 
       1       14.984970
       2       22.461812
       3       24.809488
       4       26.316715
       5       30.069019
       6       33.000143
       7       29.705941
       8       26.858211
       9       20.895819
      10       12.130627
      11       12.317510
      12       17.744503
      13    22.61
 
       1 0.0
       2 0.0
       3 0.0
       4 0.0
       5 0.0
       6 0.0
       7 0.0
       8 0.0
       9 0.0
      10 0.0
      11 0.0
      12 0.0
      13 0.0
 
       1     0.014469443
       2     0.022660606
       3     0.024839608
       4     0.024947607
       5     0.028746891
       6     0.031193199
       7     0.027196143
       8     0.024763220
       9     0.019357185
      10     0.011339787
      11     0.011634308
      12     0.017582424
      13   0.0216
 
       1      0.88314488
       2      0.88385420
       3      0.88408057
       4      0.88139261
       5      0.88087711
       6      0.88014935
       7      0.88268071
       8      0.88446892
       9      0.88343651
      10      0.88431089
      11      0.88450899
      12      0.88449862
      13   0.8831
 
       1    0.0019121384
       2    0.0029151714
       3    0.0032114130
       4    0.0033418611
       5    0.0038254426
       6    0.0041721950
       7    0.0037018717
       8    0.0033629941
       9    0.0026271816
      10    0.0015422359
      11    0.0015679197
      12    0.0022843401
      13   0.0029
 
       1      0.25971718
       2      0.30916467
       3      0.32803775
       4      0.33468651
       5      0.36984134
       6      0.39313343
       7      0.34108829
       8      0.33202294
       9      0.31509477
      10      0.27256370
      11      0.25263480
      12      0.27380284
      13   0.3151
 
