       1       498.43963
       2       437.13301
       3       476.95227
       4       485.47128
       5       505.14565
       6       525.03483
       7       534.14687
       8       539.87392
       9       485.00628
      10       472.16407
      11       442.67775
      12       471.40407
      13  5873.45
 
       1       300.53511
       2       266.27912
       3       290.96182
       4       299.92394
       5       310.61800
       6       319.44862
       7       326.23093
       8       329.96563
       9       298.97137
      10       292.99954
      11       271.31962
      12       285.15225
      13  3592.41
 
       1       37.675166
       2       33.919205
       3       36.040931
       4       36.367142
       5       38.224258
       6       39.054071
       7       40.299876
       8       40.997393
       9       37.380533
      10       35.192452
      11       33.811523
      12       35.653101
      13   444.62
 
       1       135.94739
       2       118.78599
       3       125.65706
       4       127.52281
       5       128.78767
       6       141.98831
       7       142.60607
       8       143.51831
       9       127.54185
      10       122.23635
      11       118.69344
      12       127.90786
      13  1561.19
 
       1       22.474836
       2       19.951013
       3       22.859700
       4       23.026064
       5       25.182710
       6       26.102699
       7       24.588092
       8       24.380758
       9       23.216405
      10       21.057815
      11       19.548030
      12       21.699792
      13   274.09
 
       1       5.9467064
       2       5.9812371
       3       5.7209319
       4       5.9142233
       5       5.9798294
       6       6.5466584
       7       6.7320874
       8       6.6074023
       9       6.2659621
      10       5.5106072
      11       5.5465599
      12       5.7084971
      13     6.04
 
       1 0.0
       2 0.0
       3 0.0
       4 0.0
       5 0.0
       6 0.0
       7 0.0
       8 0.0
       9 0.0
      10 0.0
      11 0.0
      12 0.0
      13 0.0
 
       1     0.024567131
       2     0.024684044
       3     0.023746391
       4     0.024631475
       5     0.024666088
       6     0.026655778
       7     0.027625879
       8     0.027182302
       9     0.026020730
      10     0.023087914
      11     0.022984649
      12     0.023427187
      13   0.0249
 
       1       1.0000000
       2       1.0000000
       3       1.0000000
       4       1.0000000
       5       1.0000000
       6       1.0000000
       7       1.0000000
       8       1.0000000
       9       1.0000000
      10       1.0000000
      11       1.0000000
      12       1.0000000
      13   1.0000
 
       1       0.0000000
       2       0.0000000
       3       0.0000000
       4       0.0000000
       5       0.0000000
       6       0.0000000
       7       0.0000000
       8       0.0000000
       9       0.0000000
      10       0.0000000
      11       0.0000000
      12       0.0000000
      13   0.0000
 
       1      0.68983952
       2      0.70542096
       3      0.66200101
       4      0.63417480
       5      0.59314164
       6      0.58311114
       7      0.62197464
       8      0.64732328
       9      0.67294400
      10      0.68967374
      11      0.69910111
      12      0.70136517
      13   0.6583
 
