       1       188.84489
       2       165.74605
       3       164.42444
       4       169.36206
       5       233.56404
       6       211.06636
       7       194.28886
       8       183.01847
       9       138.23697
      10       121.76345
      11       115.03673
      12       147.55909
      13  2032.91
 
       1       128.97934
       2       109.47606
       3       104.48992
       4       108.09681
       5       142.45955
       6       121.33640
       7       108.46948
       8       105.17576
       9       87.745725
      10       78.231481
      11       78.707349
      12       99.273427
      13  1272.44
 
       1       17.976403
       2       14.554784
       3       14.176246
       4       15.351260
       5       18.673218
       6       14.832560
       7       13.349949
       8       12.123489
       9       11.736344
      10       9.7415124
      11       10.447485
      12       13.788971
      13   166.75
 
       1       24.921578
       2       19.141824
       3       22.242362
       4       23.712298
       5       33.036064
       6       39.219697
       7       42.696377
       8       31.931363
       9       19.889739
      10       13.560729
      11       16.716957
      12       20.036076
      13   307.11
 
       1       17.209595
       2       14.461666
       3       17.742647
       4       21.596302
       5       35.328062
       6       36.163108
       7       36.755314
       8       34.507292
       9       26.488962
      10       17.908546
      11       16.969090
      12       14.813968
      13   289.94
 
       1       16.137543
       2       18.965059
       3       19.886767
       4       26.148951
       5       33.813619
       6       28.536556
       7       24.364212
       8       21.821879
       9       18.916967
      10       13.930192
      11       13.613252
      12       12.257685
      13    20.70
 
       1 0.0
       2 0.0
       3 0.0
       4 0.0
       5 0.0
       6 0.0
       7 0.0
       8 0.0
       9 0.0
      10 0.0
      11 0.0
      12 0.0
      13 0.0
 
       1     0.015873504
       2     0.018703596
       3     0.018984967
       4     0.024884218
       5     0.032147001
       6     0.026193131
       7     0.022187447
       8     0.019623981
       9     0.017318140
      10     0.012817079
      11     0.012979092
      12     0.011775040
      13   0.0195
 
       1      0.88398945
       2      0.88431851
       3      0.88218813
       4      0.88229680
       5      0.88156697
       6      0.87976331
       7      0.88241433
       8      0.88361963
       9      0.88244405
      10      0.88137369
      11      0.88369968
      12      0.88390014
      13   0.8826
 
       1    0.0020738233
       2    0.0024456151
       3    0.0025384899
       4    0.0033318786
       5    0.0042920441
       6    0.0035688232
       7    0.0030320018
       8    0.0027075758
       9    0.0023720935
      10    0.0017575823
      11    0.0017404390
      12    0.0015658293
      13   0.0026
 
       1      0.27727225
       2      0.29639159
       3      0.31453769
       4      0.32558722
       5      0.37222351
       6      0.37065306
       7      0.32498043
       8      0.29707388
       9      0.30149661
      10      0.29314699
      11      0.29492521
      12      0.28352682
      13   0.3127
 
