       1       149.72622
       2       192.45972
       3       175.70495
       4       181.45915
       5       196.78977
       6       245.91065
       7       233.25214
       8       190.81806
       9       131.32912
      10       126.89368
      11       168.59221
      12       182.96097
      13  2175.90
 
       1       102.86751
       2       127.68991
       3       113.19291
       4       114.58559
       5       123.16360
       6       140.53994
       7       130.44989
       8       111.84111
       9       82.994303
      10       83.855147
      11       114.33656
      12       124.53562
      13  1370.05
 
       1       14.360358
       2       16.474211
       3       13.947558
       4       14.628402
       5       15.655505
       6       14.654861
       7       14.683945
       8       12.699839
       9       10.447804
      10       10.220181
      11       13.801141
      12       16.037070
      13   167.61
 
       1       17.707519
       2       22.789683
       3       21.840439
       4       25.085822
       5       29.616106
       6       44.481979
       7       50.929183
       8       31.378398
       9       18.573990
      10       12.741353
      11       19.516675
      12       26.144191
      13   320.81
 
       1       18.278257
       2       17.511413
       3       17.044960
       4       21.820365
       5       33.443767
       6       40.904767
       7       44.156445
       8       40.043582
       9       27.203640
      10       19.400030
      11       19.160345
      12       22.248000
      13   321.22
 
       1       12.549705
       2       19.916861
       3       20.566799
       4       27.990855
       5       31.287039
       6       34.812682
       7       30.392370
       8       25.692530
       9       17.791597
      10       15.165499
      11       17.018733
      12       14.921934
      13    22.34
 
       1 0.0
       2 0.0
       3 0.0
       4 0.0
       5 0.0
       6 0.0
       7 0.0
       8 0.0
       9 0.0
      10 0.0
      11 0.0
      12 0.0
      13 0.0
 
       1     0.012345654
       2     0.019739527
       3     0.019804014
       4     0.027099100
       5     0.030216665
       6     0.033007849
       7     0.028435092
       8     0.024026165
       9     0.016545424
      10     0.014395232
      11     0.016830032
      12     0.014648502
      13   0.0214
 
       1      0.84366804
       2      0.84179999
       3      0.84197571
       4      0.84035596
       5      0.83998346
       6      0.84041463
       7      0.84323563
       8      0.84649347
       9      0.84408240
      10      0.84573484
      11      0.84838870
      12      0.84764826
      13   0.8436
 
       1    0.0021450896
       2    0.0033992417
       3    0.0034796530
       4    0.0047474559
       5    0.0052933965
       6    0.0058114701
       7    0.0050377549
       8    0.0042719683
       9    0.0029619143
      10    0.0025552942
      11    0.0029118718
      12    0.0025384182
      13   0.0038
 
       1      0.27557811
       2      0.31102858
       3      0.32445220
       4      0.35606615
       5      0.37306251
       6      0.37322081
       7      0.36269476
       8      0.33333132
       9      0.31852695
      10      0.29114438
      11      0.29828949
      12      0.28950443
      13   0.3256
 
