       1       151.64704
       2       126.25397
       3       170.79759
       4       148.99490
       5       190.89521
       6       215.99654
       7       224.07186
       8       188.89898
       9       146.66128
      10       127.00022
      11       100.72308
      12       195.54360
      13  1987.48
 
       1       103.56100
       2       85.592728
       3       111.92672
       4       94.407013
       5       117.21796
       6       125.79739
       7       125.67567
       8       110.26655
       9       92.395091
      10       83.750685
      11       68.776197
      12       131.18814
      13  1250.56
 
       1       13.481633
       2       12.355474
       3       15.284221
       4       12.856660
       5       14.956045
       6       14.460924
       7       13.826262
       8       12.589712
       9       11.305933
      10       10.897813
      11       9.5537599
      12       16.434210
      13   158.00
 
       1       21.661963
       2       15.379116
       3       21.294505
       4       19.598639
       5       24.769354
       6       42.540032
       7       49.258786
       8       32.059844
       9       19.000725
      10       15.082593
      11       13.944366
      12       22.050013
      13   296.64
 
       1       19.172235
       2       11.786876
       3       18.980964
       4       16.790460
       5       26.798370
       6       37.678276
       7       40.035324
       8       38.326014
       9       29.109686
      10       19.840038
      11       14.035488
      12       19.906904
      13   292.46
 
       1       15.639217
       2       15.515668
       3       21.015116
       4       21.176543
       5       28.532055
       6       30.534531
       7       27.550624
       8       23.480989
       9       19.199661
      10       15.146637
      11       12.152583
      12       15.189265
      13    20.43
 
       1 0.0
       2 0.0
       3 0.0
       4 0.0
       5 0.0
       6 0.0
       7 0.0
       8 0.0
       9 0.0
      10 0.0
      11 0.0
      12 0.0
      13 0.0
 
       1     0.018440692
       2     0.018637256
       3     0.024811773
       4     0.024320713
       5     0.033079015
       6     0.034888400
       7     0.030945092
       8     0.026178896
       9     0.021586172
      10     0.017393887
      11     0.014402920
      12     0.018052820
      13   0.0236
 
       1      0.93034876
       2      0.93218957
       3      0.93136364
       4      0.93085407
       5      0.92999109
       6      0.93037958
       7      0.93143636
       8      0.93154491
       9      0.93108493
      10      0.93050837
      11      0.93209576
      12      0.93183661
      13   0.9311
 
       1    0.0014222600
       2    0.0014233782
       3    0.0019104658
       4    0.0019072534
       5    0.0025746030
       6    0.0027255853
       7    0.0024373529
       8    0.0020764065
       9    0.0017091332
      10    0.0013642430
      11    0.0011110213
      12    0.0013824268
      13   0.0018
 
       1      0.34680827
       2      0.31498983
       3      0.31189779
       4      0.33991870
       5      0.36926516
       6      0.39192626
       7      0.33363583
       8      0.33394591
       9      0.31716863
      10      0.31036161
      11      0.31145042
      12      0.29309215
      13   0.3312
 
