       1       8.0910743
       2       9.9301842
       3       21.841961
       4       30.028476
       5       29.200676
       6       48.225629
       7       39.744617
       8       28.283365
       9       19.690172
      10       10.264850
      11       6.7818824
      12       13.918118
      13   266.00
 
       1       5.9345891
       2       6.9259266
       3       13.541945
       4       16.712340
       5       15.434753
       6       25.429219
       7       22.885855
       8       15.685916
       9       11.453178
      10       6.5601358
      11       5.2621139
      12       9.4544205
      13   155.28
 
       1      0.81650643
       2       1.0694647
       3       2.2051457
       4       2.6365911
       5       2.2034655
       6       3.0692036
       7       3.2437823
       8       2.1225274
       9       1.5668079
      10      0.87445543
      11      0.76208228
      12       1.2094897
      13    21.78
 
       1      0.94321945
       2       1.2405767
       3       2.4307710
       4       3.2184805
       5       3.5948511
       6       11.479697
       7       14.611525
       8       6.5657119
       9       3.8023424
      10      0.70354588
      11      0.60816526
      12      0.75933522
      13    49.96
 
       1      0.24726566
       2      0.51792173
       3       1.2489422
       4       2.2318265
       5       2.6248876
       6       5.6640087
       7       6.6730877
       8       4.0900837
       9       2.4524042
      10      0.24503234
      11     0.092847459
      12     0.096207854
      13    26.18
 
       1      0.70974474
       2       1.0837125
       3       2.7375334
       4       3.0950866
       5       2.6112747
       6       4.1455023
       7       3.8332843
       8       2.3676973
       9       1.9058033
      10      0.85743562
      11      0.76563049
      12      0.87735900
      13     2.08
 
       1 0.0
       2 0.0
       3 0.0
       4 0.0
       5 0.0
       6 0.0
       7 0.0
       8 0.0
       9 0.0
      10 0.0
      11 0.0
      12 0.0
      13 0.0
 
       1     0.015621007
       2     0.022751466
       3     0.056521663
       4     0.061655427
       5     0.051220118
       6     0.080030320
       7     0.072199018
       8     0.043873228
       9     0.037095029
      10     0.017832243
      11     0.016814705
      12     0.019438044
      13   0.0413
 
       1      0.93331301
       2      0.93173941
       3      0.92971073
       4      0.92891275
       5      0.92876045
       6      0.92785450
       7      0.92833987
       8      0.92731664
       9      0.92859709
      10      0.93317799
      11      0.93337750
      12      0.93541037
      13   0.9305
 
       1    0.0010754104
       2    0.0016215532
       3    0.0040561490
       4    0.0045228243
       5    0.0037906371
       6    0.0059466396
       7    0.0054687063
       8    0.0033766005
       9    0.0027644810
      10    0.0012766394
      11    0.0011618089
      12    0.0013241567
      13   0.0030
 
       1      0.91176871
       2      0.85394174
       3      0.93786950
       4      0.96167519
       5      0.96993865
       6      0.98079935
       7      0.96714729
       8      0.96785266
       9      0.97771812
      10      0.92820325
      11      0.92727804
      12      0.89364387
      13   0.9398
 
