       1       91.345947
       2       173.62893
       3       124.89272
       4       124.57801
       5       152.57019
       6       123.17591
       7       122.38098
       8       105.77470
       9       111.89719
      10       124.25660
      11       111.87072
      12       125.39676
      13  1491.77
 
       1       62.591552
       2       114.99294
       3       82.926759
       4       78.385418
       5       96.391177
       6       73.792682
       7       70.941860
       8       61.766666
       9       70.073218
      10       80.933891
      11       77.641241
      12       85.772196
      13   956.21
 
       1       7.6976721
       2       14.543411
       3       10.992594
       4       9.0202865
       5       10.087955
       6       7.5119327
       7       6.7521703
       8       6.3200222
       9       7.5959069
      10       9.3944515
      11       9.3523566
      12       10.497599
      13   109.77
 
       1       7.7876500
       2       15.769967
       3       12.868025
       4       10.803686
       5       14.712421
       6       14.309094
       7       17.594459
       8       13.511705
       9       10.385761
      10       11.524692
      11       11.375390
      12       11.885494
      13   152.53
 
       1       6.5827090
       2       12.723158
       3       15.091689
       4       14.909304
       5       18.544812
       6       16.990775
       7       19.762147
       8       21.010969
       9       22.422853
      10       22.893782
      11       16.677836
      12       14.692823
      13   202.30
 
       1       7.3753049
       2       15.403038
       3       13.068110
       4       15.500920
       5       22.941023
       6       17.964850
       7       15.954593
       8       13.288677
       9       13.949317
      10       13.174761
      11       10.769300
      12       8.9520862
      13    14.03
 
       1 0.0
       2 0.0
       3 0.0
       4 0.0
       5 0.0
       6 0.0
       7 0.0
       8 0.0
       9 0.0
      10 0.0
      11 0.0
      12 0.0
      13 0.0
 
       1     0.076873374
       2      0.16300566
       3      0.13735863
       4      0.15559715
       5      0.23266734
       6      0.18009860
       7      0.15589020
       8      0.12899852
       9      0.13657112
      10      0.13259170
      11      0.11163115
      12     0.094320513
      13   0.1421
 
       1      0.93450980
       2      0.93323105
       3      0.93389317
       4      0.93257726
       5      0.93245523
       6      0.93164493
       7      0.93218803
       8      0.93228483
       9      0.93218104
      10      0.93269540
      11      0.93374623
      12      0.93371547
      13   0.9329
 
       1    0.0054322533
       2     0.011318097
       3    0.0096070202
       4     0.011273745
       5     0.016722951
       6     0.013047303
       7     0.011483242
       8    0.0095707271
       9     0.010068810
      10    0.0095858128
      11    0.0079081382
      12    0.0066044876
      13   0.0102
 
       1      0.67176540
       2      0.74960323
       3      0.74545854
       4      0.75074916
       5      0.81525135
       6      0.83064334
       7      0.78705357
       8      0.76107526
       9      0.78905626
      10      0.75900015
      11      0.68932964
      12      0.66962916
      13   0.7516
 
