       1       465.24143
       2       441.26293
       3       493.06657
       4       456.83245
       5       478.54618
       6       490.41656
       7       550.55058
       8       543.81892
       9       474.58663
      10       508.97336
      11       499.43320
      12       439.37809
      13  5842.11
 
       1       277.42822
       2       268.32676
       3       298.22782
       4       283.72046
       5       290.52283
       6       292.27853
       7       335.78099
       8       337.75386
       9       295.89924
      10       317.94493
      11       307.06031
      12       271.31287
      13  3576.26
 
       1       35.947306
       2       33.830115
       3       38.101097
       4       34.172414
       5       36.073866
       6       36.786396
       7       41.463622
       8       41.303268
       9       36.896013
      10       38.284356
      11       37.236089
      12       33.046897
      13   443.14
 
       1       129.93915
       2       118.79738
       3       132.90090
       4       118.64655
       5       127.11402
       6       134.01576
       7       145.44675
       8       140.47253
       9       123.75318
      10       132.41325
      11       133.13636
      12       117.48570
      13  1554.12
 
       1       22.007548
       2       20.104474
       3       22.739773
       4       21.212849
       5       24.957613
       6       25.745696
       7       27.375415
       8       24.679342
       9       19.850059
      10       20.281210
      11       20.912006
      12       19.174380
      13   269.04
 
       1       5.7125337
       2       5.8921376
       3       6.0050410
       4       5.4907288
       5       5.6936487
       6       6.1109360
       7       6.6590259
       8       6.6445463
       9       6.2883801
      10       6.0300874
      11       6.0845391
      12       5.2895497
      13     5.99
 
       1 0.0
       2 0.0
       3 0.0
       4 0.0
       5 0.0
       6 0.0
       7 0.0
       8 0.0
       9 0.0
      10 0.0
      11 0.0
      12 0.0
      13 0.0
 
       1     0.023419651
       2     0.024525608
       3     0.024606317
       4     0.023046907
       5     0.023099832
       6     0.024507378
       7     0.027353444
       8     0.027901868
       9     0.026457266
      10     0.025627463
      11     0.025197444
      12     0.022231691
      13   0.0248
 
       1       1.0000000
       2       1.0000000
       3       1.0000000
       4       1.0000000
       5       1.0000000
       6       1.0000000
       7       1.0000000
       8       1.0000000
       9       1.0000000
      10       1.0000000
      11       1.0000000
      12       1.0000000
      13   1.0000
 
       1       0.0000000
       2       0.0000000
       3       0.0000000
       4       0.0000000
       5       0.0000000
       6       0.0000000
       7       0.0000000
       8       0.0000000
       9       0.0000000
      10       0.0000000
      11       0.0000000
      12       0.0000000
      13   0.0000
 
       1      0.73336570
       2      0.69431057
       3      0.68124008
       4      0.64221875
       5      0.61805357
       6      0.61098803
       7      0.64843746
       8      0.66938193
       9      0.68863747
      10      0.70106089
      11      0.70533471
      12      0.72219759
      13   0.6763
 
