       1       177.18390
       2       194.48574
       3       198.55841
       4       234.52082
       5       211.95642
       6       206.48980
       7       216.31841
       8       182.44448
       9       162.11135
      10       116.99204
      11       103.02511
      12       129.02777
      13  2133.11
 
       1       119.90681
       2       129.79750
       3       127.12868
       4       151.07727
       5       132.48325
       6       120.75786
       7       120.65595
       8       108.48515
       9       101.23879
      10       78.804354
      11       70.154126
      12       85.845750
      13  1346.34
 
       1       16.162013
       2       18.367945
       3       17.114359
       4       20.411960
       5       17.039978
       6       14.304742
       7       13.339266
       8       12.951389
       9       11.840374
      10       10.820243
      11       9.2108873
      12       10.443158
      13   172.01
 
       1       22.927254
       2       22.443698
       3       27.188567
       4       32.432130
       5       30.438555
       6       41.513624
       7       43.309469
       8       29.133142
       9       19.403786
      10       14.902503
      11       13.118204
      12       14.853200
      13   311.66
 
       1       15.785906
       2       16.793665
       3       20.743309
       4       28.674728
       5       32.009952
       6       34.817077
       7       39.124489
       8       40.005153
       9       29.304052
      10       19.555001
      11       12.649943
      12       14.191171
      13   303.65
 
       1       14.946379
       2       18.712758
       3       23.287102
       4       32.736013
       5       32.060302
       6       28.881090
       7       26.298256
       8       23.685423
       9       19.957540
      10       14.789543
      11       11.558550
      12       10.548127
      13    21.46
 
       1 0.0
       2 0.0
       3 0.0
       4 0.0
       5 0.0
       6 0.0
       7 0.0
       8 0.0
       9 0.0
      10 0.0
      11 0.0
      12 0.0
      13 0.0
 
       1     0.017901564
       2     0.022347280
       3     0.027701721
       4     0.039318051
       5     0.037442430
       6     0.032858012
       7     0.029344526
       8     0.026539891
       9     0.022405263
      10     0.017094366
      11     0.013432118
      12     0.012299707
      13   0.0249
 
       1      0.93124044
       2      0.93086406
       3      0.93104207
       4      0.93092909
       5      0.93039614
       6      0.92979435
       7      0.93161174
       8      0.93176643
       9      0.93113498
      10      0.93094229
      11      0.93234001
      12      0.93221375
      13   0.9312
 
       1    0.0013656608
       2    0.0017041216
       3    0.0021200576
       4    0.0029854770
       5    0.0028947860
       6    0.0025777502
       7    0.0023224195
       8    0.0020994932
       9    0.0017738604
      10    0.0013367434
      11    0.0010486484
      12   0.00095636237
      13   0.0019
 
       1      0.29385415
       2      0.29473846
       3      0.32854696
       4      0.37636939
       5      0.38440530
       6      0.39269587
       7      0.34371147
       8      0.33147224
       9      0.31570889
      10      0.31454005
      11      0.30075448
      12      0.27384694
      13   0.3292
 
