       1       1.6791948
       2       2.7109639
       3       4.1730306
       4       7.0214860
       5       7.6287890
       6       8.2342803
       7       5.8845131
       8       5.2936825
       9       4.0410536
      10       3.2944514
      11       1.7826909
      12       1.5655229
      13    53.31
 
       1       1.8728078
       2       2.3299233
       3       3.7894125
       4       5.7322980
       5       7.4758629
       6       8.0792636
       7       4.9291777
       8       4.2177395
       9       3.3832531
      10       2.7625454
      11       1.7405275
      12       1.4590700
      13    47.77
 
       1      0.43991468
       2      0.54761719
       3       1.0422523
       4       1.5744551
       5       1.9767886
       6       1.8737940
       7       1.1639743
       8      0.89606104
       9      0.65649924
      10      0.65015008
      11      0.45308148
      12      0.35488667
      13    11.63
 
       1      0.64225051
       2       1.0154592
       3       2.0832649
       4       5.0055390
       5       9.9910605
       6       15.898174
       7       15.237910
       8       8.8870150
       9       3.5584847
      10       1.6169880
      11      0.97122832
      12      0.56807743
      13    65.48
 
       1      0.26750798
       2      0.55137786
       3       1.4933379
       4       3.6414924
       5       7.2304982
       6       8.6797099
       7       8.1341961
       8       5.2510900
       9       2.5348909
      10      0.89469153
      11      0.36601090
      12      0.28893132
      13    39.33
 
       1      0.56513013
       2      0.84600133
       3       1.6598722
       4       3.7114767
       5       3.9757185
       6       3.0975711
       7       1.7156575
       8       1.1267420
       9      0.92605208
      10       1.0947602
      11      0.69783610
      12      0.41732380
      13     1.65
 
       1 0.0
       2 0.0
       3 0.0
       4 0.0
       5 0.0
       6 0.0
       7 0.0
       8 0.0
       9 0.0
      10 0.0
      11 0.0
      12 0.0
      13 0.0
 
       1    0.0043387048
       2    0.0059987890
       3     0.011263575
       4     0.025832535
       5     0.027876295
       6     0.020667887
       7     0.011309887
       8    0.0071875160
       9    0.0059622587
      10    0.0077847051
      11    0.0052989423
      12    0.0032938617
      13   0.0114
 
       1      0.84863199
       2      0.84264653
       3      0.83855106
       4      0.83957308
       5      0.83976737
       6      0.84027220
       7      0.84095208
       8      0.84581206
       9      0.84314706
      10      0.84822996
      11      0.85672794
      12      0.84845261
      13   0.8444
 
       1   0.00070869321
       2    0.0010259805
       3    0.0019778504
       4    0.0044434641
       5    0.0047376351
       6    0.0035802897
       7    0.0019793611
       8    0.0012846290
       9    0.0010646622
      10    0.0013322271
      11   0.00087920603
      12   0.00053497279
      13   0.0020
 
       1      0.30860328
       2      0.32410100
       3      0.40442854
       4      0.51634681
       5      0.63455517
       6      0.63791419
       7      0.54607486
       8      0.47272213
       9      0.48154663
      10      0.43819926
      11      0.37217882
      12      0.33430343
      13   0.4559
 
