       1       499.86677
       2       422.42609
       3       505.51518
       4       469.96225
       5       510.33791
       6       481.43318
       7       523.93839
       8       532.15594
       9       476.57703
      10       495.40065
      11       456.55784
      12       462.66656
      13  5836.84
 
       1       302.76225
       2       256.15431
       3       308.26194
       4       289.74288
       5       312.37706
       6       291.55642
       7       314.64718
       8       323.42688
       9       291.59623
      10       307.70854
      11       281.91378
      12       282.64211
      13  3562.79
 
       1       37.940402
       2       33.016335
       3       38.548053
       4       35.059180
       5       38.521638
       6       35.874822
       7       39.253132
       8       40.616933
       9       36.379000
      10       37.595372
      11       33.898993
      12       34.905357
      13   441.61
 
       1       138.78066
       2       112.14095
       3       135.77715
       4       123.53800
       5       133.78520
       6       128.58618
       7       144.33836
       8       140.98119
       9       125.17366
      10       128.10090
      11       121.64759
      12       124.29323
      13  1557.14
 
       1       22.082184
       2       19.608454
       3       22.362315
       4       22.831211
       5       25.593129
       6       25.494022
       7       25.341503
       8       25.923278
       9       23.286243
      10       22.752034
      11       20.393635
      12       20.097526
      13   275.77
 
       1       6.1616284
       2       5.6822558
       3       6.0564169
       4       5.5732073
       5       6.0911758
       6       5.9623182
       7       6.4339946
       8       6.5983191
       9       5.9290094
      10       5.8651262
      11       5.5817708
      12       5.6410262
      13     5.96
 
       1 0.0
       2 0.0
       3 0.0
       4 0.0
       5 0.0
       6 0.0
       7 0.0
       8 0.0
       9 0.0
      10 0.0
      11 0.0
      12 0.0
      13 0.0
 
       1     0.025472804
       2     0.023665324
       3     0.025004541
       4     0.023204777
       5     0.025006435
       6     0.024275188
       7     0.025810657
       8     0.026949365
       9     0.024651021
      10     0.024498711
      11     0.023160457
      12     0.023487911
      13   0.0246
 
       1       1.0000000
       2       1.0000000
       3       1.0000000
       4       1.0000000
       5       1.0000000
       6       1.0000000
       7       1.0000000
       8       1.0000000
       9       1.0000000
      10       1.0000000
      11       1.0000000
      12       1.0000000
      13   1.0000
 
       1       0.0000000
       2       0.0000000
       3       0.0000000
       4       0.0000000
       5       0.0000000
       6       0.0000000
       7       0.0000000
       8       0.0000000
       9       0.0000000
      10       0.0000000
      11       0.0000000
      12       0.0000000
      13   0.0000
 
       1      0.71831353
       2      0.69351288
       3      0.66579749
       4      0.63946467
       5      0.62318397
       6      0.62345456
       7      0.66262016
       8      0.66544376
       9      0.67155551
      10      0.69601174
      11      0.70689440
      12      0.71348038
      13   0.6733
 
