       1       487.62478
       2       439.48956
       3       472.60324
       4       465.43162
       5       493.49726
       6       536.66805
       7       544.90292
       8       529.17020
       9       476.95459
      10       487.36649
      11       442.99524
      12       476.83855
      13  5853.54
 
       1       290.14621
       2       265.89982
       3       289.27040
       4       288.53937
       5       304.26306
       6       325.22418
       7       331.97431
       8       326.59334
       9       294.81763
      10       302.41348
      11       270.45048
      12       286.91236
      13  3576.50
 
       1       37.708704
       2       33.584148
       3       36.434374
       4       34.739880
       5       36.738730
       6       40.043953
       7       41.791593
       8       40.022050
       9       36.197529
      10       36.251344
      11       33.662375
      12       36.348499
      13   443.52
 
       1       136.86802
       2       119.67354
       3       126.10607
       4       119.62254
       5       127.69892
       6       143.31649
       7       144.70411
       8       137.54499
       9       124.44297
      10       127.37873
      11       118.41694
      12       131.73134
      13  1557.50
 
       1       23.177218
       2       20.145814
       3       21.842246
       4       21.366978
       5       24.252441
       6       27.592473
       7       26.976170
       8       25.553969
       9       21.391476
      10       21.768798
      11       20.482691
      12       21.193876
      13   275.74
 
       1       5.9470582
       2       5.9000764
       3       5.7665208
       4       5.5602271
       5       5.8305288
       6       6.5747809
       7       6.7671977
       8       6.4667498
       9       6.1102395
      10       5.7358553
      11       5.4625275
      12       5.8316378
      13     6.00
 
       1 0.0
       2 0.0
       3 0.0
       4 0.0
       5 0.0
       6 0.0
       7 0.0
       8 0.0
       9 0.0
      10 0.0
      11 0.0
      12 0.0
      13 0.0
 
       1     0.024384851
       2     0.024411443
       3     0.023918663
       4     0.023253335
       5     0.024045871
       6     0.026840825
       7     0.027718591
       8     0.026786217
       9     0.025246972
      10     0.023891950
      11     0.022522299
      12     0.023775950
      13   0.0247
 
       1       1.0000000
       2       1.0000000
       3       1.0000000
       4       1.0000000
       5       1.0000000
       6       1.0000000
       7       1.0000000
       8       1.0000000
       9       1.0000000
      10       1.0000000
      11       1.0000000
      12       1.0000000
      13   1.0000
 
       1       0.0000000
       2       0.0000000
       3       0.0000000
       4       0.0000000
       5       0.0000000
       6       0.0000000
       7       0.0000000
       8       0.0000000
       9       0.0000000
      10       0.0000000
      11       0.0000000
      12       0.0000000
      13   0.0000
 
       1      0.74066198
       2      0.72852617
       3      0.67184122
       4      0.63213934
       5      0.63241767
       6      0.60142824
       7      0.65132735
       8      0.68026553
       9      0.68635614
      10      0.70572232
      11      0.70426027
      12      0.71304326
      13   0.6790
 
