       1       184.75249
       2       192.12846
       3       225.90957
       4       190.71389
       5       216.86829
       6       220.50046
       7       235.15903
       8       193.79572
       9       128.71231
      10       115.14952
      11       95.274836
      12       187.36016
      13  2186.32
 
       1       127.33059
       2       127.84830
       3       148.61184
       4       121.18465
       5       134.38259
       6       129.56906
       7       131.70654
       8       112.45044
       9       81.430932
      10       75.099924
      11       61.398147
      12       129.71041
      13  1380.72
 
       1       17.917210
       2       17.154993
       3       19.634729
       4       15.506858
       5       16.216164
       6       14.652729
       7       14.406750
       8       12.583168
       9       9.9967615
      10       9.5086465
      11       7.8086617
      12       17.033869
      13   172.42
 
       1       24.530920
       2       20.322480
       3       27.324093
       4       25.580762
       5       31.307385
       6       42.868820
       7       47.853347
       8       34.576856
       9       19.133547
      10       13.051842
      11       11.793081
      12       24.444495
      13   322.79
 
       1       18.495174
       2       16.956672
       3       25.423878
       4       22.943816
       5       31.309230
       6       39.510935
       7       45.146330
       8       40.494242
       9       25.365919
      10       19.166609
      11       10.872830
      12       21.898018
      13   317.58
 
       1       14.815822
       2       17.614019
       3       26.151011
       4       29.364843
       5       34.329910
       6       34.820674
       7       30.310585
       8       24.804112
       9       17.840450
      10       13.518706
      11       9.6586774
      12       15.293959
      13    22.38
 
       1 0.0
       2 0.0
       3 0.0
       4 0.0
       5 0.0
       6 0.0
       7 0.0
       8 0.0
       9 0.0
      10 0.0
      11 0.0
      12 0.0
      13 0.0
 
       1     0.014710743
       2     0.017327039
       3     0.025836908
       4     0.028716956
       5     0.033284863
       6     0.033511640
       7     0.028388858
       8     0.022936649
       9     0.016571775
      10     0.012565214
      11    0.0090531700
      12     0.014944376
      13   0.0215
 
       1      0.84551460
       2      0.84434146
       3      0.84362651
       4      0.84344286
       5      0.84048948
       6      0.84253193
       7      0.84443972
       8      0.84450446
       9      0.84241786
      10      0.84321474
      11      0.84313185
      12      0.84360888
      13   0.8434
 
       1    0.0025323316
       2    0.0029990473
       3    0.0044599861
       4    0.0050040619
       5    0.0058142832
       6    0.0058681962
       7    0.0050230322
       8    0.0041004908
       9    0.0029728283
      10    0.0022633193
      11    0.0016257465
      12    0.0025953127
      13   0.0038
 
       1      0.27336168
       2      0.26289776
       3      0.31265598
       4      0.35237176
       5      0.38802386
       6      0.39410083
       7      0.34590240
       8      0.32654331
       9      0.30792407
      10      0.28066277
      11      0.27140196
      12      0.27182544
      13   0.3156
 
