       1       181.96291
       2       151.88107
       3       148.68257
       4       107.32117
       5       128.84520
       6       113.26934
       7       99.630761
       8       115.87608
       9       99.820622
      10       115.17722
      11       117.38547
      12       137.06466
      13  1516.92
 
       1       120.53391
       2       98.829643
       3       98.691494
       4       65.659020
       5       79.443040
       6       69.287593
       7       57.063745
       8       67.422230
       9       63.809334
      10       75.724994
      11       79.270064
      12       91.968205
      13   967.70
 
       1       15.947470
       2       13.108914
       3       13.898750
       4       7.4366416
       5       8.9119033
       6       7.7655161
       7       5.8913591
       8       7.1261839
       9       7.8010416
      10       9.4473971
      11       9.7708806
      12       11.256710
      13   118.36
 
       1       16.549272
       2       13.312420
       3       17.454853
       4       8.3446157
       5       10.715652
       6       14.829396
       7       12.930173
       8       14.111012
       9       9.7354121
      10       11.088941
      11       11.381887
      12       13.461498
      13   153.92
 
       1       16.193722
       2       14.835232
       3       15.528299
       4       11.539191
       5       14.924370
       6       13.925003
       7       14.397640
       8       21.774602
       9       18.135675
      10       22.423035
      11       16.470416
      12       10.889303
      13   191.04
 
       1       12.583027
       2       14.648293
       3       15.894173
       4       12.002821
       5       16.916183
       6       16.112546
       7       12.272458
       8       14.638751
       9       13.113473
      10       12.878714
      11       10.593381
      12       9.8897016
      13    13.46
 
       1 0.0
       2 0.0
       3 0.0
       4 0.0
       5 0.0
       6 0.0
       7 0.0
       8 0.0
       9 0.0
      10 0.0
      11 0.0
      12 0.0
      13 0.0
 
       1      0.13577794
       2      0.15860829
       3      0.16901231
       4      0.11954971
       5      0.17238453
       6      0.16171821
       7      0.11996763
       8      0.14411903
       9      0.13092294
      10      0.13127389
      11      0.11296797
      12      0.10582552
      13   0.1385
 
       1      0.87307188
       2      0.87459011
       3      0.87253678
       4      0.87135567
       5      0.87180357
       6      0.87024311
       7      0.87084420
       8      0.87165326
       9      0.87087804
      10      0.87208921
      11      0.87633305
      12      0.87460006
      13   0.8725
 
       1     0.017748292
       2     0.020711767
       3     0.022329563
       4     0.016532190
       5     0.023496670
       6     0.022216827
       7     0.016734272
       8     0.019989204
       9     0.018080392
      10     0.017892618
      11     0.014931547
      12     0.013974929
      13   0.0187
 
       1      0.68958180
       2      0.75432574
       3      0.79930699
       4      0.71036790
       5      0.78421542
       6      0.80357051
       7      0.75451769
       8      0.77790736
       9      0.76110486
      10      0.79196599
      11      0.69628640
      12      0.71404038
      13   0.7531
 
