       1       34.272216
       2       27.821120
       3       35.727070
       4       26.349845
       5       21.734346
       6       18.442104
       7       18.851984
       8       15.812228
       9       12.661928
      10       13.318532
      11       17.015150
      12       28.132245
      13   270.14
 
       1       17.561936
       2       14.700519
       3       18.880982
       4       14.745241
       5       12.974023
       6       11.536853
       7       11.193807
       8       9.7455460
       9       7.5323307
      10       7.3541525
      11       9.0176513
      12       14.332602
      13   149.58
 
       1       2.8543416
       2       2.3712517
       3       2.8143982
       4       2.2876100
       5       1.7528270
       6       1.4665870
       7       1.3765744
       8       1.2141209
       9      0.98083251
      10       1.0955924
      11       1.3858828
      12       2.0850653
      13    21.69
 
       1       11.998171
       2       9.7684571
       3       10.978370
       4       8.5649608
       5       5.8126663
       6       5.1032807
       7       5.8484820
       8       4.9909973
       9       3.7480301
      10       4.2161869
      11       5.6607728
      12       9.9010132
      13    86.59
 
       1       1.7802951
       2       1.8623614
       3       2.0011753
       4       1.1240653
       5      0.89034635
       6      0.68300070
       7      0.75616782
       8      0.85441044
       9      0.99462663
      10       1.0394225
      11       1.3128379
      12       1.4832122
      13    14.78
 
       1      0.50044259
       2      0.43756062
       3      0.51372342
       4      0.49706740
       5      0.39646117
       6      0.35626905
       7      0.33946351
       8      0.29050737
       9      0.21473613
      10      0.20007770
      11      0.25090526
      12      0.37529585
      13     0.36
 
       1 0.0
       2 0.0
       3 0.0
       4 0.0
       5 0.0
       6 0.0
       7 0.0
       8 0.0
       9 0.0
      10 0.0
      11 0.0
      12 0.0
      13 0.0
 
       1     0.018879030
       2     0.016742705
       3     0.019685498
       4     0.018963516
       5     0.016147040
       6     0.015097113
       7     0.014016876
       8     0.012493158
       9    0.0087703696
      10    0.0076860624
      11    0.0093372129
      12     0.013785110
      13   0.0143
 
       1       1.0000000
       2       1.0000000
       3       1.0000000
       4       1.0000000
       5       1.0000000
       6       1.0000000
       7       1.0000000
       8       1.0000000
       9       1.0000000
      10       1.0000000
      11       1.0000000
      12       1.0000000
      13   1.0000
 
       1       0.0000000
       2       0.0000000
       3       0.0000000
       4       0.0000000
       5       0.0000000
       6       0.0000000
       7       0.0000000
       8       0.0000000
       9       0.0000000
      10       0.0000000
      11       0.0000000
      12       0.0000000
      13   0.0000
 
       1      0.29304564
       2      0.31746399
       3      0.27136968
       4      0.25607386
       5      0.13724878
       6      0.11327172
       7      0.16697054
       8      0.17410002
       9      0.18320908
      10      0.30513496
      11      0.23336640
      12      0.32905143
      13   0.2317
 
