       1       212.84162
       2       154.77256
       3       184.06667
       4       203.21182
       5       197.02757
       6       188.45359
       7       204.67257
       8       181.63684
       9       166.01593
      10       111.11805
      11       164.39013
      12       231.38859
      13  2199.60
 
       1       143.02480
       2       103.34889
       3       115.44717
       4       126.75973
       5       121.09512
       6       110.54331
       7       112.08066
       8       106.08447
       9       103.30718
      10       73.223553
      11       106.90415
      12       153.28065
      13  1375.10
 
       1       20.816784
       2       14.521797
       3       15.079327
       4       16.796949
       5       16.334190
       6       14.011018
       7       12.789305
       8       12.857012
       9       13.107039
      10       10.071730
      11       13.601879
      12       20.777741
      13   180.76
 
       1       27.951529
       2       19.565109
       3       22.930852
       4       31.472415
       5       31.278170
       6       40.994169
       7       40.559136
       8       33.770823
       9       21.384795
      10       14.680859
      11       19.956449
      12       32.956547
      13   337.50
 
       1       23.216556
       2       15.790900
       3       19.403256
       4       25.119234
       5       29.850381
       6       31.739181
       7       34.154528
       8       36.053829
       9       30.864431
      10       18.871547
      11       19.661978
      12       27.060088
      13   311.79
 
       1       17.508671
       2       17.936666
       3       21.117109
       4       30.031705
       5       29.206070
       6       25.662183
       7       23.883518
       8       22.768365
       9       20.612344
      10       13.737239
      11       14.154592
      12       17.341732
      13    21.16
 
       1 0.0
       2 0.0
       3 0.0
       4 0.0
       5 0.0
       6 0.0
       7 0.0
       8 0.0
       9 0.0
      10 0.0
      11 0.0
      12 0.0
      13 0.0
 
       1     0.017370560
       2     0.017433096
       3     0.020307535
       4     0.028958907
       5     0.027752275
       6     0.023529735
       7     0.021589647
       8     0.020604739
       9     0.018809670
      10     0.012776468
      11     0.013356981
      12     0.016850444
      13   0.0199
 
       1      0.88468889
       2      0.88287970
       3      0.88249313
       4      0.88237740
       5      0.88062136
       6      0.88111330
       7      0.88262252
       8      0.88405742
       9      0.88216865
      10      0.88264613
      11      0.88430715
      12      0.88410502
      13   0.8828
 
       1    0.0022531429
       2    0.0023006976
       3    0.0026990032
       4    0.0038316134
       5    0.0037081769
       6    0.0032078950
       7    0.0029613753
       8    0.0028293983
       9    0.0025755526
      10    0.0017404140
      11    0.0017964905
      12    0.0022145458
      13   0.0027
 
       1      0.27693193
       2      0.30119838
       3      0.31751844
       4      0.35332185
       5      0.37892657
       6      0.37139088
       7      0.31817999
       8      0.30833275
       9      0.30368654
      10      0.28660010
      11      0.26463082
      12      0.26470765
      13   0.3121
 
