       1       10.908175
       2       13.861065
       3       18.162002
       4       20.461336
       5       33.231577
       6       45.442016
       7       46.933510
       8       31.880965
       9       16.630058
      10       12.905765
      11       7.7369110
      12       6.8439069
      13   265.00
 
       1       7.7192724
       2       8.5516942
       3       11.830624
       4       12.521043
       5       17.165352
       6       22.530248
       7       24.680916
       8       17.619282
       9       9.3930052
      10       8.1957774
      11       5.6434978
      12       5.3093822
      13   151.16
 
       1      0.99978090
       2       1.1729672
       3       2.0649243
       4       2.2578435
       5       2.3758153
       6       2.6586203
       7       3.2589826
       8       2.3457373
       9       1.2428908
      10       1.1379943
      11      0.75326077
      12      0.63907224
      13    20.91
 
       1       1.0927589
       2       1.2694107
       3       2.1388199
       4       3.0251251
       5       5.0469972
       6       11.965064
       7       16.147495
       8       9.9272342
       9       3.2884952
      10       1.0527428
      11      0.68819976
      12      0.69510831
      13    56.34
 
       1      0.27071143
       2      0.49212367
       3       1.0921188
       4       2.2654738
       5       2.5989652
       6       5.4671521
       7       6.4808860
       8       4.3165790
       9       2.0142953
      10      0.49796280
      11      0.11967228
      12     0.074430166
      13    25.69
 
       1      0.72649917
       2       1.2417704
       3       2.2020846
       4       2.6030034
       5       2.8137865
       6       3.5147485
       7       3.9461342
       8       2.7043166
       9       1.4597550
      10       1.1031617
      11      0.73215897
      12      0.55216849
      13     1.97
 
       1 0.0
       2 0.0
       3 0.0
       4 0.0
       5 0.0
       6 0.0
       7 0.0
       8 0.0
       9 0.0
      10 0.0
      11 0.0
      12 0.0
      13 0.0
 
       1     0.019022416
       2     0.031881015
       3     0.056400738
       4     0.063612723
       5     0.067790521
       6     0.082021134
       7     0.091636181
       8     0.062721464
       9     0.034370411
      10     0.027523758
      11     0.019863745
      12     0.015180976
      13   0.0477
 
       1      0.92504162
       2      0.92440884
       3      0.92333163
       4      0.92183487
       5      0.92179058
       6      0.92130752
       7      0.92156772
       8      0.92172943
       9      0.92169400
      10      0.92445577
      11      0.92629642
      12      0.92627195
      13   0.9233
 
       1    0.0014841030
       2    0.0025053363
       3    0.0044179588
       4    0.0051149970
       5    0.0054632187
       6    0.0066910081
       7    0.0074928291
       8    0.0051584531
       9    0.0028201322
      10    0.0022022804
      11    0.0015229446
      12    0.0011571879
      13   0.0038
 
       1      0.82517310
       2      0.89190632
       3      0.96032561
       4      0.96725477
       5      0.98081249
       6      0.98213912
       7      0.98211293
       8      0.97637176
       9      0.97409899
      10      0.93361362
      11      0.93834962
      12      0.89379605
      13   0.9422
 
