       1       514.55623
       2       461.17773
       3       496.52750
       4       458.67873
       5       513.29731
       6       524.25172
       7       549.06961
       8       495.83105
       9       448.13009
      10       459.28837
      11       458.10264
      12       471.34009
      13  5850.25
 
       1       309.29567
       2       281.47434
       3       305.90950
       4       284.67347
       5       309.42479
       6       319.05201
       7       333.82780
       8       305.82929
       9       277.33431
      10       287.02147
      11       283.29546
      12       285.68986
      13  3582.83
 
       1       39.970066
       2       35.914083
       3       37.453426
       4       34.528737
       5       38.858434
       6       39.224853
       7       42.022480
       8       37.684067
       9       35.228575
      10       33.950181
      11       34.602007
      12       35.865266
      13   445.30
 
       1       143.87084
       2       122.32266
       3       130.99942
       4       117.70417
       5       135.44444
       6       139.61835
       7       147.10637
       8       130.31193
       9       116.72534
      10       118.79465
      11       120.49454
      12       128.95117
      13  1552.34
 
       1       23.056534
       2       20.512659
       3       22.694211
       4       21.690797
       5       28.185625
       6       26.677040
       7       25.551530
       8       22.709087
       9       19.677261
      10       19.918355
      11       19.059538
      12       21.402020
      13   271.13
 
       1       6.4910997
       2       6.3617322
       3       5.9481184
       4       5.5030541
       5       6.1279720
       6       6.5319972
       7       6.7504792
       8       6.2285350
       9       5.9467224
      10       5.4627230
      11       5.7017481
      12       5.7198328
      13     6.06
 
       1 0.0
       2 0.0
       3 0.0
       4 0.0
       5 0.0
       6 0.0
       7 0.0
       8 0.0
       9 0.0
      10 0.0
      11 0.0
      12 0.0
      13 0.0
 
       1     0.026669545
       2     0.026386733
       3     0.024926935
       4     0.023117399
       5     0.024671561
       6     0.026692763
       7     0.027484974
       8     0.025882765
       9     0.024719940
      10     0.022950219
      11     0.023763852
      12     0.023633990
      13   0.0251
 
       1       1.0000000
       2       1.0000000
       3       1.0000000
       4       1.0000000
       5       1.0000000
       6       1.0000000
       7       1.0000000
       8       1.0000000
       9       1.0000000
      10       1.0000000
      11       1.0000000
      12       1.0000000
      13   1.0000
 
       1       0.0000000
       2       0.0000000
       3       0.0000000
       4       0.0000000
       5       0.0000000
       6       0.0000000
       7       0.0000000
       8       0.0000000
       9       0.0000000
      10       0.0000000
      11       0.0000000
      12       0.0000000
      13   0.0000
 
       1      0.72707782
       2      0.73354538
       3      0.68187028
       4      0.64417902
       5      0.62912296
       6      0.61154540
       7      0.65883006
       8      0.68505031
       9      0.69372875
      10      0.70826228
      11      0.73871520
      12      0.73734477
      13   0.6874
 
