       1       474.81133
       2       460.10382
       3       482.25567
       4       484.42897
       5       509.33231
       6       470.21319
       7       479.57321
       8       504.63112
       9       508.97722
      10       474.68943
      11       453.95553
      12       465.63025
      13  5768.60
 
       1       287.34533
       2       276.53105
       3       295.87490
       4       297.14656
       5       310.38504
       6       285.80568
       7       288.98214
       8       310.08851
       9       317.29278
      10       294.39601
      11       280.23931
      12       285.96237
      13  3530.05
 
       1       36.439563
       2       35.499813
       3       36.987079
       4       36.602089
       5       37.925488
       6       35.181260
       7       37.429563
       8       37.848706
       9       38.980501
      10       36.444918
      11       33.760572
      12       34.777525
      13   437.88
 
       1       127.99076
       2       126.86623
       3       128.58528
       4       128.88633
       5       135.17278
       6       125.40898
       7       130.21499
       8       132.90780
       9       131.05292
      10       122.46181
      11       120.77482
      12       125.32798
      13  1535.65
 
       1       21.869281
       2       20.221693
       3       21.322404
       4       22.703267
       5       24.813465
       6       23.625841
       7       23.355366
       8       23.044314
       9       22.678621
      10       21.079708
      11       20.312091
      12       18.314460
      13   263.34
 
       1       5.7608328
       2       6.3046212
       3       5.8604935
       4       5.8832083
       5       6.0365915
       6       5.9054988
       7       6.1197065
       8       6.0729369
       9       6.4256048
      10       5.7090452
      11       5.6149914
      12       5.4693678
      13     5.93
 
       1 0.0
       2 0.0
       3 0.0
       4 0.0
       5 0.0
       6 0.0
       7 0.0
       8 0.0
       9 0.0
      10 0.0
      11 0.0
      12 0.0
      13 0.0
 
       1     0.023680429
       2     0.025862920
       3     0.024551263
       4     0.024199049
       5     0.024598869
       6     0.023922347
       7     0.024818594
       8     0.025200811
       9     0.027001106
      10     0.024080249
      11     0.023389331
      12     0.022951936
      13   0.0245
 
       1       1.0000000
       2       1.0000000
       3       1.0000000
       4       1.0000000
       5       1.0000000
       6       1.0000000
       7       1.0000000
       8       1.0000000
       9       1.0000000
      10       1.0000000
      11       1.0000000
      12       1.0000000
      13   1.0000
 
       1       0.0000000
       2       0.0000000
       3       0.0000000
       4       0.0000000
       5       0.0000000
       6       0.0000000
       7       0.0000000
       8       0.0000000
       9       0.0000000
      10       0.0000000
      11       0.0000000
      12       0.0000000
      13   0.0000
 
       1      0.72166955
       2      0.71467410
       3      0.69385474
       4      0.66112237
       5      0.62027124
       6      0.62302219
       7      0.66032531
       8      0.69334051
       9      0.70569287
      10      0.72332283
      11      0.73633436
      12      0.74462952
      13   0.6915
 
