       1       471.24403
       2       466.33174
       3       488.97268
       4       451.23434
       5       500.64442
       6       479.58559
       7       511.37377
       8       504.27403
       9       489.67804
      10       471.40225
      11       442.69385
      12       474.13269
      13  5751.57
 
       1       283.05633
       2       282.51504
       3       302.45876
       4       278.73973
       5       307.12261
       6       290.40848
       7       305.99085
       8       307.49255
       9       304.99725
      10       296.00046
      11       273.07775
      12       284.05302
      13  3515.91
 
       1       36.692481
       2       36.184326
       3       37.330122
       4       34.159102
       5       37.420375
       6       35.971704
       7       39.208224
       8       38.241676
       9       37.166727
      10       35.601703
      11       33.196450
      12       36.377477
      13   437.55
 
       1       128.42855
       2       126.22674
       3       127.30934
       4       117.34226
       5       129.10799
       6       129.19699
       7       139.43930
       8       135.08326
       9       125.97233
      10       120.99394
      11       116.96421
      12       129.75153
      13  1525.82
 
       1       22.897278
       2       21.637208
       3       21.787393
       4       21.930600
       5       25.557584
       6       24.344885
       7       26.215299
       8       23.432069
       9       21.103409
      10       20.637803
      11       19.468447
      12       22.116663
      13   271.13
 
       1       5.8591609
       2       6.2198003
       3       5.8991146
       4       5.4012072
       5       5.9671586
       6       6.1003205
       7       6.3602089
       8       6.2776842
       9       6.1924446
      10       5.6461190
      11       5.5089031
      12       5.7290717
      13     5.93
 
       1 0.0
       2 0.0
       3 0.0
       4 0.0
       5 0.0
       6 0.0
       7 0.0
       8 0.0
       9 0.0
      10 0.0
      11 0.0
      12 0.0
      13 0.0
 
       1     0.023973438
       2     0.025602278
       3     0.024734765
       4     0.022527097
       5     0.024511987
       6     0.024634310
       7     0.025543467
       8     0.025708061
       9     0.026016803
      10     0.023937125
      11     0.022881204
      12     0.023409543
      13   0.0245
 
       1       1.0000000
       2       1.0000000
       3       1.0000000
       4       1.0000000
       5       1.0000000
       6       1.0000000
       7       1.0000000
       8       1.0000000
       9       1.0000000
      10       1.0000000
      11       1.0000000
      12       1.0000000
      13   1.0000
 
       1       0.0000000
       2       0.0000000
       3       0.0000000
       4       0.0000000
       5       0.0000000
       6       0.0000000
       7       0.0000000
       8       0.0000000
       9       0.0000000
      10       0.0000000
      11       0.0000000
      12       0.0000000
      13   0.0000
 
       1      0.68810076
       2      0.69082585
       3      0.64572447
       4      0.64186411
       5      0.59673299
       6      0.59728985
       7      0.62806041
       8      0.67031116
       9      0.66665681
      10      0.68776212
      11      0.68491838
      12      0.67175328
      13   0.6558
 
