       1       164.12538
       2       130.03943
       3       154.98941
       4       163.89830
       5       184.43073
       6       231.89311
       7       224.21473
       8       190.99398
       9       154.90866
      10       169.27013
      11       131.85451
      12       139.78259
      13  2040.40
 
       1       108.95267
       2       84.069318
       3       98.564349
       4       104.74035
       5       112.81158
       6       133.48666
       7       124.55369
       8       110.17079
       9       95.723776
      10       110.81912
      11       86.523771
      12       97.037628
      13  1267.45
 
       1       14.906006
       2       11.533706
       3       13.408026
       4       14.648227
       5       15.296071
       6       16.386974
       7       14.791317
       8       13.500381
       9       11.887338
      10       14.187212
      11       10.972414
      12       13.910565
      13   165.43
 
       1       18.539983
       2       17.024433
       3       19.592901
       4       23.363283
       5       26.289019
       6       45.259211
       7       45.445372
       8       35.876399
       9       20.384046
      10       18.201331
      11       16.158685
      12       19.681194
      13   305.82
 
       1       16.968643
       2       13.561087
       3       16.718467
       4       19.677351
       5       26.579590
       6       39.257634
       7       40.642631
       8       38.582052
       9       28.792722
      10       29.353038
      11       16.255912
      12       14.053063
      13   300.44
 
       1       13.881581
       2       14.207028
       3       17.632222
       4       24.283412
       5       27.885828
       6       32.350621
       7       26.241132
       8       23.201773
       9       19.111185
      10       18.456902
      11       13.105604
      12       12.827969
      13    20.27
 
       1 0.0
       2 0.0
       3 0.0
       4 0.0
       5 0.0
       6 0.0
       7 0.0
       8 0.0
       9 0.0
      10 0.0
      11 0.0
      12 0.0
      13 0.0
 
       1     0.013495982
       2     0.013649544
       3     0.016576081
       4     0.023021831
       5     0.026205784
       6     0.030011583
       7     0.023843616
       8     0.021028054
       9     0.017327137
      10     0.017090608
      11     0.012338383
      12     0.012483157
      13   0.0189
 
       1      0.88470837
       2      0.88326123
       3      0.88153781
       4      0.88171643
       5      0.87943146
       6      0.88049818
       7      0.88416131
       8      0.88346953
       9      0.88162319
      10      0.88165162
      11      0.88307960
      12      0.88416449
      13   0.8824
 
       1    0.0017821440
       2    0.0018204633
       3    0.0022350301
       4    0.0030912424
       5    0.0035333805
       6    0.0040550808
       7    0.0032577802
       8    0.0028848765
       9    0.0023842912
      10    0.0023236797
      11    0.0016647358
      12    0.0016484684
      13   0.0026
 
       1      0.25945041
       2      0.28651341
       3      0.28869411
       4      0.32481484
       5      0.35065828
       6      0.37299508
       7      0.31937606
       8      0.29348411
       9      0.28515992
      10      0.27442522
      11      0.27435135
      12      0.28883401
      13   0.3016
 
