       1       188.21055
       2       107.67546
       3       142.33642
       4       132.86427
       5       123.50616
       6       101.19545
       7       96.864931
       8       106.31571
       9       110.67507
      10       96.011384
      11       72.585036
      12       65.468487
      13  1343.71
 
       1       126.90267
       2       75.594728
       3       90.460628
       4       83.308468
       5       76.922702
       6       62.111247
       7       55.969721
       8       61.611917
       9       68.626644
      10       62.526726
      11       50.112273
      12       44.749886
      13   858.90
 
       1       17.123772
       2       11.577876
       3       10.793392
       4       10.096547
       5       8.4963211
       6       7.1291356
       7       5.9867234
       8       6.7868389
       9       7.8689756
      10       7.6191848
      11       6.4146210
      12       5.2220117
      13   105.12
 
       1       19.903437
       2       13.853686
       3       11.777040
       4       12.605339
       5       10.690229
       6       13.916848
       7       11.883713
       8       13.844546
       9       10.913901
      10       9.3791249
      11       6.1670786
      12       5.9442888
      13   140.88
 
       1       14.126484
       2       10.784337
       3       12.179459
       4       15.157396
       5       15.537157
       6       13.928894
       7       14.245387
       8       20.384314
       9       20.675406
      10       18.168228
      11       9.9910444
      12       7.1680984
      13   172.35
 
       1       13.553867
       2       11.527164
       3       13.720561
       4       16.516995
       5       17.945246
       6       14.863429
       7       12.058679
       8       13.218259
       9       14.005427
      10       10.949012
      11       6.9757394
      12       4.9966502
      13    12.53
 
       1 0.0
       2 0.0
       3 0.0
       4 0.0
       5 0.0
       6 0.0
       7 0.0
       8 0.0
       9 0.0
      10 0.0
      11 0.0
      12 0.0
      13 0.0
 
       1      0.14566663
       2      0.12381659
       3      0.14170102
       4      0.17142206
       5      0.18298522
       6      0.14851604
       7      0.11787502
       8      0.13062033
       9      0.13966413
      10      0.10964851
      11     0.070536610
      12     0.050363678
      13   0.1277
 
       1      0.87223103
       2      0.87141680
       3      0.86892398
       4      0.87286605
       5      0.87094757
       6      0.86926308
       7      0.87179878
       8      0.87180069
       9      0.87161609
      10      0.87370508
      11      0.87512936
      12      0.87268933
      13   0.8719
 
       1     0.019126788
       2     0.016321941
       3     0.019098492
       4     0.023041383
       5     0.024915631
       6     0.020480147
       7     0.016464029
       8     0.018082970
       9     0.019257368
      10     0.015137319
      11    0.0097344290
      12    0.0069779514
      13   0.0174
 
       1      0.74387029
       2      0.72148901
       3      0.76762457
       4      0.76802101
       5      0.81042312
       6      0.80925072
       7      0.72948897
       8      0.77014557
       9      0.77452797
      10      0.67801859
      11      0.60011139
      12      0.60772028
      13   0.7317
 
