       1       152.28224
       2       218.75751
       3       195.53865
       4       167.06443
       5       185.06000
       6       218.78149
       7       220.90737
       8       190.88757
       9       144.61011
      10       114.23148
      11       125.54100
      12       142.00950
      13  2075.67
 
       1       101.31046
       2       145.74457
       3       128.10667
       4       107.53777
       5       114.69712
       6       129.62268
       7       122.44958
       8       114.14448
       9       90.742111
      10       76.904315
      11       84.432315
      12       95.054904
      13  1310.75
 
       1       13.685609
       2       19.884976
       3       17.652442
       4       14.184804
       5       14.324889
       6       15.372841
       7       13.521947
       8       13.718038
       9       11.261323
      10       10.571322
      11       10.673014
      12       11.248222
      13   166.10
 
       1       18.505713
       2       28.092298
       3       27.397523
       4       21.864440
       5       25.569312
       6       42.816019
       7       40.768678
       8       32.094919
       9       18.229849
      10       13.538998
      11       14.964981
      12       18.043805
      13   301.89
 
       1       15.157595
       2       19.746845
       3       22.951784
       4       19.726888
       5       26.332179
       6       42.317324
       7       38.476204
       8       39.912659
       9       26.184139
      10       20.779613
      11       15.422529
      12       14.409090
      13   301.42
 
       1       11.917167
       2       22.411675
       3       22.242545
       4       25.407139
       5       27.488659
       6       31.847173
       7       26.614801
       8       24.887898
       9       18.155410
      10       13.966882
      11       13.034879
      12       11.948384
      13    20.83
 
       1 0.0
       2 0.0
       3 0.0
       4 0.0
       5 0.0
       6 0.0
       7 0.0
       8 0.0
       9 0.0
      10 0.0
      11 0.0
      12 0.0
      13 0.0
 
       1     0.014218776
       2     0.027261812
       3     0.026277609
       4     0.029728661
       5     0.031963477
       6     0.036446725
       7     0.029719033
       8     0.027894051
       9     0.020359514
      10     0.015943909
      11     0.015258465
      12     0.014128604
      13   0.0241
 
       1      0.93160055
       2      0.93102169
       3      0.93053539
       4      0.93015190
       5      0.92989382
       6      0.92951529
       7      0.93032387
       8      0.93182393
       9      0.92990258
      10      0.93081505
      11      0.93159260
      12      0.93153263
      13   0.9307
 
       1    0.0010876171
       2    0.0020551048
       3    0.0020179704
       4    0.0023047944
       5    0.0024839605
       6    0.0028464356
       7    0.0023514887
       8    0.0022044025
       9    0.0016171878
      10    0.0012560179
      11    0.0011849885
      12    0.0010891311
      13   0.0019
 
       1      0.28448173
       2      0.32434008
       3      0.31736468
       4      0.35239368
       5      0.36211947
       6      0.37477525
       7      0.33441769
       8      0.31366746
       9      0.32690777
      10      0.29646002
      11      0.28145567
      12      0.29078598
      13   0.3216
 
