       1       9.6608607
       2       12.678838
       3       16.204626
       4       23.576636
       5       30.215195
       6       43.401378
       7       46.087981
       8       29.298599
       9       18.037160
      10       12.925155
      11       6.5925250
      12       9.3876661
      13   258.07
 
       1       6.7587761
       2       8.4949984
       3       10.535348
       4       13.776172
       5       16.301826
       6       22.485792
       7       24.178699
       8       16.105495
       9       10.684344
      10       8.2046690
      11       4.8891289
      12       6.7524819
      13   149.17
 
       1      0.89730296
       2       1.2408303
       3       1.7819836
       4       2.2382504
       5       2.3956320
       6       2.7930446
       7       3.0777563
       8       2.0172997
       9       1.4045943
      10       1.2126833
      11      0.73034572
      12      0.81575945
      13    20.61
 
       1      0.86946696
       2       1.5940175
       3       2.6960403
       4       3.1808374
       5       4.0417863
       6       13.495634
       7       14.744823
       8       7.2397100
       9       3.0733434
      10       1.3828975
      11       1.0585967
      12       1.0089414
      13    54.39
 
       1      0.32239186
       2      0.87450367
       3       1.5253676
       4       2.7364901
       5       3.1461859
       6       6.0461661
       7       6.7036503
       8       3.6894476
       9       2.2149769
      10      0.77928128
      11      0.23558693
      12      0.34516249
      13    28.62
 
       1      0.96677938
       2       1.5523371
       3       2.1869343
       4       2.6316876
       5       3.1520185
       6       3.8246504
       7       3.7627167
       8       2.4473521
       9       1.7080022
      10       1.2825311
      11      0.65973938
      12      0.60857073
      13     2.07
 
       1 0.0
       2 0.0
       3 0.0
       4 0.0
       5 0.0
       6 0.0
       7 0.0
       8 0.0
       9 0.0
      10 0.0
      11 0.0
      12 0.0
      13 0.0
 
       1     0.022450615
       2     0.033756945
       3     0.045489464
       4     0.052774043
       5     0.064878067
       6     0.074297225
       7     0.071621046
       8     0.046756084
       9     0.033437177
      10     0.027286426
      11     0.014178255
      12     0.013266820
      13   0.0417
 
       1      0.87527092
       2      0.87382114
       3      0.86874969
       4      0.86727694
       5      0.86819384
       6      0.86568813
       7      0.86540293
       8      0.86645989
       9      0.86545721
      10      0.87111664
      11      0.87063191
      12      0.87317664
      13   0.8693
 
       1    0.0028737179
       2    0.0044708648
       3    0.0061852243
       4    0.0072982660
       5    0.0087888372
       6     0.010350611
       7     0.010100912
       8    0.0066090644
       9    0.0047012085
      10    0.0036591351
      11    0.0019108045
      12    0.0017661056
      13   0.0057
 
       1      0.92467065
       2      0.88658382
       3      0.93161096
       4      0.95128881
       5      0.97592655
       6      0.97917317
       7      0.97024165
       8      0.96696016
       9      0.97799573
      10      0.93711801
      11      0.92850097
      12      0.82793279
      13   0.9382
 
