       1       97.497900
       2       120.74305
       3       124.64633
       4       133.46153
       5       179.86358
       6       143.09343
       7       137.54169
       8       153.32696
       9       113.47829
      10       67.742871
      11       69.228361
      12       106.68572
      13  1447.31
 
       1       69.423299
       2       80.939135
       3       77.353439
       4       83.120080
       5       107.63970
       6       86.108256
       7       75.936581
       8       86.597992
       9       70.802411
      10       46.457094
      11       47.515232
      12       72.793369
      13   904.69
 
       1       9.9467878
       2       10.438404
       3       7.6392617
       4       8.7296681
       5       9.7133129
       6       8.4022515
       7       7.0099570
       8       7.6434486
       9       7.5776879
      10       6.0669607
      11       5.5686521
      12       8.3137580
      13    97.05
 
       1       11.226818
       2       12.115093
       3       8.3923674
       4       10.736056
       5       14.652991
       6       18.342540
       7       18.009866
       8       17.194620
       9       14.332015
      10       6.6933806
      11       6.3119242
      12       9.1919796
      13   147.20
 
       1       8.9443271
       2       11.532502
       3       9.5857173
       4       13.854713
       5       20.134970
       6       22.037493
       7       22.967311
       8       29.566491
       9       25.497408
      10       13.231605
      11       9.6200759
      12       8.5902351
      13   195.56
 
       1       7.9675393
       2       11.170667
       3       11.633577
       4       17.001133
       5       24.898513
       6       23.997124
       7       17.448207
       8       19.552106
       9       15.872164
      10       8.6960529
      11       6.1474754
      12       7.5512896
      13    14.33
 
       1 0.0
       2 0.0
       3 0.0
       4 0.0
       5 0.0
       6 0.0
       7 0.0
       8 0.0
       9 0.0
      10 0.0
      11 0.0
      12 0.0
      13 0.0
 
       1     0.085586616
       2      0.11788550
       3      0.11831348
       4      0.17605641
       5      0.25999319
       6      0.25155604
       7      0.17419085
       8      0.19675634
       9      0.16192527
      10     0.087313739
      11     0.061275056
      12     0.079618223
      13   0.1475
 
       1      0.87409239
       2      0.87170937
       3      0.87290486
       4      0.87235472
       5      0.87275434
       6      0.87207307
       7      0.87259380
       8      0.87139340
       9      0.87319876
      10      0.87307534
      11      0.87136999
      12      0.87411207
      13   0.8726
 
       1     0.011315794
       2     0.015728434
       3     0.016132649
       4     0.023733767
       5     0.034724171
       6     0.033543445
       7     0.023919800
       8     0.026874994
       9     0.022015379
      10     0.012109274
      11    0.0085558448
      12     0.010647465
      13   0.0199
 
       1      0.68442059
       2      0.67063939
       3      0.67687393
       4      0.75095704
       5      0.82018697
       6      0.88824215
       7      0.80746982
       8      0.82750804
       9      0.81922001
      10      0.67271547
      11      0.61215517
      12      0.65217679
      13   0.7402
 
