       1       228.35580
       2       205.95571
       3       204.13241
       4       168.65616
       5       207.67265
       6       186.09704
       7       243.83060
       8       204.43051
       9       130.67288
      10       110.62847
      11       159.49672
      12       200.95104
      13  2250.88
 
       1       152.07289
       2       137.46180
       3       131.78069
       4       107.55440
       5       125.24199
       6       109.45778
       7       133.85389
       8       117.49674
       9       84.496557
      10       72.853512
      11       105.89393
      12       136.15051
      13  1414.31
 
       1       20.055267
       2       18.912746
       3       17.446992
       4       14.699497
       5       15.459678
       6       13.529765
       7       14.185999
       8       13.101877
       9       10.838273
      10       9.7001786
      11       13.136535
      12       17.276985
      13   178.34
 
       1       26.233055
       2       27.874719
       3       24.204691
       4       25.565693
       5       26.484981
       6       39.806592
       7       44.727142
       8       37.586526
       9       20.360661
      10       13.473981
      11       17.436784
      12       22.866881
      13   326.62
 
       1       20.046172
       2       22.536149
       3       21.343497
       4       23.224036
       5       31.805970
       6       33.318856
       7       44.347412
       8       42.242431
       9       28.419707
      10       16.985103
      11       19.137212
      12       21.442297
      13   324.85
 
       1       16.981321
       2       21.950097
       3       25.930426
       4       27.182796
       5       29.035762
       6       26.539388
       7       29.609711
       8       26.045367
       9       18.604219
      10       13.595839
      11       14.916991
      12       15.465616
      13    22.15
 
       1 0.0
       2 0.0
       3 0.0
       4 0.0
       5 0.0
       6 0.0
       7 0.0
       8 0.0
       9 0.0
      10 0.0
      11 0.0
      12 0.0
      13 0.0
 
       1     0.021187864
       2     0.028034723
       3     0.032497167
       4     0.033695507
       5     0.035062111
       6     0.031423801
       7     0.034669703
       8     0.030684235
       9     0.022138902
      10     0.016168222
      11     0.018355613
      12     0.019322364
      13   0.0269
 
       1      0.89799306
       2      0.89706517
       3      0.89733077
       4      0.89725266
       5      0.89551203
       6      0.89579212
       7      0.89723550
       8      0.89811458
       9      0.89675447
      10      0.89647083
      11      0.89733105
      12      0.89837988
      13   0.8971
 
       1    0.0024212840
       2    0.0031587408
       3    0.0037160042
       4    0.0038834396
       5    0.0040912031
       6    0.0037043854
       7    0.0040979675
       8    0.0036229379
       9    0.0026107899
      10    0.0019164329
      11    0.0021256900
      12    0.0022091497
      13   0.0031
 
       1      0.29328513
       2      0.32616807
       3      0.35932642
       4      0.38202001
       5      0.39070493
       6      0.38870290
       7      0.35680047
       8      0.34315426
       9      0.32778741
      10      0.31364901
      11      0.32981196
      12      0.31106778
      13   0.3435
 
