       1       9.5035032
       2       14.154410
       3       11.011846
       4       21.224042
       5       37.148126
       6       49.985668
       7       50.251729
       8       25.809648
       9       17.311418
      10       11.119649
      11       9.5580460
      12       6.2417971
      13   263.32
 
       1       6.6652286
       2       9.4536065
       3       7.7429725
       4       13.489845
       5       19.541379
       6       25.747748
       7       27.460404
       8       15.091455
       9       10.480124
      10       7.3998898
      11       6.9253275
      12       4.7479200
      13   154.75
 
       1      0.86781489
       2       1.4286232
       3       1.5101893
       4       2.9119677
       5       2.7886864
       6       3.3532116
       7       3.7017111
       8       2.2185716
       9       1.4841996
      10       1.1874312
      11       1.1876660
      12      0.72672804
      13    23.37
 
       1       1.1090988
       2       1.5856018
       3       2.3493668
       4       5.5880448
       5       5.9599952
       6       14.838354
       7       16.544080
       8       7.1873299
       9       3.0880000
      10      0.99082339
      11       1.0984397
      12       1.3179569
      13    61.66
 
       1      0.24008143
       2       1.2002332
       3       1.3820418
       4       3.9228945
       5       3.5905831
       6       7.3451992
       7       6.7222536
       8       4.3142901
       9       2.2905553
      10      0.57513071
      11      0.20895191
      12      0.51059500
      13    32.30
 
       1      0.82011289
       2       1.2292540
       3       1.7266581
       4       4.5050181
       5       3.4449063
       6       4.5008329
       7       4.4317346
       8       2.3856782
       9       1.6554374
      10       1.1587982
      11       1.0208682
      12      0.62659136
      13     2.29
 
       1 0.0
       2 0.0
       3 0.0
       4 0.0
       5 0.0
       6 0.0
       7 0.0
       8 0.0
       9 0.0
      10 0.0
      11 0.0
      12 0.0
      13 0.0
 
       1     0.018573616
       2     0.025754458
       3     0.035670452
       4     0.097279171
       5     0.071005621
       6     0.089559615
       7     0.086496683
       8     0.045276070
       9     0.032550812
      10     0.024286122
      11     0.022876192
      12     0.014164284
      13   0.0470
 
       1      0.83255107
       2      0.82604249
       3      0.82465211
       4      0.82606209
       5      0.82691355
       6      0.82526629
       7      0.82533761
       8      0.82368740
       9      0.82259109
      10      0.82688121
      11      0.83245120
      12      0.83391708
      13   0.8272
 
       1    0.0032034100
       2    0.0046232629
       3    0.0064433502
       4     0.017058999
       5     0.012633953
       6     0.016150042
       7     0.015749347
       8    0.0084436674
       9    0.0059940969
      10    0.0043702623
      11    0.0039701146
      12    0.0024577418
      13   0.0084
 
       1      0.88818859
       2      0.86863390
       3      0.90955863
       4      0.97148032
       5      0.97956024
       6      0.98419233
       7      0.98132206
       8      0.96923589
       9      0.98129083
      10      0.96337667
      11      0.90937645
      12      0.87210434
      13   0.9399
 
