       1       113.68622
       2       117.18963
       3       143.18024
       4       130.46558
       5       181.82867
       6       148.61140
       7       155.80079
       8       119.09054
       9       89.444068
      10       80.879685
      11       102.80104
      12       139.52240
      13  1522.50
 
       1       79.291363
       2       78.962018
       3       90.753464
       4       82.689410
       5       108.46545
       6       89.902074
       7       86.228319
       8       68.780990
       9       57.439952
      10       52.468912
      11       70.592386
      12       93.684450
      13   959.26
 
       1       10.687275
       2       10.375830
       3       10.239434
       4       9.0457141
       5       9.5745358
       6       8.5954805
       7       7.5586515
       8       7.0350320
       9       6.7571874
      10       5.6677703
      11       9.1152834
      12       11.609409
      13   106.26
 
       1       11.802319
       2       11.123423
       3       11.685485
       4       11.417278
       5       14.223349
       6       16.620370
       7       18.073800
       8       15.140090
       9       8.9922712
      10       5.2830279
      11       12.907038
      12       11.726229
      13   148.99
 
       1       11.040424
       2       10.028235
       3       12.811854
       4       14.393475
       5       20.030997
       6       21.266114
       7       24.872195
       8       24.883484
       9       20.929478
      10       11.800302
      11       14.894969
      12       14.773079
      13   201.72
 
       1       8.6922150
       2       11.471572
       3       13.794995
       4       16.471882
       5       24.299626
       6       26.232366
       7       20.384650
       8       15.413029
       9       12.955208
      10       8.3370009
      11       9.4237329
      12       9.3660425
      13    14.74
 
       1 0.0
       2 0.0
       3 0.0
       4 0.0
       5 0.0
       6 0.0
       7 0.0
       8 0.0
       9 0.0
      10 0.0
      11 0.0
      12 0.0
      13 0.0
 
       1     0.092417712
       2      0.12337926
       3      0.14368673
       4      0.17015504
       5      0.25159590
       6      0.27559497
       7      0.20584598
       8      0.15475315
       9      0.13091319
      10     0.082128670
      11     0.098858473
      12      0.10041140
      13   0.1525
 
       1      0.87153844
       2      0.87246878
       3      0.87245121
       4      0.87151347
       5      0.87207897
       6      0.87294459
       7      0.87228632
       8      0.87273608
       9      0.87242346
      10      0.87208392
      11      0.87415228
      12      0.87510086
      13   0.8726
 
       1     0.012284112
       2     0.016230888
       3     0.019281763
       4     0.022949740
       5     0.033855275
       6     0.036733724
       7     0.028012246
       8     0.021216471
       9     0.017944000
      10     0.011488421
      11     0.013251093
      12     0.013256525
      13   0.0205
 
       1      0.64459570
       2      0.76003552
       3      0.75068442
       4      0.75255240
       5      0.81615935
       6      0.88681280
       7      0.83098759
       8      0.81439854
       9      0.78136170
      10      0.64571561
      11      0.71301119
      12      0.66885161
      13   0.7554
 
