       1       149.51621
       2       167.87146
       3       219.52717
       4       191.43130
       5       186.28456
       6       239.40028
       7       245.06960
       8       201.43453
       9       175.03030
      10       98.478347
      11       148.67148
      12       201.72720
      13  2224.44
 
       1       100.93992
       2       111.88451
       3       139.39916
       4       123.98481
       5       115.89857
       6       135.90285
       7       137.37232
       8       117.86120
       9       109.56460
      10       67.691585
      11       97.252828
      12       137.63912
      13  1395.39
 
       1       13.472478
       2       15.293680
       3       17.799480
       4       16.624792
       5       15.277367
       6       14.539555
       7       15.124353
       8       13.704195
       9       12.734053
      10       9.9206403
      11       11.252208
      12       17.904593
      13   173.65
 
       1       16.356367
       2       21.843331
       3       25.025271
       4       26.543896
       5       27.819213
       6       45.311594
       7       47.637231
       8       34.141665
       9       21.431710
      10       14.516991
      11       15.902168
      12       26.430663
      13   322.96
 
       1       13.460922
       2       18.290363
       3       21.276957
       4       24.496486
       5       30.639040
       6       39.945428
       7       47.414179
       8       42.413003
       9       31.504265
      10       19.785351
      11       15.369680
      12       23.971056
      13   328.57
 
       1       12.837223
       2       18.352796
       3       23.442746
       4       29.325291
       5       29.975086
       6       33.810968
       7       31.516118
       8       26.878516
       9       24.329213
      10       13.538049
      11       14.016639
      12       16.354920
      13    22.86
 
       1 0.0
       2 0.0
       3 0.0
       4 0.0
       5 0.0
       6 0.0
       7 0.0
       8 0.0
       9 0.0
      10 0.0
      11 0.0
      12 0.0
      13 0.0
 
       1     0.015654625
       2     0.023020445
       3     0.028923115
       4     0.036182029
       5     0.036429907
       6     0.040041792
       7     0.037050821
       8     0.031548109
       9     0.029051273
      10     0.016372135
      11     0.016790409
      12     0.020281199
      13   0.0276
 
       1      0.88903223
       2      0.88915593
       3      0.88848243
       4      0.88899902
       5      0.88763322
       6      0.88757882
       7      0.88956504
       8      0.89028629
       9      0.88889301
      10      0.88988815
      11      0.88944318
      12      0.88928685
      13   0.8890
 
       1    0.0019215877
       2    0.0027774350
       3    0.0035157810
       4    0.0044018690
       5    0.0044753890
       6    0.0049541802
       7    0.0045950263
       8    0.0039274695
       9    0.0035934603
      10    0.0020217220
      11    0.0020819370
      12    0.0024594160
      13   0.0034
 
       1      0.29852420
       2      0.32577790
       3      0.34054322
       4      0.36701695
       5      0.39054311
       6      0.39951763
       7      0.36258442
       8      0.33532098
       9      0.32633538
      10      0.31930066
      11      0.30871277
      12      0.30800740
      13   0.3402
 
