       1       147.98869
       2       173.70424
       3       182.58666
       4       215.06648
       5       249.74031
       6       251.45935
       7       242.52012
       8       194.25142
       9       142.24507
      10       101.68007
      11       130.12071
      12       167.98720
      13  2199.35
 
       1       100.85118
       2       116.59738
       3       118.83077
       4       135.17190
       5       152.87283
       6       146.19432
       7       133.83672
       8       112.33690
       9       89.479890
      10       68.016769
      11       85.837056
      12       116.72769
      13  1376.75
 
       1       13.263609
       2       16.646052
       3       15.195289
       4       15.947704
       5       17.348341
       6       16.278633
       7       14.665729
       8       12.829538
       9       11.017952
      10       9.4190742
      11       10.320584
      12       15.514243
      13   168.45
 
       1       17.535581
       2       21.009054
       3       23.357372
       4       27.363869
       5       37.489871
       6       52.922826
       7       50.838490
       8       35.857674
       9       19.682802
      10       12.480566
      11       14.480196
      12       23.648455
      13   336.67
 
       1       14.721216
       2       16.884232
       3       20.255566
       4       23.572009
       5       38.031103
       6       45.971320
       7       45.954231
       8       40.634154
       9       28.766286
      10       14.996245
      11       13.706936
      12       18.808040
      13   322.30
 
       1       12.824000
       2       18.141472
       3       22.111047
       4       31.188593
       5       39.576917
       6       38.075415
       7       31.191664
       8       25.248011
       9       18.951878
      10       12.633620
      11       12.079867
      12       14.008974
      13    23.00
 
       1 0.0
       2 0.0
       3 0.0
       4 0.0
       5 0.0
       6 0.0
       7 0.0
       8 0.0
       9 0.0
      10 0.0
      11 0.0
      12 0.0
      13 0.0
 
       1     0.012640882
       2     0.017927986
       3     0.021612511
       4     0.030131594
       5     0.038821312
       6     0.037004797
       7     0.029223604
       8     0.023535447
       9     0.017586669
      10     0.011904631
      11     0.011484636
      12     0.013762902
      13   0.0221
 
       1      0.84490949
       2      0.84325110
       3      0.84276269
       4      0.84190636
       5      0.84126675
       6      0.84348643
       7      0.84617802
       8      0.84718726
       9      0.84393929
      10      0.84474493
      11      0.84749942
      12      0.84694933
      13   0.8445
 
       1    0.0021922579
       2    0.0030976349
       3    0.0037663646
       4    0.0052765990
       5    0.0067329020
       6    0.0064156882
       7    0.0051701830
       8    0.0041878914
       9    0.0031506403
      10    0.0021267422
      11    0.0020364521
      12    0.0023854611
      13   0.0039
 
       1      0.28043580
       2      0.29059346
       3      0.30769832
       4      0.34033060
       5      0.38196246
       6      0.39924062
       7      0.35880533
       8      0.32470227
       9      0.30419517
      10      0.29186524
      11      0.28800522
      12      0.27888542
      13   0.3206
 
