       1       116.57544
       2       152.57126
       3       121.07290
       4       141.92790
       5       165.48801
       6       140.31429
       7       135.52032
       8       114.30569
       9       129.72451
      10       79.605661
      11       113.18009
      12       120.79775
      13  1531.08
 
       1       79.807211
       2       101.41289
       3       80.372293
       4       88.188609
       5       103.36453
       6       84.831799
       7       77.216734
       8       67.053208
       9       81.615865
      10       55.138910
      11       73.028604
      12       87.454384
      13   979.49
 
       1       10.312053
       2       11.427054
       3       10.565690
       4       7.9964221
       5       9.3436736
       6       7.6459607
       7       6.4190820
       8       6.6584988
       9       8.0631476
      10       7.4219334
      11       7.4126490
      12       11.083167
      13   104.35
 
       1       12.008781
       2       11.245307
       3       13.998463
       4       9.6706651
       5       13.738234
       6       12.203838
       7       15.824014
       8       13.380916
       9       10.170256
      10       8.7434689
      11       8.2857785
      12       11.878981
      13   141.15
 
       1       10.997004
       2       11.597218
       3       13.588784
       4       12.173117
       5       18.710537
       6       15.936923
       7       20.973630
       8       21.744633
       9       21.645019
      10       18.221140
      11       10.694389
      12       15.890586
      13   192.17
 
       1       8.2321075
       2       13.724606
       3       13.491174
       4       16.561043
       5       24.713520
       6       22.516393
       7       18.382372
       8       15.936214
       9       16.495501
      10       10.557202
      11       8.6802728
      12       10.079812
      13    14.95
 
       1 0.0
       2 0.0
       3 0.0
       4 0.0
       5 0.0
       6 0.0
       7 0.0
       8 0.0
       9 0.0
      10 0.0
      11 0.0
      12 0.0
      13 0.0
 
       1      0.11022676
       2      0.18398290
       3      0.18139867
       4      0.21400941
       5      0.32795704
       6      0.29867344
       7      0.23362635
       8      0.20218327
       9      0.21157369
      10      0.13762845
      11      0.11291247
      12      0.13770960
      13   0.1960
 
       1      0.85168418
       2      0.85196825
       3      0.85321214
       4      0.85155865
       5      0.85299597
       6      0.85320340
       7      0.85257331
       8      0.85221328
       9      0.85204318
      10      0.85285103
      11      0.85593149
      12      0.85490307
      13   0.8529
 
       1     0.016839638
       2     0.027998485
       3     0.027621952
       4     0.033234110
       5     0.050145805
       6     0.045765378
       7     0.036501267
       8     0.031667606
       9     0.032917570
      10     0.021367986
      11     0.017532284
      12     0.020822364
      13   0.0302
 
       1      0.68507808
       2      0.74944551
       3      0.81716867
       4      0.79793520
       5      0.85691423
       6      0.88461801
       7      0.83963627
       8      0.82771091
       9      0.81771134
      10      0.80601193
      11      0.67527049
      12      0.71319483
      13   0.7892
 
