       1       10.758301
       2       12.084705
       3       16.804148
       4       24.047565
       5       37.172349
       6       49.045292
       7       35.084995
       8       23.112347
       9       15.519162
      10       10.541575
      11       5.6494396
      12       6.3796518
      13   246.20
 
       1       7.4634806
       2       8.1638495
       3       11.844257
       4       13.276154
       5       20.359917
       6       23.784126
       7       19.571998
       8       13.745311
       9       9.0730697
      10       7.0853165
      11       4.4600891
      12       4.7847275
      13   143.61
 
       1       1.0866216
       2       1.1603495
       3       2.3496995
       4       2.2183174
       5       3.1613531
       6       2.9202014
       7       2.7893348
       8       1.9622838
       9       1.2208155
      10      0.99350776
      11      0.61139226
      12      0.61410675
      13    21.09
 
       1       1.5332710
       2       1.7676168
       3       4.3736913
       4       4.0518113
       5       7.6865824
       6       14.070664
       7       8.7351007
       8       5.7234419
       9       1.7602769
      10      0.66302483
      11      0.94488064
      12      0.78182481
      13    52.09
 
       1      0.67530531
       2      0.54148638
       3       2.4213894
       4       2.5434768
       5       4.3564805
       6       6.6569206
       7       5.6802162
       8       3.7065395
       9       1.7625763
      10      0.30192747
      11      0.15881418
      12      0.18443170
      13    28.99
 
       1       1.1141951
       2       1.3695228
       3       2.8882386
       4       2.6679601
       5       3.9973713
       6       3.8156394
       7       3.1889739
       8       2.3814852
       9       1.2941221
      10       1.0045767
      11      0.77571442
      12      0.56496934
      13     2.09
 
       1 0.0
       2 0.0
       3 0.0
       4 0.0
       5 0.0
       6 0.0
       7 0.0
       8 0.0
       9 0.0
      10 0.0
      11 0.0
      12 0.0
      13 0.0
 
       1     0.025284736
       2     0.029470686
       3     0.062067844
       4     0.053725634
       5     0.083311237
       6     0.074423771
       7     0.061274494
       8     0.045217768
       9     0.024686636
      10     0.021344852
      11     0.016966191
      12     0.012298941
      13   0.0425
 
       1      0.87570917
       2      0.87189070
       3      0.87007686
       4      0.86561652
       5      0.86837854
       6      0.86595347
       7      0.86522765
       8      0.86523030
       9      0.86457357
      10      0.86962311
      11      0.87116819
      12      0.87272340
      13   0.8688
 
       1    0.0032640239
       2    0.0039365695
       3    0.0082770046
       4    0.0074144749
       5     0.011206739
       6     0.010320499
       7    0.0086216880
       8    0.0064551863
       9    0.0035320643
      10    0.0028809999
      11    0.0022657830
      12    0.0016439912
      13   0.0058
 
       1      0.88600787
       2      0.86788818
       3      0.93416514
       4      0.96099515
       5      0.98252775
       6      0.98241489
       7      0.97823895
       8      0.97016041
       9      0.97281448
      10      0.94034169
      11      0.94967519
      12      0.83469578
      13   0.9383
 
