       1       102.68929
       2       85.123734
       3       116.62293
       4       136.09671
       5       171.18969
       6       117.74951
       7       132.68656
       8       128.64167
       9       110.48263
      10       82.499761
      11       122.17398
      12       93.957064
      13  1399.91
 
       1       72.828588
       2       56.079323
       3       73.998062
       4       82.989496
       5       103.74254
       6       71.294627
       7       73.779884
       8       73.570050
       9       69.785682
      10       56.244114
      11       85.073896
      12       65.319903
      13   884.71
 
       1       9.6523784
       2       6.5040800
       3       7.9855224
       4       8.4462721
       5       8.9235688
       6       7.2783236
       7       6.7557731
       8       6.9000494
       9       7.4398297
      10       6.7855687
      11       10.833404
      12       7.8107213
      13    95.32
 
       1       9.8191377
       2       6.3596847
       3       9.2357811
       4       11.171350
       5       12.532035
       6       14.804874
       7       14.947942
       8       15.304434
       9       11.432336
      10       5.9610158
      11       10.668685
      12       9.2396922
      13   131.48
 
       1       9.0126206
       2       7.0862582
       3       10.493414
       4       12.482111
       5       17.797131
       6       17.903981
       7       21.115604
       8       25.218030
       9       24.261947
      10       13.844056
      11       17.879318
      12       9.3197336
      13   186.41
 
       1       8.3190043
       2       8.0144123
       3       12.078388
       4       16.044201
       5       24.345997
       6       19.958626
       7       17.451513
       8       16.437969
       9       15.589425
      10       9.9357135
      11       11.318335
      12       6.7561281
      13    13.85
 
       1 0.0
       2 0.0
       3 0.0
       4 0.0
       5 0.0
       6 0.0
       7 0.0
       8 0.0
       9 0.0
      10 0.0
      11 0.0
      12 0.0
      13 0.0
 
       1      0.11411813
       2      0.10582814
       3      0.15780689
       4      0.21177652
       5      0.32238464
       6      0.26579825
       7      0.22398504
       8      0.21053268
       9      0.20382428
      10      0.13056337
      11      0.15564955
      12     0.090350029
      13   0.1827
 
       1      0.88945720
       2      0.88968955
       3      0.88777075
       4      0.88871637
       5      0.88837350
       6      0.88845108
       7      0.88885422
       8      0.88857447
       9      0.88932980
      10      0.89031419
      11      0.89121218
      12      0.88870266
      13   0.8891
 
       1     0.013159356
       2     0.012479576
       3     0.018679389
       4     0.024846213
       5     0.037719013
       6     0.031002107
       7     0.026664669
       8     0.025131022
       9     0.024058423
      10     0.015462073
      11     0.017872399
      12     0.010586525
      13   0.0215
 
       1      0.70695436
       2      0.68253601
       3      0.72863032
       4      0.74392614
       5      0.86275121
       6      0.88672828
       7      0.83302946
       8      0.82589998
       9      0.81679092
      10      0.69486503
      11      0.76663360
      12      0.67094857
      13   0.7683
 
