       1       120.93796
       2       74.858129
       3       103.51401
       4       109.92649
       5       162.26817
       6       96.351365
       7       124.93471
       8       113.46529
       9       100.15334
      10       76.020979
      11       84.915895
      12       121.47334
      13  1288.82
 
       1       82.814698
       2       52.698726
       3       63.470169
       4       67.857794
       5       98.285506
       6       60.435086
       7       70.957351
       8       65.479047
       9       62.351487
      10       49.629071
      11       58.710535
      12       84.167228
      13   816.86
 
       1       11.136606
       2       7.5176459
       3       6.6830635
       4       7.1712603
       5       10.353517
       6       7.4609133
       7       6.9716652
       8       7.0037973
       9       7.4532989
      10       6.4004735
      11       6.9815352
      12       10.714409
      13    95.85
 
       1       12.401774
       2       8.4882913
       3       6.3047096
       4       7.2370901
       5       14.224700
       6       12.675841
       7       17.668640
       8       14.844370
       9       11.557103
      10       6.5516657
      11       6.9155110
      12       10.426324
      13   129.30
 
       1       11.397251
       2       8.8939193
       3       8.1617599
       4       9.4087344
       5       18.543577
       6       13.276949
       7       18.578908
       8       22.115792
       9       20.616529
      10       14.316649
      11       11.070795
      12       10.586661
      13   166.97
 
       1       8.9263635
       2       8.8387732
       3       8.8697734
       4       12.603400
       5       21.132827
       6       15.270506
       7       15.436730
       8       13.897259
       9       12.711589
      10       8.5423824
      11       8.2512924
      12       9.2141097
      13    11.97
 
       1 0.0
       2 0.0
       3 0.0
       4 0.0
       5 0.0
       6 0.0
       7 0.0
       8 0.0
       9 0.0
      10 0.0
      11 0.0
      12 0.0
      13 0.0
 
       1     0.094795527
       2     0.093475787
       3     0.089126354
       4      0.12715681
       5      0.21677662
       6      0.15555449
       7      0.15205157
       8      0.13735924
       9      0.12577757
      10     0.083647522
      11     0.083826648
      12     0.097870720
      13   0.1215
 
       1      0.87171658
       2      0.87228132
       3      0.87130094
       4      0.87164087
       5      0.87217130
       6      0.87118032
       7      0.87065151
       8      0.87206481
       9      0.87058124
      10      0.87179458
      11      0.87132661
      12      0.87357026
      13   0.8717
 
       1     0.012591668
       2     0.012491371
       3     0.012271848
       4     0.017452900
       5     0.029269809
       6     0.021243097
       7     0.021058532
       8     0.019002035
       9     0.017437818
      10     0.011770932
      11     0.011514103
      12     0.013016264
      13   0.0166
 
       1      0.70074082
       2      0.72236984
       3      0.64161366
       4      0.70507228
       5      0.78797364
       6      0.78427452
       7      0.79202961
       8      0.78642825
       9      0.77076779
      10      0.67812114
      11      0.66249270
      12      0.71883279
      13   0.7292
 
