       1       3.2256629
       2       2.2942676
       3       6.4759177
       4       8.4927806
       5       8.1936882
       6       6.8328428
       7       7.2236883
       8       5.6991903
       9       3.7884724
      10       2.2940120
      11       2.5380531
      12       1.7285147
      13    58.79
 
       1       2.8907475
       2       2.3067845
       3       5.1405990
       4       6.4004766
       5       7.6518481
       6       8.1828207
       7       8.0972311
       8       4.4841512
       9       3.3020726
      10       1.8439200
      11       2.0318705
      12       1.5380735
      13    53.87
 
       1      0.49998492
       2      0.54749156
       3       1.0802665
       4       1.7564680
       5       1.8961101
       6       1.8621534
       7       1.9569786
       8      0.95928982
       9      0.68723497
      10      0.46848572
      11      0.41617739
      12      0.35697981
      13    12.49
 
       1      0.74209657
       2      0.79535298
       3       2.2699821
       4       4.9977523
       5       8.2755941
       6       16.497165
       7       23.892665
       8       10.859351
       9       3.3475590
      10       1.3525331
      11      0.95768379
      12      0.61783744
      13    74.61
 
       1      0.31300184
       2      0.43079255
       3       1.3337088
       4       2.7560417
       5       6.1918726
       6       8.2114509
       7       11.926077
       8       5.7827292
       9       1.8778535
      10      0.47900187
      11      0.33687606
      12      0.27463870
      13    39.91
 
       1      0.63654214
       2      0.88420180
       3       2.2784370
       4       3.8075184
       5       3.6656427
       6       3.2468508
       7       2.8078625
       8       1.2484774
       9      0.91797843
      10      0.76655322
      11      0.67556363
      12      0.40059625
      13     1.78
 
       1 0.0
       2 0.0
       3 0.0
       4 0.0
       5 0.0
       6 0.0
       7 0.0
       8 0.0
       9 0.0
      10 0.0
      11 0.0
      12 0.0
      13 0.0
 
       1    0.0044604903
       2    0.0061369563
       3     0.015733664
       4     0.026427286
       5     0.025020276
       6     0.021301499
       7     0.018504619
       8    0.0082217854
       9    0.0058675425
      10    0.0054674498
      11    0.0048539933
      12    0.0030653273
      13   0.0121
 
       1      0.88210844
       2      0.88188907
       3      0.88247255
       4      0.88025731
       5      0.87859711
       6      0.87857343
       7      0.88082089
       8      0.88873616
       9      0.88444887
      10      0.88854742
      11      0.88977689
      12      0.88765122
      13   0.8837
 
       1   0.00057991452
       2   0.00080435461
       3    0.0020452892
       4    0.0034253737
       5    0.0032625016
       6    0.0028220915
       7    0.0024438652
       8    0.0010925633
       9   0.00079830272
      10   0.00070339244
      11   0.00062399413
      12   0.00037898780
      13   0.0016
 
       1      0.29684899
       2      0.31858248
       3      0.42372859
       4      0.53969167
       5      0.59137861
       6      0.65007981
       7      0.57585284
       8      0.45734910
       9      0.47674559
      10      0.42410688
      11      0.36161990
      12      0.33539373
      13   0.4543
 
