       1       37.977513
       2       24.378166
       3       22.842384
       4       20.386545
       5       20.023355
       6       20.886005
       7       19.233551
       8       14.802077
       9       11.253363
      10       14.875761
      11       23.579047
      12       31.750357
      13   261.99
 
       1       19.569417
       2       13.352418
       3       12.690167
       4       11.850337
       5       11.724271
       6       12.673605
       7       11.629264
       8       9.2099214
       9       6.8808643
      10       8.1035902
      11       12.108896
      12       16.540874
      13   146.33
 
       1       3.0613331
       2       2.0286158
       3       2.0061961
       4       1.6758544
       5       1.6361829
       6       1.5998976
       7       1.4292381
       8       1.1272179
       9      0.89725978
      10       1.2135034
      11       1.7897616
      12       2.3623278
      13    20.83
 
       1       13.633351
       2       7.3978367
       3       7.3085030
       4       5.7762413
       5       5.4956686
       6       5.9801919
       7       5.9387580
       8       4.5690637
       9       3.2664228
      10       4.7332833
      11       8.1183355
      12       10.415883
      13    82.63
 
       1       1.5341895
       2       1.3665673
       3       1.1597773
       4      0.95738202
       5      0.90884852
       6      0.79927055
       7      0.76783818
       8      0.79030416
       9      0.88998062
      10       1.3220126
      11       1.6867632
      12       1.8682513
      13    14.05
 
       1      0.56234917
       2      0.41433030
       3      0.38625149
       4      0.35006711
       5      0.35312129
       6      0.39406160
       7      0.35265907
       8      0.26353327
       9      0.20888184
      10      0.21669176
      11      0.32123784
      12      0.40513684
      13     0.35
 
       1 0.0
       2 0.0
       3 0.0
       4 0.0
       5 0.0
       6 0.0
       7 0.0
       8 0.0
       9 0.0
      10 0.0
      11 0.0
      12 0.0
      13 0.0
 
       1     0.020942035
       2     0.015108602
       3     0.014696275
       4     0.013721647
       5     0.014010870
       6     0.016607719
       7     0.014863563
       8     0.011474746
       9    0.0083440376
      10    0.0081742627
      11     0.011857295
      12     0.015301270
      13   0.0138
 
       1       1.0000000
       2       1.0000000
       3       1.0000000
       4       1.0000000
       5       1.0000000
       6       1.0000000
       7       1.0000000
       8       1.0000000
       9       1.0000000
      10       1.0000000
      11       1.0000000
      12       1.0000000
      13   1.0000
 
       1       0.0000000
       2       0.0000000
       3       0.0000000
       4       0.0000000
       5       0.0000000
       6       0.0000000
       7       0.0000000
       8       0.0000000
       9       0.0000000
      10       0.0000000
      11       0.0000000
      12       0.0000000
      13   0.0000
 
       1      0.37250234
       2      0.25480619
       3      0.22719926
       4      0.20583062
       5      0.21547398
       6      0.13790346
       7      0.15279172
       8      0.17529299
       9      0.19994770
      10      0.30923456
      11      0.31632605
      12      0.34000785
      13   0.2423
 
