       1       138.57898
       2       119.78911
       3       160.73767
       4       129.11248
       5       159.32747
       6       129.21392
       7       126.46090
       8       118.77549
       9       105.04943
      10       73.327142
      11       113.32442
      12       153.10919
      13  1526.81
 
       1       95.048554
       2       78.824036
       3       103.63110
       4       82.336544
       5       97.642151
       6       80.632273
       7       71.017698
       8       69.703924
       9       65.558073
      10       49.805677
      11       77.970841
      12       105.20387
      13   977.37
 
       1       11.764003
       2       8.9550502
       3       10.936736
       4       8.5835044
       5       8.4565129
       6       7.4820552
       7       6.2281856
       8       6.7722793
       9       6.3805830
      10       5.8997528
      11       8.9733971
      12       12.659175
      13   103.09
 
       1       12.239189
       2       8.7641764
       3       13.325634
       4       11.561220
       5       10.820429
       6       15.467562
       7       13.860552
       8       14.383854
       9       9.2585954
      10       6.1124937
      11       10.570720
      12       16.536090
      13   142.90
 
       1       11.623189
       2       11.973913
       3       14.222932
       4       14.945797
       5       15.505382
       6       19.847116
       7       19.775925
       8       23.639487
       9       19.257017
      10       12.866678
      11       16.224652
      12       16.785190
      13   196.67
 
       1       9.7886277
       2       10.532309
       3       16.465778
       4       17.589551
       5       20.808684
       6       24.987677
       7       16.549366
       8       16.780686
       9       13.209989
      10       8.8354996
      11       9.6514555
      12       10.573132
      13    14.65
 
       1 0.0
       2 0.0
       3 0.0
       4 0.0
       5 0.0
       6 0.0
       7 0.0
       8 0.0
       9 0.0
      10 0.0
      11 0.0
      12 0.0
      13 0.0
 
       1      0.13127412
       2      0.13822455
       3      0.21882843
       4      0.23251481
       5      0.27030732
       6      0.33632709
       7      0.20960874
       8      0.21314479
       9      0.16605867
      10      0.11245154
      11      0.12637342
      12      0.14263629
      13   0.1915
 
       1      0.85188171
       2      0.85269196
       3      0.85333647
       4      0.85221388
       5      0.85111140
       6      0.85284533
       7      0.85266497
       8      0.85212283
       9      0.85094045
      10      0.85318545
      11      0.85218460
      12      0.85344755
      13   0.8524
 
       1     0.020017626
       2     0.021320774
       3     0.033440602
       4     0.035696806
       5     0.041863963
       6     0.051060149
       7     0.032843450
       8     0.033354045
       9     0.026237370
      10     0.017745690
      11     0.019525658
      12     0.021642447
      13   0.0296
 
       1      0.73140798
       2      0.64776486
       3      0.77164393
       4      0.84853642
       5      0.84643974
       6      0.90702823
       7      0.84738751
       8      0.84549703
       9      0.78317720
      10      0.69830062
      11      0.74092105
      12      0.69497308
      13   0.7803
 
