       1       33.780362
       2       26.345830
       3       26.016540
       4       19.470627
       5       20.852637
       6       21.548169
       7       16.751529
       8       16.021163
       9       12.602811
      10       15.462049
      11       23.396298
      12       33.427129
      13   265.68
 
       1       17.848620
       2       13.682467
       3       14.794524
       4       10.783204
       5       12.367396
       6       13.277689
       7       9.8838482
       8       9.8420180
       9       7.5585417
      10       8.8116611
      11       12.210695
      12       17.015288
      13   148.08
 
       1       2.6942515
       2       2.3884295
       3       2.1789262
       4       1.6321450
       5       1.7058538
       6       1.7330837
       7       1.2281468
       8       1.2468396
       9       1.0091289
      10       1.2694809
      11       1.9282763
      12       2.7037504
      13    21.72
 
       1       11.905305
       2       8.3688270
       3       7.9429955
       4       5.8718879
       5       5.6545413
       6       6.1264538
       7       5.1074893
       8       4.9771734
       9       3.9796757
      10       5.2406881
      11       7.5938932
      12       11.511674
      13    84.28
 
       1       2.3588248
       2       1.4146437
       3      0.93034168
       4       1.0576924
       5      0.87561797
       6      0.77962663
       7      0.73431011
       8      0.90065283
       9      0.98752291
      10       1.2895985
      11       1.4519166
      12       1.7408621
      13    14.52
 
       1      0.46302652
       2      0.45461512
       3      0.44808442
       4      0.33262247
       5      0.38244491
       6      0.42423469
       7      0.29823395
       8      0.29709977
       9      0.23020582
      10      0.24075581
      11      0.34627435
      12      0.47803123
      13     0.37
 
       1 0.0
       2 0.0
       3 0.0
       4 0.0
       5 0.0
       6 0.0
       7 0.0
       8 0.0
       9 0.0
      10 0.0
      11 0.0
      12 0.0
      13 0.0
 
       1     0.017148878
       2     0.016626017
       3     0.017052769
       4     0.012713048
       5     0.015144683
       6     0.017893786
       7     0.012206402
       8     0.012438167
       9    0.0093620697
      10    0.0093494580
      11     0.012986923
      12     0.017782333
      13   0.0142
 
       1       1.0000000
       2       1.0000000
       3       1.0000000
       4       1.0000000
       5       1.0000000
       6       1.0000000
       7       1.0000000
       8       1.0000000
       9       1.0000000
      10       1.0000000
      11       1.0000000
      12       1.0000000
      13   1.0000
 
       1       0.0000000
       2       0.0000000
       3       0.0000000
       4       0.0000000
       5       0.0000000
       6       0.0000000
       7       0.0000000
       8       0.0000000
       9       0.0000000
      10       0.0000000
      11       0.0000000
      12       0.0000000
      13   0.0000
 
       1      0.33089870
       2      0.26297656
       3      0.21241101
       4      0.26311225
       5      0.20273495
       6      0.13561224
       7      0.16753997
       8      0.20338295
       9      0.21120467
      10      0.30310237
      11      0.29237372
      12      0.36181666
      13   0.2456
 
