       1       479.83303
       2       406.04927
       3       485.73424
       4       475.49735
       5       532.65162
       6       486.90429
       7       505.57725
       8       505.65514
       9       460.65559
      10       438.32944
      11       452.95103
      12       517.96708
      13  5747.81
 
       1       289.83035
       2       247.90608
       3       298.89882
       4       294.86105
       5       324.97094
       6       295.37115
       7       307.54181
       8       313.73202
       9       287.40310
      10       270.83454
      11       275.74479
      12       303.81141
      13  3510.91
 
       1       37.268974
       2       31.335725
       3       37.551062
       4       35.268352
       5       40.074606
       6       36.398551
       7       38.041466
       8       39.079956
       9       35.541263
      10       32.914741
      11       34.098790
      12       39.697990
      13   437.27
 
       1       130.60692
       2       109.43724
       3       127.46899
       4       123.31757
       5       139.36052
       6       129.16584
       7       135.65913
       8       130.84662
       9       118.17865
      10       115.28641
      11       122.25865
      12       146.72477
      13  1528.31
 
       1       22.337580
       2       17.563932
       3       21.821752
       4       21.447574
       5       27.042478
       6       26.315573
       7       25.547047
       8       22.701478
       9       19.094302
      10       19.611056
      11       20.183984
      12       25.926645
      13   269.59
 
       1       5.8935332
       2       5.5804497
       3       5.8624003
       4       5.6800517
       5       6.3724432
       6       6.0869486
       7       6.1276950
       8       6.4519557
       9       5.9375088
      10       5.2478230
      11       5.6443087
      12       6.2934072
      13     5.93
 
       1 0.0
       2 0.0
       3 0.0
       4 0.0
       5 0.0
       6 0.0
       7 0.0
       8 0.0
       9 0.0
      10 0.0
      11 0.0
      12 0.0
      13 0.0
 
       1     0.024143049
       2     0.023161181
       3     0.024544890
       4     0.023698581
       5     0.026087488
       6     0.024677247
       7     0.025005634
       8     0.026787913
       9     0.025044791
      10     0.021764824
      11     0.023206286
      12     0.025267906
      13   0.0244
 
       1       1.0000000
       2       1.0000000
       3       1.0000000
       4       1.0000000
       5       1.0000000
       6       1.0000000
       7       1.0000000
       8       1.0000000
       9       1.0000000
      10       1.0000000
      11       1.0000000
      12       1.0000000
      13   1.0000
 
       1       0.0000000
       2       0.0000000
       3       0.0000000
       4       0.0000000
       5       0.0000000
       6       0.0000000
       7       0.0000000
       8       0.0000000
       9       0.0000000
      10       0.0000000
      11       0.0000000
      12       0.0000000
      13   0.0000
 
       1      0.72364094
       2      0.70044364
       3      0.68989993
       4      0.65648974
       5      0.62356264
       6      0.60497415
       7      0.64746909
       8      0.68130902
       9      0.69079949
      10      0.71101402
      11      0.73046383
      12      0.74226390
      13   0.6835
 
