       1       8.7742479
       2       12.241339
       3       16.704590
       4       20.837386
       5       41.478540
       6       51.356407
       7       48.264848
       8       27.792223
       9       20.073982
      10       9.3279846
      11       6.6338750
      12       10.823164
      13   274.31
 
       1       6.1046725
       2       8.1906127
       3       11.285656
       4       13.344711
       5       22.322919
       6       26.111422
       7       24.999254
       8       15.613373
       9       11.376479
      10       6.2309134
      11       5.2291273
      12       7.8169262
      13   158.63
 
       1      0.79342158
       2       1.2254574
       3       1.9865863
       4       2.9625820
       5       3.3968566
       6       3.3809077
       7       3.4013197
       8       2.2562381
       9       1.4782688
      10      0.98233706
      11      0.83844957
      12      0.99511651
      13    23.70
 
       1      0.90208409
       2       1.6558239
       3       2.4220386
       4       4.5768677
       5       6.9353666
       6       13.601474
       7       18.605460
       8       8.0572184
       9       3.7665968
      10      0.98628373
      11      0.83990401
      12       1.0411410
      13    63.39
 
       1      0.15895827
       2      0.45381144
       3       1.5700026
       4       3.1937896
       5       4.9346172
       6       6.5237058
       7       7.2439530
       8       4.4489396
       9       2.1374329
      10      0.32956956
      11      0.16158888
      12      0.10707380
      13    31.26
 
       1      0.66807777
       2       1.5990674
       3       2.7933635
       4       3.8531220
       5       4.5234516
       6       4.2821221
       7       3.9493258
       8       2.3137970
       9       1.6846264
      10       1.1276293
      11      0.86756397
      12      0.78792076
      13     2.37
 
       1 0.0
       2 0.0
       3 0.0
       4 0.0
       5 0.0
       6 0.0
       7 0.0
       8 0.0
       9 0.0
      10 0.0
      11 0.0
      12 0.0
      13 0.0
 
       1     0.014554874
       2     0.034389553
       3     0.059239196
       4     0.082151455
       5     0.094584206
       6     0.083879307
       7     0.075489478
       8     0.043854932
       9     0.032887086
      10     0.024639757
      11     0.019374411
      12     0.017581434
      13   0.0486
 
       1      0.87213971
       2      0.86975066
       3      0.86804906
       4      0.86895679
       5      0.86936918
       6      0.86757916
       7      0.86666235
       8      0.86638327
       9      0.86589646
      10      0.87226017
      11      0.87382934
      12      0.87411096
      13   0.8696
 
       1    0.0019394310
       2    0.0045830193
       3    0.0079584820
       4     0.010985060
       5     0.012674239
       6     0.011608100
       7     0.010615170
       8    0.0062414806
       9    0.0046148118
      10    0.0032656601
      11    0.0025505245
      12    0.0023017818
      13   0.0066
 
       1      0.83174637
       2      0.93976353
       3      0.94550749
       4      0.97427305
       5      0.98372610
       6      0.98208247
       7      0.97247193
       8      0.96729727
       9      0.98209752
      10      0.97106247
      11      0.93670480
      12      0.88492403
      13   0.9476
 
