       1       9.8608276
       2       13.141446
       3       18.327080
       4       18.601977
       5       26.538127
       6       44.566495
       7       45.540500
       8       28.291365
       9       17.345198
      10       10.512879
      11       6.8033228
      12       7.5810024
      13   247.11
 
       1       6.3485694
       2       8.5079569
       3       11.469624
       4       11.770290
       5       14.140014
       6       23.126138
       7       23.981383
       8       15.929652
       9       10.148827
      10       6.7567820
      11       5.0959303
      12       5.3794390
      13   142.65
 
       1      0.76843276
       2       1.2651799
       3       1.9084222
       4       2.4926578
       5       2.4223325
       6       2.9004901
       7       3.0892211
       8       2.1866041
       9       1.3787804
      10      0.87240473
      11      0.71166998
      12      0.66876449
      13    20.66
 
       1      0.78536070
       2       2.0388671
       3       2.8267068
       4       3.0134926
       5       4.0989599
       6       12.593654
       7       14.595281
       8       6.6884686
       9       3.0202411
      10      0.78066324
      11      0.83816495
      12       1.1203135
      13    52.40
 
       1      0.29570807
       2       1.1245503
       3       1.9655190
       4       2.8940911
       5       2.8086183
       6       5.7838394
       7       6.0865195
       8       4.1808723
       9       2.0885437
      10      0.58205021
      11      0.13968961
      12      0.44256113
      13    28.39
 
       1      0.76303058
       2       1.3954880
       3       2.1712052
       4       3.3451400
       5       2.7905993
       6       3.9507539
       7       3.7827233
       8       2.3525812
       9       1.5681354
      10      0.87254184
      11      0.72347642
      12      0.58484886
      13     2.03
 
       1 0.0
       2 0.0
       3 0.0
       4 0.0
       5 0.0
       6 0.0
       7 0.0
       8 0.0
       9 0.0
      10 0.0
      11 0.0
      12 0.0
      13 0.0
 
       1     0.016505017
       2     0.028718278
       3     0.044459274
       4     0.069296828
       5     0.056404240
       6     0.076293485
       7     0.072462098
       8     0.044133207
       9     0.030145997
      10     0.017858062
      11     0.015670650
      12     0.012334006
      13   0.0404
 
       1      0.87297673
       2      0.86944258
       3      0.86777986
       4      0.86565459
       5      0.86648091
       6      0.86364439
       7      0.86665234
       8      0.86496396
       9      0.86286885
      10      0.86732453
      11      0.87102448
      12      0.87187060
      13   0.8676
 
       1    0.0022045403
       2    0.0039387227
       3    0.0061005997
       4    0.0094526162
       5    0.0077511038
       6     0.010685289
       7     0.010179274
       8    0.0063245213
       9    0.0042848931
      10    0.0024618366
      11    0.0020982554
      12    0.0016802861
      13   0.0056
 
       1      0.81626839
       2      0.82481747
       3      0.91713132
       4      0.97527786
       5      0.97239458
       6      0.97901541
       7      0.97386440
       8      0.96895698
       9      0.97606096
      10      0.95040906
      11      0.94629488
      12      0.85457237
      13   0.9296
 
