       1       196.28677
       2       212.99472
       3       152.46523
       4       190.44452
       5       210.53203
       6       210.32981
       7       221.85608
       8       208.82501
       9       166.75617
      10       119.61354
      11       154.94402
      12       193.29609
      13  2238.34
 
       1       133.74390
       2       141.31868
       3       100.08428
       4       120.89572
       5       127.64864
       6       122.50660
       7       122.35531
       8       120.44194
       9       104.22325
      10       79.644381
      11       102.75573
      12       128.95178
      13  1404.57
 
       1       19.169627
       2       19.907585
       3       14.167279
       4       16.665558
       5       16.288112
       6       15.101865
       7       13.976566
       8       14.200524
       9       13.354870
      10       11.187071
      11       13.294906
      12       17.055175
      13   184.37
 
       1       25.460549
       2       22.617848
       3       22.399005
       4       26.898524
       5       29.566727
       6       44.223128
       7       49.436031
       8       39.430088
       9       22.737194
      10       14.556324
      11       19.520823
      12       26.695253
      13   343.54
 
       1       18.524244
       2       21.625141
       3       18.142079
       4       24.741045
       5       28.212771
       6       35.147863
       7       38.004789
       8       37.969839
       9       32.718769
      10       20.664177
      11       19.439429
      12       21.664635
      13   316.85
 
       1       16.408643
       2       21.198718
       3       18.684992
       4       28.170852
       5       30.362744
       6       29.929227
       7       26.625549
       8       25.816062
       9       21.280695
      10       15.333476
      11       14.849016
      12       15.331777
      13    22.00
 
       1 0.0
       2 0.0
       3 0.0
       4 0.0
       5 0.0
       6 0.0
       7 0.0
       8 0.0
       9 0.0
      10 0.0
      11 0.0
      12 0.0
      13 0.0
 
       1     0.016179077
       2     0.021042266
       3     0.017934565
       4     0.026934872
       5     0.028576165
       6     0.027766371
       7     0.024282838
       8     0.023543364
       9     0.019586905
      10     0.014290450
      11     0.014184137
      12     0.015024118
      13   0.0208
 
       1      0.88381269
       2      0.88438541
       3      0.88297862
       4      0.88092638
       5      0.87996494
       6      0.88017291
       7      0.88409740
       8      0.88470884
       9      0.88249612
      10      0.88338526
      11      0.88401467
      12      0.88510086
      13   0.8830
 
       1    0.0021137015
       2    0.0027321691
       3    0.0023868721
       4    0.0035898190
       5    0.0038432690
       6    0.0037569689
       7    0.0033084741
       8    0.0032124583
       9    0.0026676377
      10    0.0019416011
      11    0.0018913048
      12    0.0019667619
      13   0.0028
 
       1      0.28850035
       2      0.29328588
       3      0.30443863
       4      0.32728711
       5      0.35675409
       6      0.37160596
       7      0.32276056
       8      0.30338309
       9      0.29830383
      10      0.29402688
      11      0.28112151
      12      0.26471128
      13   0.3088
 
