       1       6.5088604
       2       12.059164
       3       19.238503
       4       24.425561
       5       39.261045
       6       49.092270
       7       29.898997
       8       25.389689
       9       17.440159
      10       8.8644444
      11       8.0009315
      12       5.9120335
      13   246.09
 
       1       4.5927970
       2       7.4140228
       3       12.218721
       4       14.726557
       5       20.914931
       6       26.378340
       7       17.529197
       8       14.132217
       9       10.366221
      10       5.8384165
      11       5.7395519
      12       4.8134656
      13   144.66
 
       1      0.62456649
       2      0.84049111
       3       2.0989317
       4       2.7816599
       5       3.0250111
       6       3.4899880
       7       2.5330459
       8       1.9706352
       9       1.4249426
      10      0.87080307
      11      0.82718440
      12      0.63742592
      13    21.12
 
       1      0.61974420
       2       1.1305262
       3       3.2711815
       4       4.0961766
       5       6.7465970
       6       11.146237
       7       8.0659364
       8       7.2498070
       9       2.3296505
      10      0.78444464
      11      0.83795664
      12       1.0404566
      13    47.32
 
       1     0.090362888
       2      0.41242810
       3       1.2935654
       4       2.7352686
       5       4.0191630
       6       7.3376457
       7       5.7182739
       8       3.8090394
       9       2.4259658
      10      0.38828073
      11      0.27635200
      12      0.21779097
      13    28.72
 
       1      0.52235280
       2       1.0596851
       3       2.7485534
       4       3.7022440
       5       4.0437993
       6       4.3227194
       7       2.8381580
       8       2.0753991
       9       1.6317445
      10       1.1075094
      11      0.88330934
      12      0.61405741
      13     2.13
 
       1 0.0
       2 0.0
       3 0.0
       4 0.0
       5 0.0
       6 0.0
       7 0.0
       8 0.0
       9 0.0
      10 0.0
      11 0.0
      12 0.0
      13 0.0
 
       1     0.014834384
       2     0.027160830
       3     0.075898473
       4     0.099204046
       5      0.10690607
       6      0.10853876
       7     0.068602022
       8     0.049220743
       9     0.040094431
      10     0.029993478
      11     0.024552952
      12     0.017060002
      13   0.0552
 
       1      0.88201108
       2      0.87648798
       3      0.87936966
       4      0.87937389
       5      0.87965890
       6      0.87753393
       7      0.87789114
       8      0.87569477
       9      0.87449460
      10      0.88009149
      11      0.88074706
      12      0.88163877
      13   0.8787
 
       1    0.0018031276
       2    0.0034509941
       3    0.0092584578
       4     0.012254394
       5     0.013199369
       6     0.013678139
       7    0.0088269143
       8    0.0064163302
       9    0.0051714680
      10    0.0037310982
      11    0.0030234070
      12    0.0021074229
      13   0.0069
 
       1      0.88750136
       2      0.87687502
       3      0.95514718
       4      0.96345549
       5      0.98344862
       6      0.98449759
       7      0.98124493
       8      0.97228483
       9      0.97672144
      10      0.94620544
      11      0.95222817
      12      0.89081458
      13   0.9475
 
