       1       193.55483
       2       226.32443
       3       247.55043
       4       172.94705
       5       263.61189
       6       246.59091
       7       241.55171
       8       193.20628
       9       141.03438
      10       120.04411
      11       130.91862
      12       134.30853
      13  2311.64
 
       1       130.98865
       2       149.00458
       3       160.26458
       4       117.49721
       5       158.42350
       6       143.00564
       7       135.61206
       8       112.49070
       9       90.953503
      10       78.561735
      11       86.952644
      12       92.700952
      13  1456.46
 
       1       17.580734
       2       18.986882
       3       19.216250
       4       17.434770
       5       17.268545
       6       16.361482
       7       14.769549
       8       12.914326
       9       11.198221
      10       9.6331607
      11       10.811803
      12       12.136672
      13   178.31
 
       1       22.925333
       2       26.106186
       3       29.706893
       4       28.254583
       5       35.333503
       6       50.556688
       7       46.707970
       8       36.161020
       9       20.934853
      10       13.433388
      11       18.244848
      12       17.278868
      13   345.64
 
       1       19.328000
       2       23.722375
       3       24.848776
       4       24.572511
       5       36.702309
       6       45.723150
       7       45.832615
       8       40.754394
       9       28.946620
      10       15.336879
      11       15.473511
      12       13.799865
      13   335.04
 
       1       14.888303
       2       21.552010
       3       28.334592
       4       32.531766
       5       38.013257
       6       38.429825
       7       33.348455
       8       25.458216
       9       20.512230
      10       14.079952
      11       14.200802
      12       12.289428
      13    24.47
 
       1 0.0
       2 0.0
       3 0.0
       4 0.0
       5 0.0
       6 0.0
       7 0.0
       8 0.0
       9 0.0
      10 0.0
      11 0.0
      12 0.0
      13 0.0
 
       1     0.018283129
       2     0.026666140
       3     0.034846103
       4     0.040765076
       5     0.045941327
       6     0.046589120
       7     0.039227619
       8     0.029627012
       9     0.024016847
      10     0.016476001
      11     0.017298945
      12     0.014947669
      13   0.0296
 
       1      0.86356888
       2      0.86137329
       3      0.86224769
       4      0.86294778
       5      0.86057658
       6      0.86161475
       7      0.86350655
       8      0.86542307
       9      0.86313172
      10      0.86251530
      11      0.86527507
      12      0.86421397
      13   0.8630
 
       1    0.0027648805
       2    0.0040093359
       3    0.0052674366
       4    0.0061238093
       5    0.0070040668
       6    0.0070791907
       7    0.0060441164
       8    0.0046004516
       9    0.0037338213
      10    0.0025732212
      11    0.0026419979
      12    0.0022853489
      13   0.0045
 
       1      0.29030106
       2      0.30186422
       3      0.33904822
       4      0.38109944
       5      0.40972991
       6      0.43166008
       7      0.39325725
       8      0.35359122
       9      0.34135339
      10      0.31640052
      11      0.30972048
      12      0.28634020
      13   0.3462
 
