       1       450.30050
       2       445.80990
       3       519.92459
       4       482.07845
       5       494.51040
       6       495.79991
       7       565.73451
       8       514.86915
       9       470.59070
      10       466.59573
      11       465.47502
      12       480.47479
      13  5852.16
 
       1       270.00515
       2       275.70537
       3       317.20667
       4       298.29897
       5       302.39748
       6       302.00035
       7       345.11059
       8       315.28457
       9       296.37777
      10       292.20267
      11       283.04005
      12       289.89024
      13  3587.52
 
       1       34.078118
       2       34.011524
       3       40.142945
       4       36.170436
       5       37.525291
       6       36.658279
       7       43.038563
       8       39.565539
       9       35.457348
      10       35.054521
      11       35.412817
      12       36.634557
      13   443.75
 
       1       124.12853
       2       118.31576
       3       137.86022
       4       124.99609
       5       130.01696
       6       130.47944
       7       151.61705
       8       135.27827
       9       119.35573
      10       119.22040
      11       123.41096
      12       132.00681
      13  1546.69
 
       1       20.364946
       2       18.968715
       3       23.322737
       4       22.647386
       5       25.277265
       6       25.243104
       7       26.739971
       8       24.293369
       9       20.413137
      10       21.253281
      11       21.850836
      12       22.127154
      13   272.50
 
       1       5.5103450
       2       5.9875938
       3       6.2253052
       4       5.8394698
       5       5.9295665
       6       6.0945822
       7       6.9711479
       8       6.4353673
       9       5.8467637
      10       5.5443154
      11       5.7803835
      12       5.9024982
      13     6.01
 
       1 0.0
       2 0.0
       3 0.0
       4 0.0
       5 0.0
       6 0.0
       7 0.0
       8 0.0
       9 0.0
      10 0.0
      11 0.0
      12 0.0
      13 0.0
 
       1     0.022504633
       2     0.025097808
       3     0.025894703
       4     0.024332083
       5     0.024209306
       6     0.024841512
       7     0.028601912
       8     0.026392351
       9     0.024835326
      10     0.023571438
      11     0.023743121
      12     0.024177413
      13   0.0249
 
       1       1.0000000
       2       1.0000000
       3       1.0000000
       4       1.0000000
       5       1.0000000
       6       1.0000000
       7       1.0000000
       8       1.0000000
       9       1.0000000
      10       1.0000000
      11       1.0000000
      12       1.0000000
      13   1.0000
 
       1       0.0000000
       2       0.0000000
       3       0.0000000
       4       0.0000000
       5       0.0000000
       6       0.0000000
       7       0.0000000
       8       0.0000000
       9       0.0000000
      10       0.0000000
      11       0.0000000
      12       0.0000000
      13   0.0000
 
       1      0.71404364
       2      0.70121819
       3      0.68849276
       4      0.65646344
       5      0.64482280
       6      0.62653709
       7      0.66388974
       8      0.67436883
       9      0.69065164
      10      0.70192552
      11      0.73130108
      12      0.73378069
      13   0.6856
 
