       1       32.019543
       2       25.276109
       3       25.891033
       4       22.346762
       5       18.199202
       6       20.750882
       7       18.388053
       8       13.683883
       9       12.469548
      10       10.173645
      11       20.145996
      12       27.486416
      13   246.83
 
       1       17.089616
       2       12.988449
       3       14.139792
       4       12.696976
       5       10.756839
       6       12.617767
       7       11.341928
       8       8.5317382
       9       7.4652013
      10       5.8866640
      11       10.641267
      12       14.405280
      13   138.56
 
       1       2.5830666
       2       2.1943504
       3       2.1613991
       4       1.9313273
       5       1.4329812
       6       1.6064396
       7       1.3572249
       8       1.0582863
       9      0.97665180
      10      0.87974905
      11       1.6276647
      12       2.1463529
      13    19.96
 
       1       11.124917
       2       7.5924695
       3       8.4449039
       4       6.7049967
       5       4.9539613
       6       5.7445029
       7       5.7567241
       8       4.3134904
       9       3.7200179
      10       3.2689761
      11       6.4155688
      12       9.5697844
      13    77.61
 
       1       1.5703327
       2       1.1489130
       3       1.3640940
       4      0.94083511
       5      0.75720102
       6      0.70778902
       7      0.72089218
       8      0.81629087
       9      0.91898540
      10      0.89858035
      11       1.9771657
      12       1.9345668
      13    13.76
 
       1      0.49472985
       2      0.42171285
       3      0.40181477
       4      0.41746160
       5      0.32721923
       6      0.38521214
       7      0.33060510
       8      0.25159365
       9      0.22757020
      10      0.16383965
      11      0.29588194
      12      0.37584987
      13     0.34
 
       1 0.0
       2 0.0
       3 0.0
       4 0.0
       5 0.0
       6 0.0
       7 0.0
       8 0.0
       9 0.0
      10 0.0
      11 0.0
      12 0.0
      13 0.0
 
       1     0.018331193
       2     0.015579810
       3     0.015212996
       4     0.015958327
       5     0.013198474
       6     0.016478253
       7     0.014223003
       8     0.010847622
       9    0.0090969450
      10    0.0064661115
      11     0.011015830
      12     0.013986592
      13   0.0134
 
       1       1.0000000
       2       1.0000000
       3       1.0000000
       4       1.0000000
       5       1.0000000
       6       1.0000000
       7       1.0000000
       8       1.0000000
       9       1.0000000
      10       1.0000000
      11       1.0000000
      12       1.0000000
      13   1.0000
 
       1       0.0000000
       2       0.0000000
       3       0.0000000
       4       0.0000000
       5       0.0000000
       6       0.0000000
       7       0.0000000
       8       0.0000000
       9       0.0000000
      10       0.0000000
      11       0.0000000
      12       0.0000000
      13   0.0000
 
       1      0.35215992
       2      0.25147837
       3      0.26355841
       4      0.22798669
       5      0.12693637
       6      0.13753620
       7      0.16087790
       8      0.19922428
       9      0.19445054
      10      0.26266159
      11      0.38529368
      12      0.30520438
      13   0.2389
 
