       1       170.10301
       2       190.46031
       3       203.93376
       4       194.65821
       5       256.93670
       6       230.03852
       7       254.29429
       8       193.34463
       9       140.14604
      10       130.61125
      11       143.72983
      12       139.20346
      13  2247.46
 
       1       113.28527
       2       124.15131
       3       139.17338
       4       121.20079
       5       156.44794
       6       132.24339
       7       139.88666
       8       114.32814
       9       88.529423
      10       84.833103
      11       98.786585
      12       91.401635
      13  1404.27
 
       1       14.281576
       2       15.931751
       3       21.348910
       4       14.898686
       5       18.301986
       6       15.615018
       7       14.963235
       8       13.232106
       9       10.879258
      10       10.221915
      11       13.064812
      12       10.712123
      13   173.45
 
       1       18.829803
       2       19.940306
       3       30.117419
       4       24.218892
       5       35.769927
       6       48.886707
       7       55.248452
       8       32.687914
       9       20.016922
      10       13.120633
      11       19.559291
      12       18.382639
      13   336.78
 
       1       13.527327
       2       16.113105
       3       24.463486
       4       23.706307
       5       38.072638
       6       43.170369
       7       46.351827
       8       40.272313
       9       29.228317
      10       20.630099
      11       19.059191
      12       15.300105
      13   329.90
 
       1       13.309807
       2       19.684039
       3       27.252074
       4       27.892760
       5       39.945158
       6       32.793108
       7       31.281380
       8       26.094112
       9       19.611071
      10       14.652206
      11       15.485120
      12       11.467408
      13    23.29
 
       1 0.0
       2 0.0
       3 0.0
       4 0.0
       5 0.0
       6 0.0
       7 0.0
       8 0.0
       9 0.0
      10 0.0
      11 0.0
      12 0.0
      13 0.0
 
       1     0.016526607
       2     0.024765897
       3     0.035087372
       4     0.034125709
       5     0.049477319
       6     0.039735365
       7     0.036859460
       8     0.030964670
       9     0.023404781
      10     0.017487756
      11     0.019181607
      12     0.014156262
      13   0.0285
 
       1      0.89767124
       2      0.89706447
       3      0.89712651
       4      0.89624832
       5      0.89546928
       6      0.89667477
       7      0.89831563
       8      0.89921676
       9      0.89762402
      10      0.89769185
      11      0.89817805
      12      0.89919030
      13   0.8975
 
       1    0.0018992205
       2    0.0028185725
       3    0.0039382095
       4    0.0039553198
       5    0.0056766428
       6    0.0046093128
       7    0.0043388488
       8    0.0036407852
       9    0.0027523268
      10    0.0020622537
      11    0.0022108701
      12    0.0016340077
      13   0.0033
 
       1      0.30147526
       2      0.31884490
       3      0.36559406
       4      0.36153284
       5      0.41112572
       6      0.41011996
       7      0.36333834
       8      0.35602326
       9      0.34689036
      10      0.29516404
      11      0.32298730
      12      0.30742537
      13   0.3467
 
