       1       154.27728
       2       173.90426
       3       176.55763
       4       154.15060
       5       228.66182
       6       235.49548
       7       221.89281
       8       184.40899
       9       139.47985
      10       113.00516
      11       125.86910
      12       111.99887
      13  2019.70
 
       1       101.43140
       2       119.11340
       3       108.30168
       4       100.28806
       5       140.53831
       6       139.78275
       7       124.36233
       8       106.54306
       9       87.062332
      10       75.332283
      11       85.740978
      12       76.696679
      13  1265.19
 
       1       13.312829
       2       17.204944
       3       13.340978
       4       14.607283
       5       17.514093
       6       16.377669
       7       14.025143
       8       12.447248
       9       10.636441
      10       10.167545
      11       11.141836
      12       9.6738919
      13   160.45
 
       1       19.431319
       2       21.013927
       3       22.481518
       4       23.032568
       5       30.341971
       6       44.282531
       7       44.340230
       8       34.276358
       9       19.615225
      10       13.229805
      11       16.154187
      12       13.116702
      13   301.32
 
       1       15.357492
       2       16.941740
       3       18.606370
       4       19.809223
       5       29.599787
       6       45.202889
       7       38.181784
       8       37.162850
       9       26.655486
      10       19.839089
      11       16.726571
      12       10.948137
      13   295.03
 
       1       12.316329
       2       17.321947
       3       19.427622
       4       24.696647
       5       33.029578
       6       34.896407
       7       26.956569
       8       22.843453
       9       17.987997
      10       13.952566
      11       12.599456
      12       9.7900926
      13    20.48
 
       1 0.0
       2 0.0
       3 0.0
       4 0.0
       5 0.0
       6 0.0
       7 0.0
       8 0.0
       9 0.0
      10 0.0
      11 0.0
      12 0.0
      13 0.0
 
       1     0.014427070
       2     0.020700345
       3     0.022479520
       4     0.029034601
       5     0.038444288
       6     0.040130087
       7     0.030125722
       8     0.025392380
       9     0.020163609
      10     0.015909620
      11     0.014629463
      12     0.011412526
      13   0.0236
 
       1      0.93072284
       2      0.93105958
       3      0.93066664
       4      0.93054966
       5      0.92946555
       6      0.93002631
       7      0.93110334
       8      0.93192630
       9      0.93107179
      10      0.93112089
      11      0.93156702
      12      0.93211090
      13   0.9309
 
       1    0.0011167418
       2    0.0015808445
       3    0.0017525976
       4    0.0022456605
       5    0.0029795630
       6    0.0031225457
       7    0.0023813020
       8    0.0020172717
       9    0.0016005486
      10    0.0012550292
      11    0.0011415141
      12   0.00088999913
      13   0.0018
 
       1      0.28709645
       2      0.28614131
       3      0.32591237
       4      0.36767292
       5      0.38151100
       6      0.39778231
       7      0.35046098
       8      0.32370036
       9      0.31281738
      10      0.29322380
      11      0.28183673
      12      0.27127381
      13   0.3233
 
