       1       137.26898
       2       110.26380
       3       135.99534
       4       189.20230
       5       195.71684
       6       208.35788
       7       223.13044
       8       188.19219
       9       142.86430
      10       129.22557
      11       108.82184
      12       179.20690
      13  1948.25
 
       1       92.752540
       2       73.337700
       3       89.762549
       4       116.51125
       5       121.58176
       6       122.53642
       7       126.49035
       8       110.30009
       9       90.280715
      10       83.994845
      11       74.293122
      12       120.47037
      13  1222.31
 
       1       12.197112
       2       10.195006
       3       12.792659
       4       13.591176
       5       16.219003
       6       14.628697
       7       14.143509
       8       12.673283
       9       10.940870
      10       10.476276
      11       9.7281267
      12       15.521630
      13   153.11
 
       1       17.091701
       2       13.833139
       3       18.820595
       4       21.080112
       5       30.108114
       6       39.913982
       7       44.813619
       8       33.599326
       9       20.501087
      10       13.634064
      11       14.763512
      12       21.214588
      13   289.37
 
       1       12.769220
       2       11.637763
       3       16.483548
       4       16.775889
       5       31.074231
       6       34.578304
       7       40.469383
       8       36.896842
       9       27.795708
      10       20.479293
      11       16.064426
      12       16.964935
      13   281.99
 
       1       11.769727
       2       11.755486
       3       16.050287
       4       24.296553
       5       31.158421
       6       29.301603
       7       28.339639
       8       23.393009
       9       18.880799
      10       14.297403
      11       12.119145
      12       13.992010
      13    19.61
 
       1 0.0
       2 0.0
       3 0.0
       4 0.0
       5 0.0
       6 0.0
       7 0.0
       8 0.0
       9 0.0
      10 0.0
      11 0.0
      12 0.0
      13 0.0
 
       1     0.013825484
       2     0.013729297
       3     0.018559912
       4     0.027937167
       5     0.036878853
       6     0.033454524
       7     0.031876034
       8     0.026099812
       9     0.021221545
      10     0.016205255
      11     0.014073627
      12     0.016712977
      13   0.0225
 
       1      0.93095498
       2      0.93062938
       3      0.93017419
       4      0.93008366
       5      0.92952418
       6      0.92978175
       7      0.93129487
       8      0.93148118
       9      0.93059499
      10      0.93052034
      11      0.93104932
      12      0.93175816
      13   0.9307
 
       1    0.0010702965
       2    0.0010679016
       3    0.0014504687
       4    0.0021848876
       5    0.0028319999
       6    0.0026173868
       7    0.0025098495
       8    0.0020702187
       9    0.0016815824
      10    0.0012816536
      11    0.0010994015
      12    0.0012768614
      13   0.0018
 
       1      0.28046765
       2      0.27851947
       3      0.30597411
       4      0.33654003
       5      0.37635661
       6      0.39068257
       7      0.33837385
       8      0.31528511
       9      0.31744078
      10      0.31127138
      11      0.31421033
      12      0.28646060
      13   0.3210
 
