       1       79.104453
       2       54.459156
       3       41.925622
       4       26.259459
       5       28.482992
       6       14.491972
       7       14.383068
       8       8.8245003
       9       9.4560528
      10       35.399442
      11       52.563820
      12       67.183914
      13   432.53
 
       1       40.152559
       2       29.546264
       3       24.049535
       4       17.031006
       5       18.343090
       6       9.9681437
       7       9.6984059
       8       6.2669016
       9       6.1963861
      10       19.339136
      11       27.521389
      12       34.935572
      13   243.05
 
       1       7.4261315
       2       4.8509261
       3       3.6871338
       4       1.8840740
       5       1.7416513
       6      0.75990127
       7      0.78205508
       8      0.46964340
       9      0.62003695
      10       2.6448476
      11       4.1266189
      12       5.7446822
      13    34.74
 
       1       25.660021
       2       17.417509
       3       11.881235
       4       6.7533849
       5       7.1237156
       6       4.3311912
       7       4.1038398
       8       2.2016876
       9       2.1460317
      10       10.083713
      11       17.555027
      12       22.962598
      13   132.22
 
       1       3.6386049
       2       2.7043203
       3       2.2619400
       4       1.4020241
       5       1.3927127
       6       1.1537152
       7       1.2145739
       8      0.68410405
       9      0.59094095
      10       1.9966057
      11       2.6894263
      12       3.8134251
      13    23.54
 
       1       1.1255496
       2      0.85350047
       3      0.58224604
       4      0.33362522
       5      0.29897087
       6      0.16257433
       7      0.13788990
       8     0.084024377
       9      0.10663082
      10      0.38988531
      11      0.65248444
      12      0.88046787
      13     0.47
 
       1 0.0
       2 0.0
       3 0.0
       4 0.0
       5 0.0
       6 0.0
       7 0.0
       8 0.0
       9 0.0
      10 0.0
      11 0.0
      12 0.0
      13 0.0
 
       1     0.028979601
       2     0.023084915
       3     0.016252005
       4    0.0094920806
       5    0.0086370213
       6    0.0046212498
       7    0.0040975993
       8    0.0025953478
       9    0.0031814286
      10     0.010433666
      11     0.016621946
      12     0.022472041
      13   0.0125
 
       1       1.0000000
       2       1.0000000
       3       1.0000000
       4       1.0000000
       5       1.0000000
       6       1.0000000
       7       1.0000000
       8       1.0000000
       9       1.0000000
      10       1.0000000
      11       1.0000000
      12       1.0000000
      13   1.0000
 
       1       0.0000000
       2       0.0000000
       3       0.0000000
       4       0.0000000
       5       0.0000000
       6       0.0000000
       7       0.0000000
       8       0.0000000
       9       0.0000000
      10       0.0000000
      11       0.0000000
      12       0.0000000
      13   0.0000
 
       1      0.62403832
       2      0.68520836
       3      0.54179382
       4      0.42994212
       5      0.33984318
       6      0.30663553
       7      0.45481043
       8      0.51056243
       9      0.48825155
      10      0.55345327
      11      0.58591950
      12      0.66867571
      13   0.5158
 
