       1       115.54840
       2       97.030893
       3       209.83023
       4       126.04908
       5       141.10265
       6       135.93091
       7       134.94657
       8       118.01980
       9       107.74936
      10       79.150016
      11       75.847374
      12       112.48616
      13  1453.69
 
       1       82.193426
       2       65.616956
       3       134.69981
       4       82.227580
       5       88.330383
       6       80.202911
       7       75.768668
       8       69.181002
       9       68.033522
      10       53.259915
      11       52.681378
      12       77.120638
      13   929.32
 
       1       11.067613
       2       7.5215492
       3       14.999793
       4       9.5351136
       5       8.1421343
       6       6.8577966
       7       6.4420196
       8       6.5606590
       9       6.8020721
      10       6.4907696
      11       6.2885238
      12       8.5950164
      13    99.30
 
       1       13.077506
       2       7.4663748
       3       17.296792
       4       13.821055
       5       10.900146
       6       14.244964
       7       15.891240
       8       13.990248
       9       8.7690143
      10       6.4325569
      11       6.5286131
      12       9.9080828
      13   138.33
 
       1       13.771427
       2       8.2538342
       3       15.318687
       4       16.943688
       5       16.323217
       6       17.296285
       7       20.439098
       8       21.500587
       9       20.086641
      10       15.332029
      11       10.366608
      12       10.334714
      13   185.97
 
       1       9.0832862
       2       9.5953304
       3       20.584765
       4       17.118550
       5       21.024745
       6       20.679515
       7       16.535826
       8       16.158298
       9       14.256471
      10       9.3313050
      11       7.0556712
      12       7.7980951
      13    14.10
 
       1 0.0
       2 0.0
       3 0.0
       4 0.0
       5 0.0
       6 0.0
       7 0.0
       8 0.0
       9 0.0
      10 0.0
      11 0.0
      12 0.0
      13 0.0
 
       1      0.12330017
       2      0.12746494
       3      0.27954449
       4      0.22739870
       5      0.27467122
       6      0.27060935
       7      0.20653156
       8      0.20369763
       9      0.18125636
      10      0.11938377
      11     0.089842197
      12      0.10314812
      13   0.1839
 
       1      0.85147056
       2      0.85286356
       3      0.85561812
       4      0.85335229
       5      0.85183419
       6      0.85128487
       7      0.85123397
       8      0.85075027
       9      0.85152026
      10      0.85311228
      11      0.85101683
      12      0.85344936
      13   0.8523
 
       1     0.018682865
       2     0.019553365
       3     0.042025279
       4     0.034779435
       5     0.042485467
       6     0.041719747
       7     0.032556950
       8     0.032006257
       9     0.028420034
      10     0.018754906
      11     0.014183333
      12     0.015899632
      13   0.0284
 
       1      0.73827177
       2      0.71257433
       3      0.80750703
       4      0.85684330
       5      0.83682898
       6      0.89152460
       7      0.84473261
       8      0.85676869
       9      0.78915620
      10      0.74112074
      11      0.65122169
      12      0.64488967
      13   0.7810
 
