       1       8.4766322
       2       12.777083
       3       14.671485
       4       19.808295
       5       32.497190
       6       47.340959
       7       36.975606
       8       24.720927
       9       21.285181
      10       11.977027
      11       7.1326533
      12       9.3959338
      13   247.06
 
       1       6.1940425
       2       7.9829769
       3       10.137373
       4       11.990507
       5       17.197342
       6       24.618502
       7       20.693727
       8       14.224091
       9       12.154646
      10       7.8061155
      11       5.4258800
      12       6.8514828
      13   145.28
 
       1      0.87394316
       2       1.1006622
       3       1.8639138
       4       2.1589054
       5       2.8330022
       6       3.1255660
       7       2.9333015
       8       2.1073711
       9       1.6984909
      10       1.2022640
      11      0.82381230
      12      0.88786256
      13    21.61
 
       1       1.2247502
       2       1.3221538
       3       3.3141267
       4       3.4011688
       5       5.0692540
       6       13.714305
       7       11.599318
       8       6.0282117
       9       4.0879056
      10       1.2671668
      11       1.1285272
      12      0.73492233
      13    52.89
 
       1      0.28954114
       2      0.56905798
       3       1.9544739
       4       3.1206914
       5       3.3665969
       6       7.5847533
       7       5.6560448
       8       3.9770329
       9       2.4267431
      10      0.56189673
      11      0.13089891
      12      0.20166760
      13    29.84
 
       1      0.74444583
       2       1.2928248
       3       2.0276081
       4       2.7571346
       5       3.7097700
       6       4.0480343
       7       3.2285731
       8       2.0884185
       9       1.9469818
      10       1.4093727
      11      0.96905974
      12      0.73186205
      13     2.08
 
       1 0.0
       2 0.0
       3 0.0
       4 0.0
       5 0.0
       6 0.0
       7 0.0
       8 0.0
       9 0.0
      10 0.0
      11 0.0
      12 0.0
      13 0.0
 
       1     0.016025461
       2     0.027290438
       3     0.042285746
       4     0.056375692
       5     0.077039827
       6     0.079382875
       7     0.061869879
       8     0.039885655
       9     0.039196193
      10     0.030459207
      11     0.022214176
      12     0.016252206
      13   0.0424
 
       1      0.82857679
       2      0.82574267
       3      0.82405566
       4      0.82236183
       5      0.82558298
       6      0.82204922
       7      0.82564939
       8      0.82297258
       9      0.82696498
      10      0.82864225
      11      0.83498349
      12      0.83183281
      13   0.8266
 
       1    0.0028558879
       2    0.0048713457
       3    0.0076030759
       4     0.010184855
       5     0.013723525
       6     0.014424151
       7     0.011400869
       8    0.0074232079
       9    0.0070947671
      10    0.0053674757
      11    0.0038233440
      12    0.0028360115
      13   0.0076
 
       1      0.85234346
       2      0.85003467
       3      0.92210034
       4      0.96649603
       5      0.98202907
       6      0.98028831
       7      0.96867977
       8      0.96716732
       9      0.98158967
      10      0.97223515
      11      0.94673258
      12      0.91699012
      13   0.9422
 
