       1       164.98639
       2       146.85008
       3       258.84899
       4       199.54950
       5       245.29018
       6       225.32606
       7       234.41935
       8       204.48052
       9       173.09949
      10       101.50874
      11       163.94218
      12       165.05213
      13  2283.35
 
       1       112.28866
       2       96.208529
       3       163.95731
       4       132.38777
       5       150.49924
       6       129.63286
       7       130.16925
       8       119.15033
       9       106.69061
      10       69.037151
      11       108.27599
      12       112.60378
      13  1430.90
 
       1       15.836085
       2       12.774029
       3       20.695626
       4       18.696659
       5       17.579792
       6       15.065968
       7       14.748013
       8       13.969404
       9       12.132748
      10       9.8169639
      11       12.790536
      12       14.991997
      13   179.10
 
       1       19.259311
       2       17.210613
       3       30.382706
       4       29.883757
       5       34.986296
       6       47.533081
       7       45.104082
       8       34.345672
       9       20.945342
      10       14.334862
      11       19.746353
      12       19.552056
      13   333.28
 
       1       16.775716
       2       12.978070
       3       24.460504
       4       28.576087
       5       35.189260
       6       42.587848
       7       46.175056
       8       45.317826
       9       31.344808
      10       19.989523
      11       18.785765
      12       16.739961
      13   338.92
 
       1       13.469149
       2       14.381774
       3       27.492115
       4       35.156268
       5       38.683626
       6       34.503021
       7       30.356568
       8       27.572113
       9       22.124898
      10       14.454074
      11       14.848124
      12       12.994891
      13    23.84
 
       1 0.0
       2 0.0
       3 0.0
       4 0.0
       5 0.0
       6 0.0
       7 0.0
       8 0.0
       9 0.0
      10 0.0
      11 0.0
      12 0.0
      13 0.0
 
       1     0.016776226
       2     0.017338013
       3     0.034197101
       4     0.044515122
       5     0.047570442
       6     0.041811706
       7     0.035741076
       8     0.032504960
       9     0.025979533
      10     0.017412645
      11     0.018056707
      12     0.015964520
      13   0.0290
 
       1      0.89085840
       2      0.88858081
       3      0.88857105
       4      0.88951528
       5      0.88781634
       6      0.88841354
       7      0.89006077
       8      0.89032523
       9      0.88881175
      10      0.88954409
      11      0.89027304
      12      0.89087046
      13   0.8895
 
       1    0.0020339964
       2    0.0021383027
       3    0.0041324005
       4    0.0053391728
       5    0.0057924822
       6    0.0051161484
       7    0.0044323134
       8    0.0040310524
       9    0.0032399647
      10    0.0021574782
      11    0.0022184156
      12    0.0019486746
      13   0.0035
 
       1      0.29704891
       2      0.28330185
       3      0.35055542
       4      0.38109431
       5      0.40367192
       6      0.42038779
       7      0.37139252
       8      0.34474353
       9      0.34258086
      10      0.32384610
      11      0.30434791
      12      0.28432328
      13   0.3423
 
