       1       163.31599
       2       140.78765
       3       175.94948
       4       164.67624
       5       242.14302
       6       218.41178
       7       238.89884
       8       172.56305
       9       134.89589
      10       117.33792
      11       138.86345
      12       115.12781
      13  2022.97
 
       1       110.92918
       2       92.295615
       3       114.70778
       4       102.89768
       5       145.11465
       6       129.38569
       7       131.52359
       8       101.55611
       9       84.839059
      10       78.078096
      11       94.290268
      12       79.083774
      13  1264.70
 
       1       15.511910
       2       11.875253
       3       15.745227
       4       13.749926
       5       16.680520
       6       16.718820
       7       14.257818
       8       12.211148
       9       10.800015
      10       10.461447
      11       12.120896
      12       10.028105
      13   160.16
 
       1       20.912492
       2       16.710945
       3       21.548018
       4       23.297448
       5       29.850990
       6       48.824592
       7       52.855815
       8       31.163379
       9       18.163305
      10       14.703113
      11       15.960392
      12       13.538221
      13   307.53
 
       1       14.594435
       2       16.118334
       3       17.905916
       4       18.703205
       5       32.972345
       6       43.937045
       7       42.548276
       8       34.620524
       9       24.266136
      10       19.249710
      11       17.313440
      12       10.531878
      13   292.76
 
       1       13.359177
       2       14.621294
       3       20.647637
       4       23.343813
       5       33.136272
       6       31.792153
       7       28.141688
       8       21.616641
       9       17.353450
      10       13.936466
      11       13.784451
      12       10.468268
      13    20.18
 
       1 0.0
       2 0.0
       3 0.0
       4 0.0
       5 0.0
       6 0.0
       7 0.0
       8 0.0
       9 0.0
      10 0.0
      11 0.0
      12 0.0
      13 0.0
 
       1     0.012738619
       2     0.013986116
       3     0.019413910
       4     0.021833596
       5     0.030629357
       6     0.029346221
       7     0.025159462
       8     0.019368783
       9     0.015516057
      10     0.012610563
      11     0.012962914
      12    0.0098541888
      13   0.0186
 
       1      0.93969254
       2      0.93924288
       3      0.93826398
       4      0.93812377
       5      0.93762716
       6      0.93799885
       7      0.93857021
       8      0.93952836
       9      0.93782796
      10      0.93796912
      11      0.93933163
      12      0.93971919
      13   0.9387
 
       1   0.00089224720
       2   0.00097814514
       3    0.0013737038
       4    0.0015525004
       5    0.0021872494
       6    0.0020948397
       7    0.0018341475
       8    0.0014146928
       9    0.0011392592
      10   0.00092019153
      11   0.00091805281
      12   0.00069835334
      13   0.0013
 
       1      0.26358540
       2      0.26620581
       3      0.30333390
       4      0.33763347
       5      0.35155213
       6      0.38034358
       7      0.32145932
       8      0.30070184
       9      0.29535640
      10      0.28555754
      11      0.28063518
      12      0.26387557
      13   0.3042
 
