       1       505.13141
       2       440.50360
       3       468.03922
       4       474.21326
       5       494.38911
       6       458.08423
       7       542.85136
       8       542.75035
       9       456.87096
      10       472.14856
      11       457.87971
      12       476.14394
      13  5789.01
 
       1       302.96298
       2       269.21014
       3       287.24682
       4       293.80507
       5       301.35636
       6       277.25095
       7       327.14084
       8       334.79664
       9       282.86758
      10       295.16658
      11       285.17712
      12       288.65265
      13  3545.63
 
       1       38.859350
       2       34.019916
       3       35.878427
       4       36.265383
       5       37.469256
       6       34.390112
       7       40.381920
       8       41.603931
       9       34.994964
      10       35.243502
      11       33.838512
      12       35.750718
      13   438.70
 
       1       141.56130
       2       116.86783
       3       123.56375
       4       122.88346
       5       128.95075
       6       122.84271
       7       147.84885
       8       143.15175
       9       117.24152
      10       122.43280
      11       119.67114
      12       129.58416
      13  1536.60
 
       1       22.905746
       2       19.541227
       3       21.939348
       4       21.791045
       5       25.143474
       6       24.421098
       7       26.586300
       8       25.198793
       9       19.674513
      10       20.244823
      11       19.026347
      12       21.488070
      13   267.96
 
       1       6.3224895
       2       5.7086706
       3       5.7033108
       4       5.8684086
       5       5.9014958
       6       5.8833723
       7       6.5646601
       8       6.7705828
       9       5.8981571
      10       5.6508006
      11       5.5533680
      12       5.7122907
      13     5.96
 
       1 0.0
       2 0.0
       3 0.0
       4 0.0
       5 0.0
       6 0.0
       7 0.0
       8 0.0
       9 0.0
      10 0.0
      11 0.0
      12 0.0
      13 0.0
 
       1     0.025849690
       2     0.023900494
       3     0.023619077
       4     0.024476110
       5     0.024088983
       6     0.023613317
       7     0.026584844
       8     0.028221783
       9     0.024576172
      10     0.023822314
      11     0.023302963
      12     0.023500921
      13   0.0246
 
       1       1.0000000
       2       1.0000000
       3       1.0000000
       4       1.0000000
       5       1.0000000
       6       1.0000000
       7       1.0000000
       8       1.0000000
       9       1.0000000
      10       1.0000000
      11       1.0000000
      12       1.0000000
      13   1.0000
 
       1       0.0000000
       2       0.0000000
       3       0.0000000
       4       0.0000000
       5       0.0000000
       6       0.0000000
       7       0.0000000
       8       0.0000000
       9       0.0000000
      10       0.0000000
      11       0.0000000
      12       0.0000000
      13   0.0000
 
       1      0.73389021
       2      0.72721854
       3      0.65849691
       4      0.64755422
       5      0.59838614
       6      0.60631282
       7      0.66012402
       8      0.69015488
       9      0.69178360
      10      0.71489898
      11      0.71585842
      12      0.72650965
      13   0.6809
 
