       1       8.8481524
       2       12.687086
       3       24.307799
       4       21.609443
       5       35.639057
       6       45.391374
       7       40.290110
       8       31.240711
       9       17.321367
      10       12.253714
      11       7.5312620
      12       9.5044225
      13   266.62
 
       1       6.3830901
       2       7.6320580
       3       15.086726
       4       13.358471
       5       20.132340
       6       23.489271
       7       21.659043
       8       17.521397
       9       10.320556
      10       7.7933882
      11       5.6615035
      12       6.7170173
      13   155.75
 
       1      0.88671475
       2      0.91877692
       3       2.4110632
       4       2.6710629
       5       3.0484707
       6       3.0479889
       7       2.9703560
       8       2.4913053
       9       1.4147771
      10       1.1152531
      11      0.83407061
      12      0.94818755
      13    22.76
 
       1      0.52036361
       2      0.67886097
       3       3.6062745
       4       3.9695539
       5       5.0118288
       6       13.399296
       7       13.800873
       8       8.8774994
       9       3.2338539
      10       1.1695215
      11      0.83977701
      12       1.0544246
      13    56.16
 
       1      0.11197836
       2      0.37441586
       3       1.8249582
       4       2.7891246
       5       3.7813112
       6       6.4698781
       7       6.0169904
       8       5.2882625
       9       2.2614235
      10      0.44871016
      11      0.16001016
      12      0.31067451
      13    29.84
 
       1      0.71214654
       2      0.98199173
       3       2.8080150
       4       3.8321394
       5       4.1654700
       6       4.0876639
       7       3.7211719
       8       2.7494975
       9       1.6645799
      10      0.98073216
      11      0.76411728
      12      0.78875208
      13     2.27
 
       1 0.0
       2 0.0
       3 0.0
       4 0.0
       5 0.0
       6 0.0
       7 0.0
       8 0.0
       9 0.0
      10 0.0
      11 0.0
      12 0.0
      13 0.0
 
       1     0.016119058
       2     0.019881778
       3     0.057944369
       4     0.080794373
       5     0.086936211
       6     0.079958626
       7     0.071531515
       8     0.052242546
       9     0.031856580
      10     0.020050217
      11     0.016707037
      12     0.017222587
      13   0.0459
 
       1      0.87594755
       2      0.86782112
       3      0.86700806
       4      0.86707509
       5      0.86925082
       6      0.86573721
       7      0.86369870
       8      0.86570342
       9      0.86555312
      10      0.86781038
      11      0.87217836
      12      0.87411711
      13   0.8685
 
       1    0.0020860186
       2    0.0027594134
       3    0.0079012638
       4     0.010882152
       5     0.011684372
       6     0.011107900
       7     0.010057166
       8    0.0074279057
       9    0.0045413547
      10    0.0027593468
      11    0.0022156523
      12    0.0022821261
      13   0.0063
 
       1      0.91323520
       2      0.82754140
       3      0.92906247
       4      0.97662017
       5      0.98250579
       6      0.98370724
       7      0.97144072
       8      0.96907320
       9      0.97530678
      10      0.94358259
      11      0.93785384
      12      0.89505586
      13   0.9421
 
