       1       76.084407
       2       55.764497
       3       57.205414
       4       34.791063
       5       21.897432
       6       15.002897
       7       16.311946
       8       10.157166
       9       14.073749
      10       31.755758
      11       52.699878
      12       55.335106
      13   441.08
 
       1       38.746239
       2       29.351950
       3       30.604849
       4       21.269250
       5       14.630422
       6       10.326727
       7       10.913825
       8       7.1438735
       9       9.2491183
      10       18.262011
      11       28.244024
      12       29.274882
      13   248.02
 
       1       6.9322546
       2       5.0523045
       3       4.8613823
       4       2.5005992
       5       1.3923493
       6      0.83219217
       7      0.82285220
       8      0.55899654
       9      0.90268570
      10       2.4278108
      11       4.3925393
      12       4.8099994
      13    35.49
 
       1       25.032130
       2       16.998633
       3       16.714992
       4       9.0876410
       5       5.9314299
       6       4.3584068
       7       4.8839794
       8       2.8129071
       9       3.6272844
      10       9.6452508
      11       16.228843
      12       17.896059
      13   133.22
 
       1       4.1289403
       2       2.9344029
       3       2.6038052
       4       1.5898508
       5       1.1924433
       6       1.1898265
       7       1.2423729
       8      0.87331884
       9      0.85872251
      10       1.6820518
      11       2.8414216
      12       3.2379325
      13    24.38
 
       1       1.0467637
       2      0.84549960
       3      0.74847310
       4      0.41654589
       5      0.24190693
       6      0.17423492
       7      0.15020302
       8      0.10464436
       9      0.16370320
      10      0.37496594
      11      0.68168732
      12      0.74661775
      13     0.47
 
       1 0.0
       2 0.0
       3 0.0
       4 0.0
       5 0.0
       6 0.0
       7 0.0
       8 0.0
       9 0.0
      10 0.0
      11 0.0
      12 0.0
      13 0.0
 
       1     0.027044068
       2     0.022247301
       3     0.019701153
       4     0.011602550
       5    0.0070613957
       6    0.0050306595
       7    0.0044613342
       8    0.0031707948
       9    0.0048525045
      10     0.010160863
      11     0.017796494
      12     0.019518583
      13   0.0127
 
       1       1.0000000
       2       1.0000000
       3       1.0000000
       4       1.0000000
       5       1.0000000
       6       1.0000000
       7       1.0000000
       8       1.0000000
       9       1.0000000
      10       1.0000000
      11       1.0000000
      12       1.0000000
      13   1.0000
 
       1       0.0000000
       2       0.0000000
       3       0.0000000
       4       0.0000000
       5       0.0000000
       6       0.0000000
       7       0.0000000
       8       0.0000000
       9       0.0000000
      10       0.0000000
      11       0.0000000
      12       0.0000000
      13   0.0000
 
       1      0.73491264
       2      0.67032505
       3      0.61631409
       4      0.47269293
       5      0.36307320
       6      0.38004715
       7      0.46003383
       8      0.51544788
       9      0.55212853
      10      0.58648343
      11      0.63666342
      12      0.66932526
      13   0.5548
 
