       1       589.78393
       2       580.05923
       3       606.64646
       4       559.93575
       5       578.66301
       6       616.77880
       7       654.58009
       8       638.05409
       9       622.86183
      10       611.32185
      11       583.82674
      12       574.79549
      13  7217.31
 
       1       356.14038
       2       348.67473
       3       369.52842
       4       343.80934
       5       351.58944
       6       365.52471
       7       388.61202
       8       383.34549
       9       376.95964
      10       374.97091
      11       354.41154
      12       344.47649
      13  4358.04
 
       1       43.870570
       2       44.379650
       3       45.910891
       4       42.153813
       5       42.569431
       6       45.465147
       7       48.591903
       8       47.557797
       9       46.935040
      10       44.965831
      11       43.183270
      12       41.780564
      13   537.36
 
       1       164.37777
       2       162.88484
       3       162.34907
       4       147.06807
       5       158.62020
       6       171.53880
       7       183.90319
       8       175.10356
       9       171.11488
      10       165.29783
      11       160.39795
      12       161.22852
      13  1983.88
 
       1       26.097293
       2       26.235700
       3       27.431305
       4       26.616977
       5       28.109498
       6       31.596351
       7       33.246185
       8       31.282425
       9       29.373492
      10       27.195179
      11       25.315569
      12       26.225777
      13   338.73
 
       1       7.5116065
       2       8.1857921
       3       7.7382350
       4       7.4033435
       5       7.3973476
       6       8.3721708
       7       8.8347870
       8       8.4849076
       9       8.6448977
      10       7.8091662
      11       7.6858665
      12       7.3179330
      13     7.95
 
       1 0.0
       2 0.0
       3 0.0
       4 0.0
       5 0.0
       6 0.0
       7 0.0
       8 0.0
       9 0.0
      10 0.0
      11 0.0
      12 0.0
      13 0.0
 
       1     0.030765326
       2     0.033085090
       3     0.031555022
       4     0.030096859
       5     0.029527544
       6     0.032842026
       7     0.034543391
       8     0.033560354
       9     0.034303570
      10     0.031520332
      11     0.030964768
      12     0.029433840
      13   0.0318
 
       1       1.0000000
       2       1.0000000
       3       1.0000000
       4       1.0000000
       5       1.0000000
       6       1.0000000
       7       1.0000000
       8       1.0000000
       9       1.0000000
      10       1.0000000
      11       1.0000000
      12       1.0000000
      13   1.0000
 
       1       0.0000000
       2       0.0000000
       3       0.0000000
       4       0.0000000
       5       0.0000000
       6       0.0000000
       7       0.0000000
       8       0.0000000
       9       0.0000000
      10       0.0000000
      11       0.0000000
      12       0.0000000
      13   0.0000
 
       1      0.74336479
       2      0.72126379
       3      0.70614251
       4      0.65473239
       5      0.64222424
       6      0.64008786
       7      0.66758823
       8      0.68659930
       9      0.69531145
      10      0.70622319
      11      0.71405067
      12      0.72735432
      13   0.6921
 
