       1       181.35527
       2       174.83274
       3       161.97636
       4       180.62785
       5       186.18123
       6       209.06633
       7       232.96215
       8       184.97027
       9       160.95184
      10       115.59518
      11       165.90849
      12       171.68318
      13  2126.11
 
       1       123.60779
       2       116.06596
       3       105.42165
       4       116.29446
       5       116.76647
       6       118.95185
       7       128.11923
       8       109.49098
       9       99.710753
      10       75.549257
      11       110.51877
      12       118.90835
      13  1339.41
 
       1       16.341850
       2       15.448677
       3       14.860605
       4       15.124731
       5       15.671239
       6       13.527793
       7       13.568237
       8       13.366528
       9       11.991544
      10       10.131602
      11       13.525690
      12       15.697468
      13   169.26
 
       1       21.869061
       2       19.299043
       3       21.771138
       4       24.153559
       5       27.221630
       6       41.797117
       7       49.058767
       8       35.779438
       9       20.612376
      10       13.186788
      11       17.009639
      12       23.299187
      13   315.06
 
       1       16.555416
       2       16.575317
       3       18.751599
       4       21.985231
       5       28.275410
       6       35.647634
       7       39.859995
       8       38.391780
       9       29.523164
      10       19.061389
      11       20.560650
      12       20.362596
      13   305.55
 
       1       15.001041
       2       17.429242
       3       20.383501
       4       26.934829
       5       27.870092
       6       26.579680
       7       27.337040
       8       24.498366
       9       20.240585
      10       13.163165
      11       15.084071
      12       14.422831
      13    20.75
 
       1 0.0
       2 0.0
       3 0.0
       4 0.0
       5 0.0
       6 0.0
       7 0.0
       8 0.0
       9 0.0
      10 0.0
      11 0.0
      12 0.0
      13 0.0
 
       1     0.017990142
       2     0.020762991
       3     0.024121511
       4     0.031645351
       5     0.032313567
       6     0.029766389
       7     0.030482500
       8     0.027684484
       9     0.022767178
      10     0.014977545
      11     0.017616242
      12     0.017391432
      13   0.0240
 
       1      0.93091209
       2      0.93099413
       3      0.93069589
       4      0.93018353
       5      0.92955142
       6      0.92918503
       7      0.93045371
       8      0.93218351
       9      0.93087367
      10      0.93124359
      11      0.93237140
      12      0.93250560
      13   0.9309
 
       1    0.0013719539
       2    0.0015885099
       3    0.0018569657
       4    0.0024460867
       5    0.0025162423
       6    0.0023556574
       7    0.0024112482
       8    0.0021775838
       9    0.0018003997
      10    0.0011816057
      11    0.0013650124
      12    0.0013218562
      13   0.0019
 
       1      0.28168647
       2      0.30648711
       3      0.33420251
       4      0.36053533
       5      0.37681603
       6      0.37654544
       7      0.33737984
       8      0.33455624
       9      0.32844449
      10      0.30398826
      11      0.29310560
      12      0.28651962
      13   0.3267
 
