       1       157.95119
       2       166.55018
       3       135.74810
       4       190.57385
       5       140.46167
       6       119.54592
       7       136.27866
       8       131.37132
       9       95.911927
      10       100.85233
      11       83.386540
      12       76.252493
      13  1534.88
 
       1       109.38018
       2       110.13178
       3       88.837825
       4       116.85323
       5       89.533277
       6       72.436333
       7       76.108861
       8       74.214117
       9       60.329280
      10       67.173561
      11       57.246492
      12       53.805357
      13   976.05
 
       1       14.909188
       2       13.678847
       3       11.589961
       4       11.704061
       5       10.212137
       6       6.8311532
       7       7.0815141
       8       7.3601775
       9       6.8667942
      10       7.9769216
      11       6.7551341
      12       6.5250998
      13   111.49
 
       1       16.939023
       2       12.636719
       3       13.563144
       4       16.459669
       5       14.128750
       6       11.859624
       7       15.302171
       8       15.384011
       9       9.6746218
      10       8.4758531
      11       7.1411390
      12       7.5124470
      13   149.08
 
       1       12.577969
       2       12.566975
       3       14.686782
       4       18.888652
       5       20.132888
       6       15.928533
       7       23.131997
       8       26.980004
       9       20.529846
      10       18.152229
      11       11.305791
      12       7.8044159
      13   202.69
 
       1       11.507085
       2       14.344388
       3       14.117566
       4       21.999299
       5       20.937385
       6       18.899688
       7       18.307312
       8       16.431241
       9       12.739560
      10       11.374265
      11       7.9931491
      12       5.8828914
      13    14.54
 
       1 0.0
       2 0.0
       3 0.0
       4 0.0
       5 0.0
       6 0.0
       7 0.0
       8 0.0
       9 0.0
      10 0.0
      11 0.0
      12 0.0
      13 0.0
 
       1      0.15924050
       2      0.19709505
       3      0.19141865
       4      0.29320517
       5      0.27971410
       6      0.24837517
       7      0.23655309
       8      0.21115740
       9      0.16311079
      10      0.14814378
      11      0.10399980
      12     0.077899828
      13   0.1925
 
       1      0.88892515
       2      0.88890823
       3      0.88876977
       4      0.88859052
       5      0.88858666
       6      0.88832066
       7      0.88838396
       8      0.88949263
       9      0.88890068
      10      0.88914645
      11      0.88917269
      12      0.88823782
      13   0.8888
 
       1     0.018147164
       2     0.022549276
       3     0.022080975
       4     0.034092455
       5     0.032615723
       6     0.029239282
       7     0.028068466
       8     0.025124640
       9     0.019538520
      10     0.017593297
      11     0.012410985
      12    0.0092087881
      13   0.0226
 
       1      0.74584338
       2      0.76830494
       3      0.79787242
       4      0.82448173
       5      0.85550529
       6      0.84853956
       7      0.84719821
       8      0.82795467
       9      0.78230058
      10      0.75350585
      11      0.68935706
      12      0.67554375
      13   0.7847
 
