       1       188.21616
       2       169.69941
       3       147.04162
       4       123.68214
       5       137.04964
       6       93.464347
       7       141.69170
       8       130.36923
       9       86.350433
      10       78.993557
      11       120.75159
      12       155.34872
      13  1572.66
 
       1       125.91915
       2       112.74046
       3       94.239967
       4       76.489442
       5       83.834910
       6       57.508955
       7       77.165047
       8       73.190969
       9       56.774063
      10       52.619387
      11       80.960388
      12       107.24629
      13   998.69
 
       1       15.977280
       2       14.674549
       3       10.712994
       4       7.6977034
       5       8.8323122
       6       6.2134527
       7       6.7108786
       8       6.6647672
       9       6.4562436
      10       6.3414895
      11       9.1551349
      12       13.196560
      13   112.63
 
       1       18.346915
       2       16.689830
       3       11.273554
       4       9.8806086
       5       12.344821
       6       11.880855
       7       16.357129
       8       14.495927
       9       9.8246474
      10       5.4319846
      11       9.6378192
      12       14.625373
      13   150.79
 
       1       14.832853
       2       15.889959
       3       13.818326
       4       13.261086
       5       17.335019
       6       12.121367
       7       21.377576
       8       23.554565
       9       19.496951
      10       13.943819
      11       15.518958
      12       16.630843
      13   197.78
 
       1       12.668459
       2       15.337020
       3       15.445944
       4       15.064770
       5       18.982975
       6       14.233761
       7       17.181943
       8       15.989299
       9       12.561252
      10       9.0112862
      11       9.6819327
      12       10.697483
      13    13.90
 
       1 0.0
       2 0.0
       3 0.0
       4 0.0
       5 0.0
       6 0.0
       7 0.0
       8 0.0
       9 0.0
      10 0.0
      11 0.0
      12 0.0
      13 0.0
 
       1      0.17405497
       2      0.21343390
       3      0.20754818
       4      0.19700653
       5      0.24832350
       6      0.18343322
       7      0.21862109
       8      0.20485844
       9      0.16269450
      10      0.11533000
      11      0.12910794
      12      0.14699502
      13   0.1835
 
       1      0.88911490
       2      0.89075229
       3      0.89087097
       4      0.88928363
       5      0.88756051
       6      0.88649711
       7      0.88868619
       8      0.88864904
       9      0.88800983
      10      0.88801964
      11      0.88918271
      12      0.88951503
      13   0.8888
 
       1     0.019908323
       2     0.024189309
       3     0.024115291
       4     0.023291281
       5     0.029309609
       6     0.021896707
       7     0.026125342
       8     0.024433549
       9     0.019348799
      10     0.013888122
      11     0.015118007
      12     0.016852638
      13   0.0215
 
       1      0.73838466
       2      0.76282680
       3      0.74701266
       4      0.76889824
       5      0.88242557
       6      0.83721506
       7      0.81359591
       8      0.83386232
       9      0.80790329
      10      0.71283889
      11      0.72007736
      12      0.71868244
      13   0.7786
 
