       1       7.6569587
       2       9.3725857
       3       20.716017
       4       25.584406
       5       35.036485
       6       44.029759
       7       39.821302
       8       24.263677
       9       15.330764
      10       12.067899
      11       10.620732
      12       7.0838259
      13   251.58
 
       1       5.5883659
       2       6.8312943
       3       12.646271
       4       16.507803
       5       19.270722
       6       22.102886
       7       20.821835
       8       13.472579
       9       9.1446534
      10       7.8293410
      11       7.3344113
      12       5.7416761
      13   147.29
 
       1      0.71315673
       2       1.0652338
       3       1.9436232
       4       3.3352852
       5       3.1248328
       6       2.6657417
       7       2.9048777
       8       1.8477243
       9       1.3077402
      10       1.1340077
      11       1.0032648
      12      0.79153970
      13    21.84
 
       1      0.72509064
       2       1.4316035
       3       2.3789302
       4       4.7146245
       5       5.3027942
       6       13.631395
       7       13.680593
       8       5.4845746
       9       2.4572078
      10       1.1015218
      11      0.67774080
      12       1.0077048
      13    52.59
 
       1      0.14730479
       2      0.44972485
       3       1.4641264
       4       3.3534064
       5       4.1066072
       6       5.4658267
       7       6.8616861
       8       3.5621388
       9       2.1876124
      10      0.49045435
      11      0.26478131
      12      0.21333857
      13    28.57
 
       1      0.61713932
       2       1.4088647
       3       2.3692220
       4       4.8340816
       5       4.1262300
       6       3.4464477
       7       3.3086661
       8       1.9186964
       9       1.4759018
      10      0.98163844
      11      0.69579695
      12      0.66571605
      13     2.15
 
       1 0.0
       2 0.0
       3 0.0
       4 0.0
       5 0.0
       6 0.0
       7 0.0
       8 0.0
       9 0.0
      10 0.0
      11 0.0
      12 0.0
      13 0.0
 
       1     0.016032479
       2     0.037231209
       3     0.060584078
       4      0.12634897
       5      0.10465084
       6     0.080430754
       7     0.076228217
       8     0.043707066
       9     0.035128213
      10     0.024544201
      11     0.018446529
      12     0.018681016
      13   0.0535
 
       1      0.92468812
       2      0.92394936
       3      0.92391401
       4      0.92357697
       5      0.92362712
       6      0.92212035
       7      0.92183618
       8      0.92111029
       9      0.92158491
      10      0.92342956
      11      0.92542084
      12      0.92745118
      13   0.9236
 
       1    0.0012657487
       2    0.0028888737
       3    0.0047496859
       4    0.0098050445
       5    0.0082060530
       6    0.0065561142
       7    0.0062801742
       8    0.0036379318
       9    0.0028707866
      10    0.0019555904
      11    0.0014290396
      12    0.0014022754
      13   0.0043
 
       1      0.82356873
       2      0.89491019
       3      0.93166935
       4      0.98118477
       5      0.98222443
       6      0.98279215
       7      0.97306795
       8      0.96638818
       9      0.97107387
      10      0.95265870
      11      0.94329156
      12      0.93140410
      13   0.9445
 
