       1       9.7632160
       2       9.6768651
       3       15.149027
       4       23.735838
       5       41.233635
       6       45.561211
       7       40.274909
       8       27.911497
       9       21.460126
      10       11.140385
      11       5.5134395
      12       6.0378684
      13   257.46
 
       1       6.3735159
       2       6.8498026
       3       10.536476
       4       14.329486
       5       22.043734
       6       22.793024
       7       20.305051
       8       15.475664
       9       12.282590
      10       7.4874802
      11       4.3701716
      12       4.7636430
      13   147.61
 
       1      0.76647771
       2       1.1120573
       3       2.1342720
       4       2.6768955
       5       3.5779453
       6       2.8627677
       7       2.5821814
       8       2.1561086
       9       1.5839320
      10       1.2569653
      11      0.67761171
      12      0.64497383
      13    22.03
 
       1      0.66046583
       2       1.3698129
       3       3.1563048
       4       4.0531381
       5       6.2505573
       6       12.771266
       7       12.942625
       8       7.9149806
       9       4.0166062
      10       1.0933583
      11      0.65392728
      12      0.79116634
      13    55.67
 
       1      0.23287856
       2      0.90051135
       3       2.3315536
       4       3.3851297
       5       4.4991614
       6       6.6132210
       7       5.9665864
       8       4.8389835
       9       2.1881122
      10      0.42189569
      11      0.14819858
      12     0.093681834
      13    31.62
 
       1      0.66041699
       2       1.5831146
       3       2.9569672
       4       3.8080772
       5       4.3740717
       6       3.9904743
       7       3.1548396
       8       2.4918991
       9       1.8093652
      10       1.3267295
      11      0.75815606
      12      0.58474371
      13     2.29
 
       1 0.0
       2 0.0
       3 0.0
       4 0.0
       5 0.0
       6 0.0
       7 0.0
       8 0.0
       9 0.0
      10 0.0
      11 0.0
      12 0.0
      13 0.0
 
       1     0.014368180
       2     0.035495152
       3     0.063594814
       4     0.078641696
       5     0.091234545
       6     0.079281343
       7     0.059786276
       8     0.046975009
       9     0.035286678
      10     0.028511923
      11     0.016443162
      12     0.012806034
      13   0.0469
 
       1      0.87403242
       2      0.87345487
       3      0.86989722
       4      0.86624849
       5      0.86959726
       6      0.86879984
       7      0.86616785
       8      0.86324703
       9      0.86438768
      10      0.86985683
      11      0.87054672
      12      0.87270740
      13   0.8691
 
       1    0.0019035900
       2    0.0046106232
       3    0.0084865007
       4     0.010712265
       5     0.012278780
       6     0.010899983
       7    0.0084585050
       8    0.0067036194
       9    0.0049548524
      10    0.0038073036
      11    0.0022092491
      12    0.0017078022
      13   0.0064
 
       1      0.83683857
       2      0.87164906
       3      0.92143525
       4      0.97381283
       5      0.98233452
       6      0.98266743
       7      0.97751952
       8      0.97584824
       9      0.97959938
      10      0.96633844
      11      0.91825538
      12      0.88891422
      13   0.9396
 
