       1       9.4962493
       2       12.036755
       3       23.087980
       4       20.581415
       5       35.952726
       6       40.348444
       7       43.627901
       8       33.116240
       9       20.297491
      10       13.373693
      11       6.2441140
      12       8.5057974
      13   266.67
 
       1       6.3378561
       2       8.0302594
       3       14.260247
       4       12.858284
       5       19.160396
       6       21.706951
       7       24.031660
       8       18.294583
       9       11.718656
      10       8.3792568
      11       4.8284050
      12       6.3319643
      13   155.94
 
       1      0.77625380
       2       1.1232580
       3       2.1777965
       4       2.6936832
       5       2.8897567
       6       2.7304701
       7       3.1226239
       8       2.4911937
       9       1.5655925
      10       1.0928530
      11      0.70270351
      12      0.77142893
      13    22.14
 
       1      0.78872880
       2      0.98591667
       3       3.8044689
       4       3.7208203
       5       5.3936498
       6       9.4074621
       7       13.781033
       8       9.6485457
       9       4.7373540
      10       1.0394346
      11      0.83373716
      12      0.78086919
      13    54.92
 
       1      0.18136066
       2      0.33923602
       3       2.0793667
       4       2.9800447
       5       3.7377860
       6       4.6776263
       7       5.7765102
       8       4.6878359
       9       2.3652377
      10      0.61077244
      11      0.12412146
      12     0.052267964
      13    27.61
 
       1      0.61469495
       2       1.0674311
       3       2.9357190
       4       3.7414691
       5       3.7684797
       6       3.6875295
       7       3.7714938
       8       2.8952493
       9       1.8205430
      10       1.0996654
      11      0.66007196
      12      0.58726145
      13     2.22
 
       1 0.0
       2 0.0
       3 0.0
       4 0.0
       5 0.0
       6 0.0
       7 0.0
       8 0.0
       9 0.0
      10 0.0
      11 0.0
      12 0.0
      13 0.0
 
       1     0.016188838
       2     0.027386235
       3     0.075174503
       4     0.097771748
       5     0.095947652
       6     0.087984234
       7     0.087346004
       8     0.067487537
       9     0.043186769
      10     0.027658907
      11     0.017490921
      12     0.016180430
      13   0.0550
 
       1      0.92494061
       2      0.92383508
       3      0.92367239
       4      0.92384144
       5      0.92390225
       6      0.92240474
       7      0.92169735
       8      0.92132574
       9      0.92195766
      10      0.92471368
      11      0.92508319
      12      0.92661607
      13   0.9237
 
       1    0.0012587926
       2    0.0021559726
       3    0.0058905449
       4    0.0075652441
       5    0.0075085946
       6    0.0070967901
       7    0.0071661679
       8    0.0055379355
       9    0.0035247509
      10    0.0021968713
      11    0.0013621907
      12    0.0012304497
      13   0.0044
 
       1      0.90024321
       2      0.89033712
       3      0.89235515
       4      0.98301586
       5      0.98115971
       6      0.98011526
       7      0.97566292
       8      0.97256686
       9      0.97238412
      10      0.95481682
      11      0.90172065
      12      0.92577558
      13   0.9442
 
