       1       142.65527
       2       171.15145
       3       199.77173
       4       186.45010
       5       286.55819
       6       229.55973
       7       229.48332
       8       210.68829
       9       152.92318
      10       108.54375
      11       112.38076
      12       130.24335
      13  2160.41
 
       1       96.485470
       2       113.51409
       3       127.86429
       4       117.56705
       5       174.28973
       6       135.42663
       7       125.66453
       8       120.31397
       9       95.091788
      10       73.146672
      11       75.246113
      12       88.732357
      13  1343.34
 
       1       12.279020
       2       15.702151
       3       15.640264
       4       15.199941
       5       20.024175
       6       16.196480
       7       13.973242
       8       13.584878
       9       11.418806
      10       10.046204
      11       9.7858171
      12       11.588480
      13   165.44
 
       1       16.779680
       2       19.821864
       3       21.072030
       4       26.088113
       5       41.375624
       6       48.311223
       7       48.919607
       8       36.853074
       9       21.943849
      10       14.373242
      11       15.298470
      12       15.582644
      13   326.42
 
       1       13.688981
       2       17.449921
       3       19.651751
       4       22.935889
       5       41.806334
       6       45.810745
       7       43.449353
       8       44.071613
       9       31.793090
      10       17.977928
      11       13.357840
      12       12.065049
      13   324.06
 
       1       11.655477
       2       16.633531
       3       22.385503
       4       29.565622
       5       45.039620
       6       36.557569
       7       28.385621
       8       26.449219
       9       20.912865
      10       14.788566
      11       11.542367
      12       10.685543
      13    22.88
 
       1 0.0
       2 0.0
       3 0.0
       4 0.0
       5 0.0
       6 0.0
       7 0.0
       8 0.0
       9 0.0
      10 0.0
      11 0.0
      12 0.0
      13 0.0
 
       1     0.014322538
       2     0.020621563
       3     0.027471343
       4     0.036789355
       5     0.056265098
       6     0.044901742
       7     0.033237151
       8     0.031002415
       9     0.024820989
      10     0.017943687
      11     0.014091002
      12     0.013159739
      13   0.0279
 
       1      0.89737994
       2      0.89710454
       3      0.89667805
       4      0.89729922
       5      0.89576290
       6      0.89684766
       7      0.89864804
       8      0.89773683
       9      0.89614789
      10      0.89775623
      11      0.89833320
      12      0.89990494
      13   0.8975
 
       1    0.0016608462
       2    0.0023700592
       3    0.0031776933
       4    0.0042208686
       5    0.0064204329
       6    0.0051673640
       7    0.0039310719
       8    0.0036699792
       9    0.0029263771
      10    0.0020980889
      11    0.0016408317
      12    0.0015225077
      13   0.0032
 
       1      0.27537223
       2      0.30155691
       3      0.31681532
       4      0.37173444
       5      0.41535091
       6      0.42224251
       7      0.36132665
       8      0.34100728
       9      0.33917021
      10      0.33157295
      11      0.31394263
      12      0.28590309
      13   0.3397
 
