       1       35.854235
       2       21.190233
       3       27.758256
       4       21.786734
       5       24.301803
       6       21.437485
       7       17.491412
       8       15.285816
       9       11.584793
      10       16.486131
      11       16.615750
      12       23.767387
      13   253.56
 
       1       18.570103
       2       11.415611
       3       15.424888
       4       12.481119
       5       14.004457
       6       13.176992
       7       10.532739
       8       9.4328215
       9       7.1160191
      10       9.0087464
      11       8.9505454
      12       12.332712
      13   142.45
 
       1       2.9044341
       2       1.7175605
       3       2.4426890
       4       1.8514207
       5       1.8900839
       6       1.6704140
       7       1.2885657
       8       1.1535529
       9      0.93550331
      10       1.3161792
      11       1.3157555
      12       1.9245092
      13    20.41
 
       1       12.731403
       2       6.5332536
       3       8.3897374
       4       6.4532000
       5       7.0343778
       6       5.9357148
       7       5.4535839
       8       4.6658304
       9       3.3297576
      10       5.2817119
      11       5.1045536
      12       7.6895477
      13    78.60
 
       1       2.0787011
       2      0.82074091
       3       1.1788200
       4       1.0215972
       5      0.93046542
       6      0.79252347
       7      0.76008851
       8      0.89796033
       9      0.90047852
      10       1.2157452
      11       1.2526402
      12       1.6822191
      13    13.53
 
       1      0.51395198
       2      0.35373827
       3      0.45265057
       4      0.38606437
       5      0.42127172
       6      0.40272669
       7      0.31178687
       8      0.27758361
       9      0.20566943
      10      0.24274887
      11      0.23508528
      12      0.31848214
      13     0.34
 
       1 0.0
       2 0.0
       3 0.0
       4 0.0
       5 0.0
       6 0.0
       7 0.0
       8 0.0
       9 0.0
      10 0.0
      11 0.0
      12 0.0
      13 0.0
 
       1     0.018870866
       2     0.013184366
       3     0.017134450
       4     0.014993763
       5     0.016619720
       6     0.017018730
       7     0.012998963
       8     0.011709075
       9    0.0085637253
      10    0.0093247110
      11    0.0090233038
      12     0.012089477
      13   0.0135
 
       1       1.0000000
       2       1.0000000
       3       1.0000000
       4       1.0000000
       5       1.0000000
       6       1.0000000
       7       1.0000000
       8       1.0000000
       9       1.0000000
      10       1.0000000
      11       1.0000000
      12       1.0000000
      13   1.0000
 
       1       0.0000000
       2       0.0000000
       3       0.0000000
       4       0.0000000
       5       0.0000000
       6       0.0000000
       7       0.0000000
       8       0.0000000
       9       0.0000000
      10       0.0000000
      11       0.0000000
      12       0.0000000
      13   0.0000
 
       1      0.33674474
       2      0.19932863
       3      0.19614940
       4      0.18239346
       5      0.15461101
       6      0.10419809
       7      0.15458665
       8      0.16025395
       9      0.16149674
      10      0.24392369
      11      0.28239117
      12      0.31214008
      13   0.2074
 
