       1       13.192423
       2       9.2609276
       3       30.195146
       4       21.680247
       5       41.438077
       6       46.153249
       7       46.532709
       8       23.591570
       9       17.790376
      10       12.886286
      11       8.1325430
      12       6.8265540
      13   277.68
 
       1       7.7506892
       2       6.4578088
       3       18.062562
       4       14.280587
       5       21.896072
       6       23.914399
       7       24.751771
       8       13.486888
       9       10.271474
      10       8.6314121
      11       5.9890910
      12       5.4117712
      13   160.90
 
       1      0.86910579
       2      0.94274749
       3       3.1035699
       4       2.9891472
       5       3.2274510
       6       2.9764758
       7       3.2740477
       8       1.8405375
       9       1.2599350
      10       1.3294157
      11      0.88988254
      12      0.75548144
      13    23.46
 
       1      0.79074377
       2      0.79376582
       3       3.5276163
       4       4.5299520
       5       6.4548403
       6       12.598694
       7       15.301761
       8       5.2791119
       9       2.6077506
      10       1.2112733
      11       1.1786756
      12      0.86960411
      13    55.14
 
       1      0.15082625
       2      0.27692676
       3       2.1599055
       4       3.4605464
       5       4.2844820
       6       6.2305048
       7       6.5179119
       8       3.4517435
       9       2.0340305
      10      0.56510815
      11      0.10596458
      12      0.16857489
      13    29.41
 
       1      0.81463734
       2      0.82426167
       3       3.2935261
       4       4.1339894
       5       4.3156913
       6       3.9926451
       7       4.0950446
       8       2.0578371
       9       1.4433809
      10       1.4959525
      11      0.96093189
      12      0.60118794
      13     2.34
 
       1 0.0
       2 0.0
       3 0.0
       4 0.0
       5 0.0
       6 0.0
       7 0.0
       8 0.0
       9 0.0
      10 0.0
      11 0.0
      12 0.0
      13 0.0
 
       1     0.022043667
       2     0.021904463
       3     0.088872026
       4      0.11169187
       5      0.11480354
       6     0.097524436
       7     0.098258745
       8     0.048679561
       9     0.034702096
      10     0.040576025
      11     0.028594248
      12     0.017136360
      13   0.0604
 
       1      0.85303459
       2      0.84981257
       3      0.84874966
       4      0.84986070
       5      0.85027763
       6      0.84615698
       7      0.84733833
       8      0.84446397
       9      0.84336390
      10      0.85027684
      11      0.85652150
      12      0.85628693
      13   0.8497
 
       1    0.0033789585
       2    0.0034088464
       3     0.013588237
       4     0.017049509
       5     0.017569516
       6     0.015488712
       7     0.015748728
       8    0.0078996937
       9    0.0056247552
      10    0.0062125816
      11    0.0041987306
      12    0.0025822121
      13   0.0094
 
       1      0.82743057
       2      0.82446093
       3      0.95794737
       4      0.98262895
       5      0.98730364
       6      0.98519205
       7      0.97529990
       8      0.97596874
       9      0.98080212
      10      0.98172031
      11      0.96645472
      12      0.92936102
      13   0.9479
 
