       1       10.020068
       2       13.987447
       3       15.968220
       4       18.252792
       5       41.812814
       6       42.994808
       7       38.669159
       8       22.969536
       9       17.455660
      10       11.860619
      11       7.0485521
      12       6.9292162
      13   247.97
 
       1       7.1642358
       2       9.6417463
       3       10.637142
       4       11.343878
       5       22.422064
       6       23.667276
       7       20.872020
       8       13.194948
       9       10.202997
      10       7.7323028
      11       5.4082567
      12       5.2512532
      13   147.54
 
       1       1.0363410
       2       1.4258193
       3       1.9176053
       4       2.1663935
       5       3.0718845
       6       3.1582149
       7       2.9194095
       8       1.9098783
       9       1.3471612
      10       1.0725430
      11      0.85562374
      12      0.66372743
      13    21.54
 
       1       1.0807360
       2       1.6668309
       3       3.4412536
       4       4.4128650
       5       7.0449450
       6       10.964921
       7       10.047590
       8       4.8966857
       9       2.5594215
      10       1.1622041
      11      0.82462098
      12      0.78052508
      13    48.88
 
       1      0.21320855
       2      0.61725506
       3       1.6211441
       4       3.1510347
       5       4.0797591
       6       6.4683728
       7       5.8455085
       8       3.6120176
       9       1.8529052
      10      0.48198498
      11      0.22376816
      12      0.12354501
      13    28.29
 
       1      0.89723331
       2       1.6330957
       3       2.2905168
       4       2.9193051
       5       4.0448573
       6       4.0911417
       7       3.1342956
       8       2.0767789
       9       1.5182580
      10       1.1576878
      11      0.81085024
      12      0.57543968
      13     2.10
 
       1 0.0
       2 0.0
       3 0.0
       4 0.0
       5 0.0
       6 0.0
       7 0.0
       8 0.0
       9 0.0
      10 0.0
      11 0.0
      12 0.0
      13 0.0
 
       1     0.025264327
       2     0.044683229
       3     0.060529912
       4     0.077411935
       5      0.10293535
       6      0.10105498
       7     0.074042967
       8     0.048991852
       9     0.036547965
      10     0.030373643
      11     0.022586473
      12     0.015894188
      13   0.0534
 
       1      0.85245524
       2      0.84993350
       3      0.84793489
       4      0.84888923
       5      0.84692490
       6      0.84698468
       7      0.84638737
       8      0.84374720
       9      0.84387847
      10      0.84892341
      11      0.85316042
      12      0.85172185
      13   0.8484
 
       1    0.0038127656
       2    0.0068295965
       3    0.0094043808
       4     0.011988902
       5     0.016087321
       6     0.015971085
       7     0.011993056
       8    0.0079896178
       9    0.0059339565
      10    0.0047471071
      11    0.0034536943
      12    0.0024437117
      13   0.0084
 
       1      0.93752425
       2      0.95379576
       3      0.91260213
       4      0.96788453
       5      0.98505880
       6      0.98523801
       7      0.97755845
       8      0.98220280
       9      0.97806110
      10      0.96355906
      11      0.92407752
      12      0.90131023
      13   0.9557
 
