       1       176.88963
       2       159.89071
       3       207.66234
       4       185.54262
       5       243.57670
       6       217.26720
       7       228.34731
       8       183.26007
       9       146.27790
      10       116.79842
      11       121.64449
      12       155.03399
      13  2142.19
 
       1       118.61652
       2       108.26151
       3       136.02049
       4       115.96925
       5       150.16305
       6       125.55252
       7       128.23467
       8       107.53863
       9       90.925954
      10       77.307514
      11       80.808862
      12       106.63242
      13  1346.03
 
       1       15.569492
       2       14.705736
       3       18.312512
       4       14.105394
       5       16.703803
       6       14.673986
       7       14.017846
       8       12.548758
       9       11.092345
      10       9.9787646
      11       9.8039561
      12       13.867888
      13   165.38
 
       1       21.694821
       2       18.577204
       3       25.414330
       4       23.085979
       5       33.901703
       6       45.215060
       7       45.248989
       8       33.017148
       9       20.022940
      10       13.769810
      11       13.314591
      12       18.198372
      13   311.46
 
       1       18.416731
       2       16.412965
       3       23.977198
       4       20.523614
       5       35.329595
       6       40.762830
       7       43.810949
       8       38.402470
       9       27.880506
      10       18.860905
      11       15.197978
      12       17.715631
      13   317.29
 
       1       13.228872
       2       16.493264
       3       24.330403
       4       26.256727
       5       38.349348
       6       32.526227
       7       30.042230
       8       24.408996
       9       19.095990
      10       14.696199
      11       12.261300
      12       12.669966
      13    22.03
 
       1 0.0
       2 0.0
       3 0.0
       4 0.0
       5 0.0
       6 0.0
       7 0.0
       8 0.0
       9 0.0
      10 0.0
      11 0.0
      12 0.0
      13 0.0
 
       1     0.012788287
       2     0.016174237
       3     0.024035921
       4     0.025185876
       5     0.037607110
       6     0.031397425
       7     0.028091507
       8     0.022723492
       9     0.017542343
      10     0.013815988
      11     0.011645306
      12     0.012411575
      13   0.0211
 
       1      0.84313970
       2      0.84326036
       3      0.84326773
       4      0.84144997
       5      0.84163374
       6      0.84328140
       7      0.84377758
       8      0.84551552
       9      0.84382960
      10      0.84395750
      11      0.84535482
      12      0.84566412
      13   0.8437
 
       1    0.0022403236
       2    0.0028149253
       3    0.0041508953
       4    0.0044396419
       5    0.0065177759
       6    0.0054766670
       7    0.0049781096
       8    0.0040499570
       9    0.0031619238
      10    0.0024677852
      11    0.0020708666
      12    0.0021595720
      13   0.0037
 
       1      0.25879201
       2      0.26862119
       3      0.31072783
       4      0.33287250
       5      0.37701565
       6      0.39088082
       7      0.35500882
       8      0.32911867
       9      0.31764691
      10      0.29178312
      11      0.27739617
      12      0.27453297
      13   0.3154
 
