       1       119.54345
       2       179.93129
       3       149.84911
       4       159.74159
       5       164.09267
       6       125.41418
       7       141.58905
       8       154.12966
       9       124.24088
      10       86.488332
      11       145.64843
      12       102.74135
      13  1653.41
 
       1       80.616885
       2       119.83458
       3       94.236245
       4       104.12235
       5       100.94490
       6       74.402662
       7       79.489847
       8       87.379081
       9       77.256051
      10       57.491844
      11       100.00033
      12       70.140429
      13  1045.92
 
       1       10.372662
       2       15.024250
       3       11.083309
       4       11.266446
       5       9.3810650
       6       7.1078489
       7       7.2866811
       8       7.8076891
       9       7.9814708
      10       6.8100765
      11       12.020532
      12       8.4448331
      13   114.59
 
       1       12.294142
       2       15.766634
       3       13.306619
       4       15.218889
       5       12.023865
       6       13.490633
       7       17.598142
       8       16.552495
       9       12.560148
      10       6.5337271
      11       14.350302
      12       10.895834
      13   160.59
 
       1       9.3753132
       2       18.577282
       3       14.475878
       4       17.875539
       5       19.647237
       6       18.334455
       7       23.686954
       8       28.057889
       9       27.340007
      10       14.421390
      11       20.659103
      12       11.333300
      13   223.78
 
       1       8.4840801
       2       14.822453
       3       14.076666
       4       22.433963
       5       23.635978
       6       20.509713
       7       18.844284
       8       20.031566
       9       16.882475
      10       9.6569913
      11       12.940965
      12       7.6149207
      13    15.83
 
       1 0.0
       2 0.0
       3 0.0
       4 0.0
       5 0.0
       6 0.0
       7 0.0
       8 0.0
       9 0.0
      10 0.0
      11 0.0
      12 0.0
      13 0.0
 
       1      0.11504099
       2      0.20401328
       3      0.18683758
       4      0.30427924
       5      0.31628919
       6      0.27447859
       7      0.24234631
       8      0.25828361
       9      0.22109063
      10      0.12701215
      11      0.17667729
      12      0.10348194
      13   0.2108
 
       1      0.88843067
       2      0.88908348
       3      0.88847244
       4      0.88931536
       5      0.88933443
       6      0.88894274
       7      0.88820270
       8      0.88876276
       9      0.88971656
      10      0.89035069
      11      0.89198846
      12      0.89051320
      13   0.8894
 
       1     0.013328437
       2     0.023272149
       3     0.021853932
       4     0.035126977
       5     0.036741420
       6     0.031953907
       7     0.028767144
       8     0.030608958
       9     0.026038895
      10     0.015016094
      11     0.020338610
      12     0.011976104
      13   0.0246
 
       1      0.68443536
       2      0.77378561
       3      0.76834699
       4      0.85080137
       5      0.84661507
       6      0.88437150
       7      0.86828906
       8      0.84641673
       9      0.81463352
      10      0.72666221
      11      0.70794273
      12      0.70114000
      13   0.7895
 
