       1       85.260280
       2       102.35054
       3       89.428032
       4       119.94999
       5       131.12091
       6       108.50599
       7       118.88084
       8       118.11801
       9       102.54831
      10       71.821210
      11       154.95633
      12       92.742399
      13  1295.68
 
       1       56.958217
       2       68.833088
       3       57.847687
       4       75.732966
       5       81.429630
       6       65.772167
       7       67.985113
       8       69.250456
       9       65.154710
      10       49.682392
      11       102.83412
      12       66.567099
      13   828.05
 
       1       6.3269025
       2       7.8634219
       3       6.8966487
       4       8.3327808
       5       8.7532788
       6       7.1936046
       7       6.5806560
       8       7.1878555
       9       7.6625510
      10       6.7337083
      11       11.801897
      12       8.9463283
      13    94.28
 
       1       6.3288490
       2       7.2781237
       3       7.8855289
       4       10.455411
       5       10.777308
       6       13.200594
       7       15.314325
       8       13.376592
       9       9.9784398
      10       6.6281977
      11       12.483009
      12       10.357945
      13   124.06
 
       1       6.4666668
       2       7.5947407
       3       8.5128993
       4       11.984581
       5       14.293883
       6       15.725516
       7       18.595580
       8       22.684739
       9       20.315369
      10       14.586095
      11       20.633611
      12       10.330425
      13   171.72
 
       1       5.9719728
       2       9.9956597
       3       9.2233700
       4       14.944509
       5       18.560852
       6       16.594183
       7       14.870720
       8       14.900937
       9       13.231859
      10       9.3096471
      11       12.350797
      12       7.4791080
      13    12.29
 
       1 0.0
       2 0.0
       3 0.0
       4 0.0
       5 0.0
       6 0.0
       7 0.0
       8 0.0
       9 0.0
      10 0.0
      11 0.0
      12 0.0
      13 0.0
 
       1     0.059879061
       2      0.10310799
       3     0.093588553
       4      0.14904451
       5      0.18749504
       6      0.16462593
       7      0.14440073
       8      0.14615534
       9      0.13001291
      10     0.092045020
      11      0.12691452
      12     0.077728496
      13   0.1229
 
       1      0.93334212
       2      0.93315452
       3      0.93238865
       4      0.93164440
       5      0.93247376
       6      0.93137155
       7      0.93255561
       8      0.93281622
       9      0.93241462
      10      0.93299958
      11      0.93395715
      12      0.93292729
      13   0.9327
 
       1    0.0043659370
       2    0.0073369211
       3    0.0067429652
       4     0.010841863
       5     0.013512678
       6     0.012028722
       7     0.010686592
       8     0.010743026
       9    0.0095605549
      10    0.0067763737
      11    0.0090323431
      12    0.0055028365
      13   0.0089
 
       1      0.60725696
       2      0.67084391
       3      0.73354828
       4      0.75307313
       5      0.75376938
       6      0.81852804
       7      0.76877622
       8      0.78255497
       9      0.77148481
      10      0.70093425
      11      0.71741787
      12      0.66649257
      13   0.7287
 
