       1       10.502494
       2       20.496166
       3       17.841601
       4       20.171383
       5       37.945745
       6       46.368755
       7       45.004733
       8       35.595708
       9       19.853984
      10       12.487817
      11       8.4059030
      12       10.502152
      13   285.18
 
       1       7.4623615
       2       11.864516
       3       11.775691
       4       12.362906
       5       19.598191
       6       22.832438
       7       23.181920
       8       19.860539
       9       11.438868
      10       8.3127137
      11       6.0148399
      12       6.8826896
      13   161.59
 
       1      0.97656093
       2       1.5011606
       3       2.1805350
       4       2.2621923
       5       2.6991372
       6       2.6111047
       7       2.9663400
       8       2.6892747
       9       1.4874918
      10       1.2110864
      11      0.90073160
      12      0.90193432
      13    22.39
 
       1      0.84103410
       2      0.96989619
       3       2.0485282
       4       3.6998556
       5       5.7655657
       6       12.661549
       7       14.306139
       8       9.2861226
       9       3.8270028
      10       1.0797414
      11      0.83144187
      12       1.1129669
      13    56.43
 
       1      0.29210817
       2      0.59054992
       3       1.4304707
       4       2.6623756
       5       4.1163277
       6       5.6498503
       7       5.7347887
       8       4.6618497
       9       2.3373801
      10      0.63534729
      11      0.23450345
      12      0.39106307
      13    28.74
 
       1      0.75285794
       2       1.6395247
       3       2.6146729
       4       2.8398973
       5       3.2234958
       6       3.4765268
       7       3.5685108
       8       3.1077675
       9       1.7997994
      10       1.2388474
      11      0.84300274
      12      0.68387674
      13     2.15
 
       1 0.0
       2 0.0
       3 0.0
       4 0.0
       5 0.0
       6 0.0
       7 0.0
       8 0.0
       9 0.0
      10 0.0
      11 0.0
      12 0.0
      13 0.0
 
       1     0.016389494
       2     0.034141979
       3     0.056106711
       4     0.057962987
       5     0.063306620
       6     0.066093668
       7     0.068051378
       8     0.059665483
       9     0.034453438
      10     0.025499903
      11     0.018812062
      12     0.014538150
      13   0.0429
 
       1      0.87079043
       2      0.87011232
       3      0.86919793
       4      0.86620840
       5      0.86595175
       6      0.86306778
       7      0.86435266
       8      0.86774097
       9      0.86404688
      10      0.86844737
      11      0.87311062
      12      0.87299363
      13   0.8680
 
       1    0.0021799632
       2    0.0046272360
       3    0.0074800093
       4    0.0079518739
       5    0.0088042309
       6    0.0092941690
       7    0.0095774819
       8    0.0084068978
       9    0.0049037194
      10    0.0035079697
      11    0.0024619384
      12    0.0019701978
      13   0.0059
 
       1      0.86558908
       2      0.88678659
       3      0.95270622
       4      0.96764339
       5      0.98208677
       6      0.97718614
       7      0.97659016
       8      0.95239348
       9      0.97765041
      10      0.95731880
      11      0.94987502
      12      0.81454394
      13   0.9384
 
