       1       128.66356
       2       132.17578
       3       180.61458
       4       129.95018
       5       197.05290
       6       150.41145
       7       145.00796
       8       110.12846
       9       93.476404
      10       73.255034
      11       64.925092
      12       125.72555
      13  1531.39
 
       1       86.778786
       2       86.977242
       3       117.81150
       4       80.082705
       5       118.71647
       6       91.821055
       7       82.455297
       8       63.879475
       9       58.937375
      10       50.212517
      11       43.900342
      12       86.673349
      13   968.25
 
       1       10.594503
       2       10.938007
       3       12.682971
       4       8.0953417
       5       10.289550
       6       8.5529587
       7       7.3112256
       8       6.2674462
       9       6.1684124
      10       6.2695135
      11       4.7780103
      12       10.546559
      13   102.49
 
       1       10.950133
       2       13.936794
       3       15.788994
       4       10.916274
       5       16.769773
       6       15.134764
       7       18.378163
       8       11.251097
       9       9.5007408
      10       6.5096892
      11       5.0088155
      12       12.465708
      13   146.61
 
       1       9.1550475
       2       12.438829
       3       15.708975
       4       12.998991
       5       22.558376
       6       21.602113
       7       25.948746
       8       20.563149
       9       17.999237
      10       15.527429
      11       7.8626936
      12       11.506589
      13   193.87
 
       1       8.7513063
       2       12.007331
       3       19.784230
       4       15.325141
       5       26.337964
       6       25.834790
       7       20.238030
       8       14.415981
       9       12.257803
      10       9.0300945
      11       5.4628472
      12       8.6198218
      13    14.84
 
       1 0.0
       2 0.0
       3 0.0
       4 0.0
       5 0.0
       6 0.0
       7 0.0
       8 0.0
       9 0.0
      10 0.0
      11 0.0
      12 0.0
      13 0.0
 
       1     0.092488014
       2      0.12947331
       3      0.21351267
       4      0.16055354
       5      0.27726790
       6      0.27669761
       7      0.20792187
       8      0.14394412
       9      0.12325264
      10     0.090620753
      11     0.054029897
      12     0.091399262
      13   0.1551
 
       1      0.82827050
       2      0.83045001
       3      0.83425870
       4      0.83452284
       5      0.83165452
       6      0.83362157
       7      0.83182961
       8      0.82927055
       9      0.82927380
      10      0.82973965
      11      0.82792065
      12      0.83099536
      13   0.8310
 
       1     0.016309113
       2     0.022484096
       3     0.036953211
       4     0.028413593
       5     0.048794461
       6     0.048205990
       7     0.037075028
       8     0.026138181
       9     0.022376305
      10     0.016570681
      11     0.010001690
      12     0.016087618
      13   0.0275
 
       1      0.65930270
       2      0.68817991
       3      0.75496422
       4      0.74099395
       5      0.85091465
       6      0.87742576
       7      0.85091683
       8      0.77608646
       9      0.77646162
      10      0.67955628
      11      0.59637544
      12      0.70687675
      13   0.7465
 
