       1       456.49247
       2       452.44989
       3       491.37225
       4       440.92670
       5       484.51539
       6       478.45699
       7       512.52929
       8       530.41760
       9       454.45774
      10       474.86475
      11       454.00672
      12       412.02695
      13  5642.52
 
       1       274.97683
       2       273.69846
       3       303.12475
       4       273.63830
       5       292.81151
       6       286.87790
       7       313.06581
       8       324.45072
       9       279.87845
      10       295.00063
      11       281.81384
      12       252.50229
      13  3451.84
 
       1       35.061404
       2       35.701990
       3       37.781917
       4       33.327149
       5       36.417826
       6       36.341930
       7       38.602447
       8       40.258561
       9       34.864082
      10       35.535817
      11       34.192098
      12       31.371340
      13   429.46
 
       1       125.12560
       2       122.14393
       3       128.53958
       4       114.03776
       5       129.37584
       6       128.48708
       7       135.87961
       8       138.38689
       9       118.51556
      10       124.80584
      11       119.32879
      12       109.77512
      13  1494.40
 
       1       20.635852
       2       20.743679
       3       21.254787
       4       21.017180
       5       25.989435
       6       26.283409
       7       25.141473
       8       25.821380
       9       21.572172
      10       21.369596
      11       19.292482
      12       18.209084
      13   267.33
 
       1       5.6028803
       2       6.2168891
       3       5.9437471
       4       5.5316988
       5       5.8189753
       6       6.0484402
       7       6.2326008
       8       6.5106661
       9       5.7938650
      10       5.6629125
      11       5.6021786
      12       4.9788260
      13     5.83
 
       1 0.0
       2 0.0
       3 0.0
       4 0.0
       5 0.0
       6 0.0
       7 0.0
       8 0.0
       9 0.0
      10 0.0
      11 0.0
      12 0.0
      13 0.0
 
       1     0.022923942
       2     0.025663257
       3     0.024755556
       4     0.023081544
       5     0.023575629
       6     0.024231999
       7     0.025510534
       8     0.026964004
       9     0.023958469
      10     0.023681264
      11     0.023348898
      12     0.020626542
      13   0.0240
 
       1       1.0000000
       2       1.0000000
       3       1.0000000
       4       1.0000000
       5       1.0000000
       6       1.0000000
       7       1.0000000
       8       1.0000000
       9       1.0000000
      10       1.0000000
      11       1.0000000
      12       1.0000000
      13   1.0000
 
       1       0.0000000
       2       0.0000000
       3       0.0000000
       4       0.0000000
       5       0.0000000
       6       0.0000000
       7       0.0000000
       8       0.0000000
       9       0.0000000
      10       0.0000000
      11       0.0000000
      12       0.0000000
      13   0.0000
 
       1      0.71551827
       2      0.67565992
       3      0.68263532
       4      0.64760632
       5      0.63788053
       6      0.62522475
       7      0.66558231
       8      0.68633254
       9      0.67309223
      10      0.70353998
      11      0.71854433
      12      0.70921402
      13   0.6784
 
