       1       102.10878
       2       125.69651
       3       171.17166
       4       134.63464
       5       131.70488
       6       130.35792
       7       140.73215
       8       129.35249
       9       127.64390
      10       69.980868
      11       116.47526
      12       159.41836
      13  1539.28
 
       1       70.041818
       2       82.647367
       3       107.24632
       4       88.498270
       5       81.914863
       6       76.721297
       7       78.763744
       8       75.284524
       9       80.353988
      10       48.339986
      11       76.840858
      12       110.57511
      13   977.23
 
       1       8.6814814
       2       10.001228
       3       11.938748
       4       10.193975
       5       8.7162419
       6       6.6174938
       7       7.0893960
       8       7.1487228
       9       7.9906224
      10       6.4764320
      11       8.3303774
      12       14.080498
      13   107.27
 
       1       7.9263315
       2       10.646381
       3       14.302423
       4       13.409270
       5       11.418185
       6       12.576804
       7       16.049160
       8       14.406350
       9       10.235680
      10       8.0536739
      11       9.7138289
      12       18.772336
      13   147.51
 
       1       8.1555434
       2       11.579661
       3       14.560584
       4       15.845406
       5       16.055128
       6       14.620422
       7       22.253085
       8       24.209082
       9       22.904360
      10       15.847222
      11       11.877700
      12       19.859788
      13   197.77
 
       1       7.7585119
       2       11.370650
       3       15.672742
       4       19.192688
       5       19.584170
       6       20.091744
       7       18.398893
       8       17.795842
       9       18.263922
      10       9.0440819
      11       9.8647884
      12       11.723242
      13    14.90
 
       1 0.0
       2 0.0
       3 0.0
       4 0.0
       5 0.0
       6 0.0
       7 0.0
       8 0.0
       9 0.0
      10 0.0
      11 0.0
      12 0.0
      13 0.0
 
       1      0.10298104
       2      0.15431049
       3      0.20974592
       4      0.25786247
       5      0.25737400
       6      0.25901742
       7      0.23452225
       8      0.22741025
       9      0.23921775
      10      0.11760543
      11      0.12894490
      12      0.16049011
      13   0.1958
 
       1      0.88063698
       2      0.88283958
       3      0.88109410
       4      0.88263465
       5      0.88169014
       6      0.87990063
       7      0.88171091
       8      0.88169343
       9      0.88185986
      10      0.88292315
      11      0.88213600
      12      0.88240394
      13   0.8818
 
       1     0.012759515
       2     0.018787771
       3     0.025691033
       4     0.031561185
       5     0.031950194
       6     0.032353632
       7     0.029424266
       8     0.028544000
       9     0.029683736
      10     0.014736090
      11     0.016094847
      12     0.019449523
      13   0.0243
 
       1      0.69603148
       2      0.74476849
       3      0.79355493
       4      0.83448337
       5      0.82343801
       6      0.86669982
       7      0.81822968
       8      0.80936672
       9      0.81817398
      10      0.73730456
      11      0.69653418
      12      0.70546412
      13   0.7787
 
