       1       5.8049806
       2       14.303769
       3       20.023138
       4       22.022285
       5       38.836772
       6       47.432701
       7       46.814363
       8       28.451327
       9       19.623418
      10       13.050287
      11       8.5092660
      12       7.0431470
      13   271.92
 
       1       4.3307457
       2       9.2977098
       3       12.270042
       4       13.178003
       5       20.893345
       6       24.384293
       7       24.263246
       8       15.758622
       9       11.565645
      10       8.4596330
      11       6.1765728
      12       5.3898741
      13   155.97
 
       1      0.53712383
       2       1.2618118
       3       1.9571034
       4       2.2830727
       5       3.1022599
       6       3.0765861
       7       3.1827324
       8       2.1725125
       9       1.5367036
      10       1.1888342
      11      0.92135254
      12      0.70206637
      13    21.92
 
       1      0.63228625
       2       1.2142744
       3       2.6226840
       4       3.4228051
       5       4.6319660
       6       13.283042
       7       16.599302
       8       6.7752621
       9       2.3344002
      10      0.94368297
      11       1.4882115
      12      0.73996616
      13    54.69
 
       1      0.12688929
       2      0.64888514
       3       1.0573833
       4       2.8149139
       5       3.9665629
       6       6.8658403
       7       6.1594306
       8       4.0616644
       9       1.7649479
      10      0.41376891
      11      0.35502095
      12      0.16852037
      13    28.40
 
       1      0.53007378
       2       1.6710102
       3       2.1985656
       4       2.9482861
       5       4.1034125
       6       3.8592602
       7       3.7456459
       8       2.3901310
       9       1.7322471
      10       1.2212527
      11      0.92072274
      12      0.56406376
      13     2.16
 
       1 0.0
       2 0.0
       3 0.0
       4 0.0
       5 0.0
       6 0.0
       7 0.0
       8 0.0
       9 0.0
      10 0.0
      11 0.0
      12 0.0
      13 0.0
 
       1     0.011063686
       2     0.034451565
       3     0.045309369
       4     0.059106488
       5     0.083547491
       6     0.073778219
       7     0.070162412
       8     0.044324767
       9     0.033473501
      10     0.025873876
      11     0.019471380
      12     0.011982471
      13   0.0427
 
       1      0.93118038
       2      0.93084648
       3      0.93085733
       4      0.92936974
       5      0.93088664
       6      0.92824296
       7      0.92842636
       8      0.92750847
       9      0.92865697
      10      0.93219848
      11      0.93282797
      12      0.93425820
      13   0.9304
 
       1   0.00079700501
       2    0.0024769842
       3    0.0032476730
       4    0.0043154329
       5    0.0060148279
       6    0.0055194506
       7    0.0053301113
       8    0.0034078749
       9    0.0025047364
      10    0.0018228592
      11    0.0013813269
      12   0.00085100950
      13   0.0031
 
       1      0.82288570
       2      0.87979974
       3      0.92815834
       4      0.96506534
       5      0.97969259
       6      0.97952602
       7      0.96884766
       8      0.96977203
       9      0.97616973
      10      0.95427690
      11      0.91063222
      12      0.85338633
      13   0.9324
 
