       1       497.48162
       2       479.69639
       3       503.09442
       4       478.71811
       5       471.69817
       6       505.40512
       7       522.16045
       8       555.63947
       9       502.67310
      10       459.12206
      11       451.51159
      12       478.01954
      13  5905.22
 
       1       298.73361
       2       292.53705
       3       308.14760
       4       297.28390
       5       293.52814
       6       306.30727
       7       317.57593
       8       342.48286
       9       312.07590
      10       285.23677
      11       279.39142
      12       288.94078
      13  3622.24
 
       1       38.732192
       2       37.595569
       3       38.816752
       4       36.327723
       5       35.463278
       6       38.292400
       7       39.706082
       8       41.607016
       9       38.534680
      10       34.617055
      11       33.863305
      12       36.282273
      13   449.84
 
       1       136.40112
       2       128.14103
       3       133.75455
       4       123.45906
       5       120.26046
       6       134.47372
       7       139.30681
       8       147.01531
       9       129.55629
      10       118.77572
      11       117.47571
      12       130.58728
      13  1559.21
 
       1       23.212965
       2       21.770344
       3       22.230173
       4       22.821731
       5       22.550730
       6       25.336464
       7       25.989054
       8       24.513528
       9       22.131911
      10       21.480308
      11       20.407255
      12       21.124694
      13   273.57
 
       1       6.0440649
       2       6.4845322
       3       6.1649739
       4       5.8184271
       5       5.5882526
       6       6.4500171
       7       6.4316990
       8       6.8000719
       9       6.2888852
      10       5.5115114
      11       5.6011504
      12       5.8017875
      13     6.08
 
       1 0.0
       2 0.0
       3 0.0
       4 0.0
       5 0.0
       6 0.0
       7 0.0
       8 0.0
       9 0.0
      10 0.0
      11 0.0
      12 0.0
      13 0.0
 
       1     0.024952145
       2     0.027046941
       3     0.025655341
       4     0.024526299
       5     0.023224648
       6     0.026189774
       7     0.026169690
       8     0.028083113
       9     0.026329061
      10     0.023087190
      11     0.023524416
      12     0.023873505
      13   0.0252
 
       1       1.0000000
       2       1.0000000
       3       1.0000000
       4       1.0000000
       5       1.0000000
       6       1.0000000
       7       1.0000000
       8       1.0000000
       9       1.0000000
      10       1.0000000
      11       1.0000000
      12       1.0000000
      13   1.0000
 
       1       0.0000000
       2       0.0000000
       3       0.0000000
       4       0.0000000
       5       0.0000000
       6       0.0000000
       7       0.0000000
       8       0.0000000
       9       0.0000000
      10       0.0000000
      11       0.0000000
      12       0.0000000
      13   0.0000
 
       1      0.72714418
       2      0.72469016
       3      0.69126311
       4      0.67010270
       5      0.64030157
       6      0.61318187
       7      0.64234951
       8      0.68115609
       9      0.69527009
      10      0.70194354
      11      0.72263003
      12      0.72252017
      13   0.6860
 
