       1       482.09574
       2       451.45141
       3       489.08406
       4       484.40152
       5       538.23035
       6       484.94489
       7       544.86062
       8       513.98263
       9       468.36774
      10       452.12408
      11       432.38460
      12       488.98819
      13  5830.92
 
       1       292.39259
       2       271.33796
       3       301.90034
       4       296.94171
       5       334.09765
       6       292.75418
       7       328.24110
       8       314.82953
       9       289.13269
      10       281.06041
      11       265.90625
      12       294.93946
      13  3563.53
 
       1       37.164527
       2       35.311825
       3       37.966451
       4       36.450496
       5       40.374709
       6       36.699152
       7       40.956151
       8       39.715557
       9       36.612578
      10       34.312132
      11       32.089749
      12       36.921830
      13   444.58
 
       1       131.48212
       2       122.90678
       3       128.98462
       4       127.07360
       5       139.30581
       6       129.73222
       7       147.59048
       8       134.81485
       9       120.88552
      10       117.80757
      11       115.83210
      12       133.45377
      13  1549.87
 
       1       21.108562
       2       20.234661
       3       22.584407
       4       23.410659
       5       24.815035
       6       25.191598
       7       26.528056
       8       25.421325
       9       22.272268
      10       19.828737
      11       18.880445
      12       22.001514
      13   272.28
 
       1       5.8223970
       2       6.2036551
       3       5.9969362
       4       5.8852767
       5       6.3423177
       6       6.1682274
       7       6.6724503
       8       6.4555051
       9       6.0526406
      10       5.5081506
      11       5.3114247
      12       5.8451787
      13     6.02
 
       1 0.0
       2 0.0
       3 0.0
       4 0.0
       5 0.0
       6 0.0
       7 0.0
       8 0.0
       9 0.0
      10 0.0
      11 0.0
      12 0.0
      13 0.0
 
       1     0.024299907
       2     0.025651348
       3     0.025067859
       4     0.024390644
       5     0.026460743
       6     0.024892426
       7     0.027085663
       8     0.026448615
       9     0.025356605
      10     0.022877921
      11     0.022021846
      12     0.024078568
      13   0.0249
 
       1       1.0000000
       2       1.0000000
       3       1.0000000
       4       1.0000000
       5       1.0000000
       6       1.0000000
       7       1.0000000
       8       1.0000000
       9       1.0000000
      10       1.0000000
      11       1.0000000
      12       1.0000000
      13   1.0000
 
       1       0.0000000
       2       0.0000000
       3       0.0000000
       4       0.0000000
       5       0.0000000
       6       0.0000000
       7       0.0000000
       8       0.0000000
       9       0.0000000
      10       0.0000000
      11       0.0000000
      12       0.0000000
      13   0.0000
 
       1      0.73045162
       2      0.73255161
       3      0.71201549
       4      0.66001460
       5      0.63093053
       6      0.61958716
       7      0.65276780
       8      0.68077843
       9      0.69268223
      10      0.71969365
      11      0.71746945
      12      0.72464287
      13   0.6895
 
