       1       486.47399
       2       442.55934
       3       462.99172
       4       480.48393
       5       493.38626
       6       495.67042
       7       529.15119
       8       498.62712
       9       451.12179
      10       451.25361
      11       448.04446
      12       469.36587
      13  5709.13
 
       1       292.47273
       2       266.53532
       3       285.04923
       4       292.65601
       5       304.52299
       6       300.72361
       7       319.49336
       8       300.96681
       9       281.86698
      10       277.74728
      11       277.25668
      12       286.85563
      13  3486.15
 
       1       37.074148
       2       34.231052
       3       35.834006
       4       35.955592
       5       36.759032
       6       37.182949
       7       40.478386
       8       38.148455
       9       34.417926
      10       34.120256
      11       33.645997
      12       35.657232
      13   433.51
 
       1       134.29983
       2       120.61271
       3       121.62326
       4       126.51078
       5       126.93969
       6       131.91948
       7       141.27614
       8       132.00368
       9       116.36029
      10       118.07416
      11       117.66397
      12       125.80991
      13  1513.09
 
       1       21.912454
       2       20.678859
       3       22.264048
       4       24.706641
       5       24.561243
       6       25.881819
       7       27.363252
       8       27.180624
       9       20.375539
      10       20.951471
      11       19.325734
      12       21.028429
      13   276.23
 
       1       5.8585995
       2       6.1437380
       3       5.6187913
       4       5.7671109
       5       5.7894017
       6       6.1630329
       7       6.6013874
       8       6.0918370
       9       5.7215988
      10       5.5079865
      11       5.5134531
      12       5.7302924
      13     5.88
 
       1 0.0
       2 0.0
       3 0.0
       4 0.0
       5 0.0
       6 0.0
       7 0.0
       8 0.0
       9 0.0
      10 0.0
      11 0.0
      12 0.0
      13 0.0
 
       1     0.024099105
       2     0.025176726
       3     0.023612321
       4     0.023658128
       5     0.023952375
       6     0.025018811
       7     0.026718559
       8     0.024663631
       9     0.023871330
      10     0.022653411
      11     0.022889140
      12     0.023748537
      13   0.0242
 
       1       1.0000000
       2       1.0000000
       3       1.0000000
       4       1.0000000
       5       1.0000000
       6       1.0000000
       7       1.0000000
       8       1.0000000
       9       1.0000000
      10       1.0000000
      11       1.0000000
      12       1.0000000
      13   1.0000
 
       1       0.0000000
       2       0.0000000
       3       0.0000000
       4       0.0000000
       5       0.0000000
       6       0.0000000
       7       0.0000000
       8       0.0000000
       9       0.0000000
      10       0.0000000
      11       0.0000000
      12       0.0000000
      13   0.0000
 
       1      0.73694664
       2      0.71405255
       3      0.70565211
       4      0.66619376
       5      0.64709837
       6      0.63774586
       7      0.67019091
       8      0.69459191
       9      0.70378172
      10      0.69756516
      11      0.69962596
      12      0.70694670
      13   0.6900
 
