       1       10.840921
       2       8.4292764
       3       16.116153
       4       19.872868
       5       33.433811
       6       46.530582
       7       43.863287
       8       24.301909
       9       20.297713
      10       10.190686
      11       8.6107411
      12       7.3300473
      13   249.82
 
       1       7.6024077
       2       6.4417535
       3       11.106358
       4       12.503113
       5       18.055496
       6       23.270489
       7       22.839918
       8       13.656026
       9       11.621577
      10       7.0208743
      11       6.4779863
      12       5.4933111
      13   146.09
 
       1       1.1691462
       2       1.1103765
       3       2.0676598
       4       2.6134406
       5       2.7536022
       6       2.9016182
       7       2.9672726
       8       1.9215348
       9       1.4537388
      10       1.0514752
      11      0.90868170
      12      0.69620730
      13    21.61
 
       1       1.1635268
       2       1.0411071
       3       3.0587763
       4       3.4178334
       5       5.8041680
       6       14.249676
       7       14.886920
       8       5.8778681
       9       4.0044895
      10       1.1120965
      11      0.98184813
      12      0.74699827
      13    56.35
 
       1      0.28355872
       2      0.44526708
       3       1.9918673
       4       2.7805837
       5       3.3896978
       6       6.1328034
       7       6.2386000
       8       4.3767908
       9       2.2046000
      10      0.33530831
      11      0.15016298
      12      0.24120111
      13    28.57
 
       1       1.0067087
       2       1.4202411
       3       2.2680299
       4       3.5840144
       5       3.5753071
       6       3.9642041
       7       3.5802502
       8       2.1405431
       9       1.7837512
      10       1.2476846
      11      0.91971190
      12      0.71016342
      13     2.18
 
       1 0.0
       2 0.0
       3 0.0
       4 0.0
       5 0.0
       6 0.0
       7 0.0
       8 0.0
       9 0.0
      10 0.0
      11 0.0
      12 0.0
      13 0.0
 
       1     0.028658560
       2     0.038719978
       3     0.058978497
       4     0.097054299
       5     0.093161794
       6     0.097040571
       7     0.085017603
       8     0.050920212
       9     0.043399456
      10     0.033725475
      11     0.025594433
      12     0.019989052
      13   0.0560
 
       1      0.85448883
       2      0.84890676
       3      0.84571826
       4      0.84865525
       5      0.84884917
       6      0.84525150
       7      0.84394030
       8      0.84381355
       9      0.84364919
      10      0.84946011
      11      0.85322954
      12      0.85470332
      13   0.8484
 
       1    0.0043073999
       2    0.0059759672
       3    0.0092493027
       4     0.014853091
       5     0.014419054
       6     0.015394194
       7     0.013685946
       8    0.0082477489
       9    0.0069780642
      10    0.0052024037
      11    0.0038781024
      12    0.0030184343
      13   0.0088
 
       1      0.90977327
       2      0.94332241
       3      0.95939844
       4      0.97011898
       5      0.98674413
       6      0.98123419
       7      0.97912927
       8      0.97419347
       9      0.97998991
      10      0.97492828
      11      0.95065519
      12      0.89494542
      13   0.9587
 
