       1       12.859992
       2       10.839888
       3       18.831263
       4       22.534400
       5       32.215636
       6       44.503955
       7       45.404123
       8       26.643196
       9       18.047832
      10       10.205410
      11       5.6282740
      12       11.169039
      13   258.88
 
       1       8.8559231
       2       7.0815100
       3       12.102094
       4       14.127125
       5       17.206255
       6       23.117637
       7       24.595224
       8       14.798427
       9       10.554801
      10       6.8933027
      11       4.5119064
      12       7.2979714
      13   151.14
 
       1       1.1911053
       2       1.0267575
       3       1.9461844
       4       2.6603461
       5       2.5255675
       6       2.7764426
       7       3.3257744
       8       1.9952954
       9       1.4034135
      10       1.1011149
      11      0.79256326
      12      0.87173454
      13    21.62
 
       1      0.88354411
       2      0.86306664
       3       2.0411464
       4       4.3176624
       5       4.3883072
       6       10.326094
       7       15.019935
       8       6.7341196
       9       3.2612968
      10       1.1628207
      11      0.87692841
      12      0.82911702
      13    50.70
 
       1      0.27485419
       2      0.45906973
       3       1.5126109
       4       2.8628204
       5       3.4087908
       6       5.3492551
       7       7.3310288
       8       4.1440591
       9       1.8132482
      10      0.44576182
      11      0.20270291
      12      0.32418334
      13    28.13
 
       1      0.83820935
       2       1.1941251
       3       2.3692133
       4       3.7017225
       5       3.0666162
       6       3.8491938
       7       3.9777605
       8       2.1029693
       9       1.5332177
      10       1.1884827
      11      0.86198383
      12      0.77218384
      13     2.12
 
       1 0.0
       2 0.0
       3 0.0
       4 0.0
       5 0.0
       6 0.0
       7 0.0
       8 0.0
       9 0.0
      10 0.0
      11 0.0
      12 0.0
      13 0.0
 
       1     0.024454531
       2     0.032445245
       3     0.064848920
       4     0.098533210
       5     0.079089086
       6     0.094946782
       7     0.098015632
       8     0.050730151
       9     0.038605094
      10     0.033027343
      11     0.024904012
      12     0.021221910
      13   0.0551
 
       1      0.89180381
       2      0.88720836
       3      0.88667171
       4      0.88450510
       5      0.88468794
       6      0.88234761
       7      0.88316997
       8      0.88379354
       9      0.88390696
      10      0.88722894
      11      0.89011522
      12      0.88872826
      13   0.8862
 
       1    0.0027503661
       2    0.0038041443
       3    0.0075257859
       4     0.011585558
       5    0.0094247190
       6     0.011544385
       7     0.011907068
       8    0.0062746891
       9    0.0046827494
      10    0.0038171096
      11    0.0028342151
      12    0.0024742710
      13   0.0066
 
       1      0.86603363
       2      0.91886971
       3      0.95552684
       4      0.98085382
       5      0.97748668
       6      0.98434975
       7      0.98060247
       8      0.97546137
       9      0.97972315
      10      0.97849527
      11      0.93360543
      12      0.87726832
      13   0.9507
 
