       1       186.43780
       2       244.44112
       3       218.36987
       4       197.18923
       5       254.51195
       6       222.60762
       7       240.96816
       8       194.08177
       9       149.73423
      10       110.95240
      11       110.39431
      12       138.53305
      13  2268.22
 
       1       128.45206
       2       164.63808
       3       139.87581
       4       127.00407
       5       155.47265
       6       128.18678
       7       135.38085
       8       114.08685
       9       92.985541
      10       74.496764
      11       75.137497
      12       94.312440
      13  1430.03
 
       1       17.496478
       2       22.734492
       3       16.859404
       4       17.304807
       5       17.192273
       6       14.881454
       7       14.478914
       8       13.358064
       9       10.652332
      10       9.8489345
      11       9.2610863
      12       12.535884
      13   176.60
 
       1       22.056906
       2       29.650022
       3       24.534376
       4       30.702649
       5       33.260746
       6       46.039698
       7       46.609526
       8       35.977641
       9       20.436267
      10       13.043096
      11       14.776264
      12       17.348593
      13   334.44
 
       1       15.578807
       2       25.021379
       3       20.972617
       4       29.590353
       5       36.578776
       6       42.192485
       7       43.646245
       8       44.310504
       9       28.144035
      10       19.448284
      11       12.337363
      12       14.237518
      13   332.06
 
       1       15.052145
       2       23.720322
       3       24.229264
       4       30.764841
       5       38.283514
       6       34.403785
       7       32.264235
       8       25.844708
       9       19.742560
      10       13.849467
      11       11.667300
      12       11.000665
      13    23.40
 
       1 0.0
       2 0.0
       3 0.0
       4 0.0
       5 0.0
       6 0.0
       7 0.0
       8 0.0
       9 0.0
      10 0.0
      11 0.0
      12 0.0
      13 0.0
 
       1     0.018465891
       2     0.029718122
       3     0.029608184
       4     0.038212853
       5     0.046242963
       6     0.041633360
       7     0.037666534
       8     0.030005732
       9     0.022898510
      10     0.016361404
      11     0.013853430
      12     0.013116088
      13   0.0281
 
       1      0.86288152
       2      0.86085901
       3      0.86100976
       4      0.86205326
       5      0.85978081
       6      0.86140768
       7      0.86171518
       8      0.86362429
       9      0.86217139
      10      0.86230059
      11      0.86415285
      12      0.86275634
      13   0.8621
 
       1    0.0027978078
       2    0.0044333139
       3    0.0044923606
       4    0.0057424060
       5    0.0070508447
       6    0.0063383484
       7    0.0058284698
       8    0.0046666252
       9    0.0035738391
      10    0.0025434486
      11    0.0021521141
      12    0.0020259983
      13   0.0043
 
       1      0.29088155
       2      0.30173692
       3      0.34206255
       4      0.38292298
       5      0.41856884
       6      0.41289112
       7      0.38152424
       8      0.35694247
       9      0.33142527
      10      0.31512879
      11      0.29125149
      12      0.28033987
      13   0.3421
 
