       1       468.42406
       2       430.90972
       3       512.53603
       4       498.55293
       5       509.58581
       6       487.41212
       7       531.77391
       8       512.86533
       9       478.36232
      10       462.07759
      11       461.37486
      12       483.58124
      13  5837.46
 
       1       279.96207
       2       260.34477
       3       315.05278
       4       309.25757
       5       309.83995
       6       294.21903
       7       323.65974
       8       312.61540
       9       293.41480
      10       287.04262
      11       282.72377
      12       293.06447
      13  3561.20
 
       1       36.042414
       2       33.096052
       3       39.307934
       4       36.954777
       5       38.326987
       6       36.688924
       7       40.166578
       8       39.480257
       9       36.264171
      10       34.725951
      11       34.874520
      12       36.633690
      13   442.56
 
       1       129.72733
       2       116.80502
       3       134.73587
       4       130.66566
       5       135.04810
       6       131.07624
       7       141.92317
       8       136.17304
       9       125.75967
      10       122.07475
      11       120.92547
      12       130.69078
      13  1555.61
 
       1       22.614495
       2       20.603065
       3       23.357834
       4       21.796414
       5       25.900052
       6       25.427757
       7       25.602898
       8       24.759136
       9       22.270333
      10       20.727955
      11       21.434616
      12       22.128820
      13   276.62
 
       1       5.7332190
       2       5.7806768
       3       6.1858788
       4       6.0083500
       5       6.1470574
       6       6.1527877
       7       6.5743319
       8       6.5053394
       9       5.9915793
      10       5.5051076
      11       5.5667282
      12       5.8224134
      13     6.00
 
       1 0.0
       2 0.0
       3 0.0
       4 0.0
       5 0.0
       6 0.0
       7 0.0
       8 0.0
       9 0.0
      10 0.0
      11 0.0
      12 0.0
      13 0.0
 
       1     0.023585235
       2     0.023904875
       3     0.025743078
       4     0.025180871
       5     0.024923217
       6     0.024934334
       7     0.026890526
       8     0.026722949
       9     0.024559565
      10     0.023028064
      11     0.023173632
      12     0.023947209
      13   0.0247
 
       1       1.0000000
       2       1.0000000
       3       1.0000000
       4       1.0000000
       5       1.0000000
       6       1.0000000
       7       1.0000000
       8       1.0000000
       9       1.0000000
      10       1.0000000
      11       1.0000000
      12       1.0000000
      13   1.0000
 
       1       0.0000000
       2       0.0000000
       3       0.0000000
       4       0.0000000
       5       0.0000000
       6       0.0000000
       7       0.0000000
       8       0.0000000
       9       0.0000000
      10       0.0000000
      11       0.0000000
      12       0.0000000
      13   0.0000
 
       1      0.71924509
       2      0.72994614
       3      0.70797748
       4      0.64915986
       5      0.62149815
       6      0.60006301
       7      0.63836604
       8      0.67378708
       9      0.68859594
      10      0.71100646
      11      0.73030837
      12      0.72432753
      13   0.6829
 
