       1       10.091502
       2       7.9608440
       3       20.584642
       4       22.557391
       5       37.564579
       6       39.277428
       7       42.869712
       8       23.188870
       9       16.298598
      10       12.412473
      11       5.8138288
      12       8.6422452
      13   247.26
 
       1       6.7641083
       2       5.6202889
       3       12.557694
       4       14.137541
       5       20.256928
       6       21.186011
       7       22.764795
       8       12.982862
       9       9.5244227
      10       8.4126386
      11       4.3845278
      12       6.1254357
      13   144.72
 
       1      0.79613937
       2      0.86359280
       3       1.9602741
       4       2.8865878
       5       3.0343881
       6       2.7752050
       7       3.0384081
       8       1.9361584
       9       1.2966858
      10       1.2920191
      11      0.67784956
      12      0.74264300
      13    21.30
 
       1       1.0091753
       2      0.95070968
       3       2.9351241
       4       3.8451518
       5       4.5183244
       6       8.1233455
       7       12.860514
       8       5.7698230
       9       2.4328897
      10       1.1817923
      11      0.81615321
      12      0.90738596
      13    45.35
 
       1      0.38823821
       2      0.33512590
       3       2.1636936
       4       3.0275101
       5       3.4206585
       6       5.0901469
       7       7.2092057
       8       3.8870905
       9       1.8945665
      10      0.50196691
      11      0.16553516
      12      0.11683330
      13    28.20
 
       1      0.84991262
       2       1.0499092
       3       2.4326136
       4       3.8753074
       5       3.8690183
       6       3.8203535
       7       3.3864938
       8       1.9907900
       9       1.4177187
      10       1.3642115
      11      0.71924680
      12      0.59775982
      13     2.11
 
       1 0.0
       2 0.0
       3 0.0
       4 0.0
       5 0.0
       6 0.0
       7 0.0
       8 0.0
       9 0.0
      10 0.0
      11 0.0
      12 0.0
      13 0.0
 
       1     0.022502263
       2     0.027786026
       3     0.062199359
       4      0.10037338
       5     0.098684474
       6     0.093054381
       7     0.078336230
       8     0.045722441
       9     0.033286842
      10     0.035065757
      11     0.019574597
      12     0.016120450
      13   0.0527
 
       1      0.92466746
       2      0.92444963
       3      0.92367980
       4      0.92351794
       5      0.92439006
       6      0.92256730
       7      0.92080638
       8      0.92046358
       9      0.92042156
      10      0.92334480
      11      0.92508077
      12      0.92626354
      13   0.9233
 
       1    0.0017459091
       2    0.0021576969
       3    0.0048848452
       4    0.0078156528
       5    0.0077179354
       6    0.0074169826
       7    0.0064246357
       8    0.0038002284
       9    0.0027402543
      10    0.0027540429
      11    0.0015036281
      12    0.0012417676
      13   0.0042
 
       1      0.91728567
       2      0.89135427
       3      0.96073111
       4      0.97679912
       5      0.98123137
       6      0.98622055
       7      0.97826313
       8      0.97364302
       9      0.98358730
      10      0.97454424
      11      0.93012975
      12      0.91595742
      13   0.9558
 
