       1       196.24096
       2       162.18401
       3       220.01086
       4       184.27750
       5       183.74795
       6       228.69551
       7       245.75132
       8       170.90805
       9       153.26439
      10       110.38536
      11       156.58664
      12       114.84744
      13  2126.90
 
       1       133.88932
       2       105.15660
       3       141.34119
       4       118.57553
       5       110.49200
       6       133.20936
       7       136.22564
       8       100.76929
       9       96.603157
      10       73.880320
      11       104.77063
      12       79.984320
      13  1334.90
 
       1       19.077251
       2       13.099367
       3       19.033524
       4       17.373176
       5       13.413518
       6       15.393033
       7       14.851772
       8       12.397314
       9       11.768484
      10       9.5337878
      11       12.670707
      12       11.104934
      13   169.72
 
       1       28.738565
       2       17.942208
       3       27.556101
       4       27.379024
       5       22.794294
       6       39.116426
       7       51.690813
       8       28.130375
       9       18.809538
      10       14.899074
      11       15.709444
      12       16.893149
      13   309.66
 
       1       20.068427
       2       18.044050
       3       27.946374
       4       27.958198
       5       25.749575
       6       40.471272
       7       48.077397
       8       38.454070
       9       29.738353
      10       16.157296
      11       18.500787
      12       14.633516
      13   325.80
 
       1       15.786806
       2       15.799244
       3       25.478357
       4       27.043185
       5       24.993244
       6       33.571394
       7       31.267645
       8       22.969965
       9       20.491468
      10       14.253374
      11       14.568060
      12       10.810832
      13    21.42
 
       1 0.0
       2 0.0
       3 0.0
       4 0.0
       5 0.0
       6 0.0
       7 0.0
       8 0.0
       9 0.0
      10 0.0
      11 0.0
      12 0.0
      13 0.0
 
       1     0.019819088
       2     0.019334764
       3     0.031708474
       4     0.033427179
       5     0.029722742
       6     0.040182477
       7     0.036882940
       8     0.027045449
       9     0.024247711
      10     0.017269530
      11     0.018071837
      12     0.013397063
      13   0.0259
 
       1      0.89714951
       2      0.89648153
       3      0.89618646
       4      0.89605306
       5      0.89463079
       6      0.89506621
       7      0.89583514
       8      0.89803149
       9      0.89639593
      10      0.89647656
      11      0.89775555
      12      0.89722785
      13   0.8964
 
       1    0.0022582410
       2    0.0022431856
       3    0.0036317233
       4    0.0038484380
       5    0.0035062736
       6    0.0047051650
       7    0.0043434200
       8    0.0032008243
       9    0.0028656879
      10    0.0020260318
      11    0.0020825788
      12    0.0015454859
      13   0.0030
 
       1      0.28649614
       2      0.27580943
       3      0.33274824
       4      0.36217594
       5      0.36101512
       6      0.37621567
       7      0.36619382
       8      0.32964466
       9      0.31816216
      10      0.30505327
      11      0.30517453
      12      0.29513669
      13   0.3262
 
