       1       488.02420
       2       451.47632
       3       507.37782
       4       439.91591
       5       502.46369
       6       487.69166
       7       525.74573
       8       519.67963
       9       432.61692
      10       446.89235
      11       446.69119
      12       439.79827
      13  5688.37
 
       1       293.23610
       2       271.80920
       3       309.37002
       4       272.44030
       5       304.17505
       6       296.15294
       7       317.10152
       8       318.29541
       9       262.97826
      10       276.39223
      11       269.53768
      12       267.00356
      13  3458.49
 
       1       37.448068
       2       35.191632
       3       38.790992
       4       33.148723
       5       37.697539
       6       36.579068
       7       39.689856
       8       39.449432
       9       33.707245
      10       33.989072
      11       33.796053
      12       34.046608
      13   433.53
 
       1       134.23698
       2       122.73161
       3       136.73054
       4       112.97736
       5       135.17104
       6       129.44004
       7       141.55490
       8       139.06638
       9       115.28582
      10       116.64616
      11       121.56604
      12       121.37165
      13  1526.78
 
       1       22.440958
       2       21.576688
       3       22.348285
       4       21.284031
       5       26.328795
       6       24.676332
       7       25.823615
       8       24.372259
       9       21.547334
      10       20.139306
      11       20.281290
      12       18.388965
      13   269.21
 
       1       6.0689814
       2       6.0868990
       3       6.1721225
       4       5.4213595
       5       5.9042147
       6       6.1182102
       7       6.4329473
       8       6.4212894
       9       5.5421526
      10       5.4464218
      11       5.4942836
      12       5.4500542
      13     5.88
 
       1 0.0
       2 0.0
       3 0.0
       4 0.0
       5 0.0
       6 0.0
       7 0.0
       8 0.0
       9 0.0
      10 0.0
      11 0.0
      12 0.0
      13 0.0
 
       1     0.024867291
       2     0.024761595
       3     0.025568269
       4     0.022641992
       5     0.024072016
       6     0.024783525
       7     0.026096560
       8     0.026395408
       9     0.022823451
      10     0.022598837
      11     0.022456840
      12     0.022369317
      13   0.0241
 
       1       1.0000000
       2       1.0000000
       3       1.0000000
       4       1.0000000
       5       1.0000000
       6       1.0000000
       7       1.0000000
       8       1.0000000
       9       1.0000000
      10       1.0000000
      11       1.0000000
      12       1.0000000
      13   1.0000
 
       1       0.0000000
       2       0.0000000
       3       0.0000000
       4       0.0000000
       5       0.0000000
       6       0.0000000
       7       0.0000000
       8       0.0000000
       9       0.0000000
      10       0.0000000
      11       0.0000000
      12       0.0000000
      13   0.0000
 
       1      0.73280952
       2      0.72155245
       3      0.68834709
       4      0.66234819
       5      0.63399580
       6      0.64121506
       7      0.67322318
       8      0.69956429
       9      0.70792726
      10      0.71362241
      11      0.72443674
      12      0.72549184
      13   0.6937
 
