       1       148.40704
       2       137.95919
       3       127.39435
       4       147.21599
       5       122.20694
       6       109.66791
       7       108.77316
       8       119.91331
       9       97.087232
      10       125.31588
      11       109.56282
      12       96.397089
      13  1449.90
 
       1       102.12215
       2       92.511177
       3       81.122622
       4       89.275201
       5       77.127837
       6       65.752686
       7       63.365687
       8       69.228464
       9       62.063361
      10       82.091486
      11       75.993105
      12       64.791492
      13   925.45
 
       1       14.618451
       2       12.540624
       3       9.7799786
       4       8.9701665
       5       8.9908096
       6       7.2135513
       7       6.8872753
       8       7.2266730
       9       7.8238636
      10       9.7417830
      11       9.8084408
      12       7.1685635
      13   110.77
 
       1       18.348937
       2       14.306236
       3       10.406031
       4       10.360246
       5       12.489402
       6       13.263672
       7       16.462411
       8       14.584308
       9       10.997307
      10       10.142494
      11       12.262636
      12       7.7935501
      13   151.42
 
       1       14.381218
       2       13.902442
       3       11.724002
       4       13.747781
       5       16.272133
       6       12.375139
       7       17.784846
       8       24.057287
       9       19.152356
      10       18.997928
      11       18.184935
      12       7.7418204
      13   188.32
 
       1       11.573091
       2       12.959553
       3       11.962169
       4       16.204676
       5       17.745506
       6       15.185459
       7       14.128717
       8       14.732624
       9       13.217438
      10       13.475753
      11       10.526203
      12       7.2168484
      13    13.24
 
       1 0.0
       2 0.0
       3 0.0
       4 0.0
       5 0.0
       6 0.0
       7 0.0
       8 0.0
       9 0.0
      10 0.0
      11 0.0
      12 0.0
      13 0.0
 
       1      0.12696671
       2      0.13985732
       3      0.12446533
       4      0.16523580
       5      0.18079131
       6      0.15013021
       7      0.13940179
       8      0.14562533
       9      0.13305832
      10      0.13780382
      11      0.11087028
      12     0.074557146
      13   0.1357
 
       1      0.87446330
       2      0.87347840
       3      0.87261221
       4      0.87198867
       5      0.87242378
       6      0.86822295
       7      0.87159432
       8      0.87187691
       9      0.87253728
      10      0.87246671
      11      0.87382069
      12      0.87427388
      13   0.8725
 
       1     0.016492755
       2     0.018307479
       3     0.016708021
       4     0.022437735
       5     0.024673463
       6     0.020832584
       7     0.019311280
       8     0.020169557
       9     0.018273982
      10     0.018731182
      11     0.014811131
      12     0.010124076
      13   0.0184
 
       1      0.67303437
       2      0.73303013
       3      0.70475958
       4      0.75567847
       5      0.79156504
       6      0.81618626
       7      0.75964533
       8      0.77462360
       9      0.77560695
      10      0.76773183
      11      0.70310400
      12      0.65413904
      13   0.7424
 
