       1       180.60487
       2       154.82400
       3       153.67353
       4       153.42243
       5       135.19760
       6       108.02896
       7       125.25970
       8       120.99339
       9       102.88809
      10       80.962071
      11       84.426158
      12       124.23850
      13  1524.52
 
       1       123.37116
       2       104.71328
       3       100.04695
       4       96.739695
       5       84.154203
       6       64.836419
       7       70.618490
       8       70.833208
       9       64.797448
      10       54.093659
      11       56.184777
      12       85.650324
      13   976.04
 
       1       16.614204
       2       14.845389
       3       12.760746
       4       11.177633
       5       9.3061810
       6       6.4953907
       7       6.5841233
       8       6.8061416
       9       7.2038690
      10       6.7701108
      11       5.8970527
      12       10.265793
      13   114.73
 
       1       17.427550
       2       17.417463
       3       14.026499
       4       14.538664
       5       12.416709
       6       11.647948
       7       17.422145
       8       14.140843
       9       10.079165
      10       7.5064434
      11       6.5534075
      12       11.234829
      13   154.41
 
       1       14.425495
       2       13.263395
       3       14.362863
       4       18.266909
       5       17.353099
       6       13.853415
       7       20.837761
       8       22.280273
       9       18.542690
      10       15.570736
      11       9.6712273
      12       11.744207
      13   190.17
 
       1       12.747100
       2       14.283522
       3       16.168595
       4       17.992859
       5       18.105508
       6       15.830971
       7       15.602045
       8       15.462765
       9       12.791209
      10       9.5709054
      11       7.1249739
      12       8.8416225
      13    13.71
 
       1 0.0
       2 0.0
       3 0.0
       4 0.0
       5 0.0
       6 0.0
       7 0.0
       8 0.0
       9 0.0
      10 0.0
      11 0.0
      12 0.0
      13 0.0
 
       1      0.13597015
       2      0.15168558
       3      0.16932873
       4      0.18256067
       5      0.18141896
       6      0.15632096
       7      0.15205991
       8      0.15105906
       9      0.12532579
      10     0.093914301
      11     0.070831741
      12     0.093483334
      13   0.1387
 
       1      0.93351789
       2      0.93289231
       3      0.93322138
       4      0.93184467
       5      0.93100815
       6      0.93091908
       7      0.93209261
       8      0.93255094
       9      0.93213344
      10      0.93228493
      11      0.93375080
      12      0.93403777
      13   0.9325
 
       1    0.0093916883
       2     0.010510221
       3     0.011865627
       4     0.013085706
       5     0.013171231
       6     0.011471431
       7     0.011206715
       8     0.011128275
       9    0.0092369662
      10    0.0069421769
      11    0.0051929523
      12    0.0065280610
      13   0.0100
 
       1      0.71653712
       2      0.72707858
       3      0.79074084
       4      0.83332543
       5      0.81896570
       6      0.80432025
       7      0.79932317
       8      0.77335662
       9      0.77980134
      10      0.70421426
      11      0.62585713
      12      0.70743073
      13   0.7567
 
