       1       201.67573
       2       168.12279
       3       192.56460
       4       203.27778
       5       228.56899
       6       228.65098
       7       235.22617
       8       200.11374
       9       187.40328
      10       116.20374
      11       173.12256
      12       181.79808
      13  2316.73
 
       1       137.70274
       2       110.99150
       3       124.33422
       4       132.10383
       5       138.83872
       6       131.72878
       7       130.42575
       8       114.62250
       9       115.79912
      10       76.562681
      11       115.77672
      12       123.86090
      13  1452.75
 
       1       19.581157
       2       14.729364
       3       16.254746
       4       17.317080
       5       16.751241
       6       14.855156
       7       14.440663
       8       12.983310
       9       13.269813
      10       10.179215
      11       14.093197
      12       16.749029
      13   181.20
 
       1       27.973128
       2       19.127841
       3       22.074106
       4       26.149217
       5       33.057378
       6       42.281748
       7       48.313564
       8       38.748544
       9       24.849220
      10       13.023572
      11       21.777492
      12       24.369917
      13   341.75
 
       1       18.080658
       2       16.243183
       3       20.488138
       4       25.124098
       5       36.970233
       6       39.180304
       7       45.979169
       8       40.273023
       9       35.362027
      10       21.694402
      11       23.595262
      12       17.178741
      13   340.17
 
       1       16.343346
       2       17.818521
       3       23.738420
       4       33.122182
       5       35.444624
       6       35.066524
       7       29.751136
       8       24.964346
       9       23.945713
      10       14.202489
      11       16.175364
      12       14.150207
      13    23.73
 
       1 0.0
       2 0.0
       3 0.0
       4 0.0
       5 0.0
       6 0.0
       7 0.0
       8 0.0
       9 0.0
      10 0.0
      11 0.0
      12 0.0
      13 0.0
 
       1     0.020495353
       2     0.022367636
       3     0.029767673
       4     0.041444333
       5     0.043487410
       6     0.042451487
       7     0.035138774
       8     0.029309287
       9     0.028758300
      10     0.017149405
      11     0.019989365
      12     0.017643128
      13   0.0290
 
       1      0.89797046
       2      0.89792831
       3      0.89770264
       4      0.89764496
       5      0.89629324
       6      0.89542676
       7      0.89840752
       8      0.89907237
       9      0.89764944
      10      0.89889909
      11      0.89880534
      12      0.89801777
      13   0.8978
 
       1    0.0023345553
       2    0.0025529480
       3    0.0034026720
       4    0.0047419590
       5    0.0050293243
       6    0.0049327632
       7    0.0041356440
       8    0.0034664745
       9    0.0033590341
      10    0.0020095145
      11    0.0023028138
      12    0.0020215119
      13   0.0034
 
       1      0.30537891
       2      0.30007082
       3      0.34291995
       4      0.37813244
       5      0.39338790
       6      0.41514607
       7      0.37116761
       8      0.34200768
       9      0.35080461
      10      0.30367149
      11      0.30245992
      12      0.28629725
      13   0.3410
 
