       1       119.41785
       2       183.67998
       3       139.14225
       4       133.02986
       5       151.68615
       6       149.60003
       7       126.26655
       8       137.13791
       9       110.54939
      10       99.664381
      11       108.79158
      12       139.90230
      13  1598.87
 
       1       82.684098
       2       119.65366
       3       91.202743
       4       81.153935
       5       93.596120
       6       87.998865
       7       72.439792
       8       76.878899
       9       70.177938
      10       67.230427
      11       73.031683
      12       97.042577
      13  1013.09
 
       1       10.907261
       2       14.594128
       3       11.930633
       4       7.5624248
       5       9.1755843
       6       7.9558249
       7       6.7204047
       8       6.8054924
       9       7.3025003
      10       7.9030274
      11       7.8747556
      12       11.777087
      13   110.51
 
       1       13.543222
       2       14.429057
       3       14.374639
       4       8.9214982
       5       12.885265
       6       13.829609
       7       17.511277
       8       14.871879
       9       11.310495
      10       8.7057067
      11       9.5835326
      12       14.824264
      13   154.79
 
       1       11.359005
       2       13.150776
       3       15.699624
       4       11.927112
       5       18.308599
       6       17.736045
       7       23.848979
       8       23.368997
       9       24.395613
      10       19.850104
      11       15.252020
      12       14.166888
      13   209.06
 
       1       8.5749376
       2       15.226231
       3       15.096793
       4       15.275256
       5       22.707200
       6       22.539405
       7       17.505981
       8       16.565863
       9       15.973518
      10       11.666323
      11       9.0921782
      12       10.117496
      13    15.03
 
       1 0.0
       2 0.0
       3 0.0
       4 0.0
       5 0.0
       6 0.0
       7 0.0
       8 0.0
       9 0.0
      10 0.0
      11 0.0
      12 0.0
      13 0.0
 
       1      0.11723016
       2      0.20814891
       3      0.20934185
       4      0.19916407
       5      0.30228378
       6      0.29799046
       7      0.22556736
       8      0.21028840
       9      0.20947797
      10      0.15364113
      11      0.12012382
      12      0.13906643
      13   0.1994
 
       1      0.88883056
       2      0.88850782
       3      0.89083893
       4      0.88891333
       5      0.88824183
       6      0.88763984
       7      0.88944738
       8      0.88806372
       9      0.88935463
      10      0.88945559
      11      0.88880444
      12      0.89034852
      13   0.8890
 
       1     0.013513028
       2     0.023835536
       3     0.023783842
       4     0.023559723
       5     0.035296457
       6     0.034905275
       7     0.026774194
       8     0.025198138
       9     0.024677348
      10     0.018117300
      11     0.014154157
      12     0.015943035
      13   0.0233
 
       1      0.66641893
       2      0.78949306
       3      0.82670739
       4      0.77309412
       5      0.86850520
       6      0.88647091
       7      0.83355759
       8      0.82168875
       9      0.82831139
      10      0.75564298
      11      0.71541252
      12      0.71885422
      13   0.7903
 
