       1       142.42833
       2       135.88710
       3       113.93928
       4       161.49197
       5       152.36038
       6       139.83035
       7       153.41389
       8       129.85405
       9       106.41229
      10       116.71574
      11       151.08186
      12       141.76447
      13  1645.18
 
       1       94.605930
       2       93.247877
       3       73.004556
       4       102.30727
       5       94.745490
       6       81.826467
       7       87.022355
       8       74.329720
       9       67.868359
      10       77.298616
      11       101.65988
      12       98.883151
      13  1046.80
 
       1       11.013982
       2       12.782049
       3       8.3464808
       4       11.369599
       5       9.0710836
       6       6.9930595
       7       7.6423327
       8       6.9398774
       9       7.3811968
      10       8.3146236
      11       11.729992
      12       12.811921
      13   114.40
 
       1       11.649658
       2       14.669404
       3       9.3938767
       4       14.894652
       5       11.718653
       6       14.836345
       7       18.391052
       8       15.160650
       9       10.590092
      10       8.7820030
      11       13.015494
      12       15.240551
      13   158.34
 
       1       11.525288
       2       12.248505
       3       10.573548
       4       18.733352
       5       18.407795
       6       19.673117
       7       25.561775
       8       24.524242
       9       21.790558
      10       18.465382
      11       18.765094
      12       18.384197
      13   218.65
 
       1       9.6162616
       2       13.303369
       3       10.857665
       4       21.283627
       5       22.647417
       6       22.140229
       7       22.181024
       8       16.198862
       9       14.884820
      10       12.774396
      11       12.519508
      12       10.295976
      13    15.73
 
       1 0.0
       2 0.0
       3 0.0
       4 0.0
       5 0.0
       6 0.0
       7 0.0
       8 0.0
       9 0.0
      10 0.0
      11 0.0
      12 0.0
      13 0.0
 
       1      0.12923176
       2      0.18271817
       3      0.14159054
       4      0.28298791
       5      0.29900638
       6      0.29108950
       7      0.28640524
       8      0.20557532
       9      0.19232649
      10      0.16714490
      11      0.16879111
      12      0.14000855
      13   0.2072
 
       1      0.88107762
       2      0.88170828
       3      0.88034860
       4      0.88082168
       5      0.88091796
       6      0.88037678
       7      0.88186994
       8      0.88229748
       9      0.88145961
      10      0.88181993
      11      0.88372922
      12      0.88236674
      13   0.8816
 
       1     0.015828015
       2     0.022095999
       3     0.017674581
       4     0.034796508
       5     0.036949839
       6     0.035991911
       7     0.035660470
       8     0.025884249
       9     0.024047565
      10     0.020799277
      11     0.020655840
      12     0.017055334
      13   0.0256
 
       1      0.70892617
       2      0.77440487
       3      0.72191397
       4      0.84944983
       5      0.85920979
       6      0.90029152
       7      0.84659019
       8      0.82262745
       9      0.81204042
      10      0.78592903
      11      0.70400670
      12      0.72649653
      13   0.7927
 
