       1       151.24710
       2       145.61794
       3       158.94289
       4       188.57244
       5       194.84827
       6       216.63760
       7       224.36601
       8       191.44653
       9       154.31915
      10       109.18287
      11       135.01371
      12       115.86845
      13  1986.06
 
       1       102.83125
       2       95.650668
       3       102.16314
       4       118.46295
       5       121.90849
       6       124.72985
       7       126.43999
       8       110.63178
       9       99.172448
      10       72.365753
      11       90.185555
      12       78.979741
      13  1243.52
 
       1       14.047715
       2       12.160718
       3       13.853290
       4       15.078863
       5       16.230912
       6       15.188291
       7       13.653920
       8       13.004199
       9       12.989739
      10       9.7296370
      11       11.928023
      12       10.227936
      13   158.09
 
       1       21.869277
       2       16.798927
       3       20.097965
       4       22.634145
       5       28.189128
       6       43.764606
       7       42.605558
       8       33.674459
       9       21.026016
      10       13.654569
      11       17.036548
      12       15.605821
      13   296.96
 
       1       17.731101
       2       13.416853
       3       19.802229
       4       22.005894
       5       30.017380
       6       40.714311
       7       40.228347
       8       38.856784
       9       29.113984
      10       15.847801
      11       16.756685
      12       12.777745
      13   297.27
 
       1       13.154781
       2       15.253457
       3       19.788135
       4       25.740917
       5       32.015926
       6       29.572912
       7       28.502044
       8       23.421441
       9       20.459527
      10       12.577658
      11       13.264881
      12       10.776606
      13    20.38
 
       1 0.0
       2 0.0
       3 0.0
       4 0.0
       5 0.0
       6 0.0
       7 0.0
       8 0.0
       9 0.0
      10 0.0
      11 0.0
      12 0.0
      13 0.0
 
       1     0.015650742
       2     0.017950909
       3     0.023254167
       4     0.029835256
       5     0.037658460
       6     0.033698156
       7     0.031966597
       8     0.026082544
       9     0.023246427
      10     0.014230355
      11     0.015461990
      12     0.012635006
      13   0.0235
 
       1      0.93118025
       2      0.93066007
       3      0.93092863
       4      0.93062005
       5      0.93014213
       6      0.93035010
       7      0.93107814
       8      0.93147272
       9      0.93034764
      10      0.93010122
      11      0.93078126
      12      0.93141204
      13   0.9308
 
       1    0.0012000777
       2    0.0013868452
       3    0.0017995915
       4    0.0023194145
       5    0.0029043823
       6    0.0026402297
       7    0.0025211186
       8    0.0020701325
       9    0.0018289898
      10    0.0011299248
      11    0.0012027434
      12   0.00098068189
      13   0.0018
 
       1      0.28570211
       2      0.29190998
       3      0.32590263
       4      0.34589093
       5      0.38801176
       6      0.38204072
       7      0.34480911
       8      0.31469924
       9      0.32524637
      10      0.30731429
      11      0.30056163
      12      0.28687024
      13   0.3249
 
