       1       8.6856921
       2       10.832595
       3       15.352634
       4       32.447817
       5       35.775270
       6       45.218494
       7       47.536987
       8       21.187092
       9       15.305926
      10       12.282502
      11       8.6482230
      12       8.7610339
      13   262.03
 
       1       6.4489823
       2       7.5988118
       3       10.036265
       4       18.029399
       5       20.019496
       6       24.142368
       7       25.753375
       8       12.534648
       9       8.8441665
      10       7.8550200
      11       6.3589535
      12       6.4657208
      13   154.09
 
       1       1.0013806
       2       1.0945193
       3       1.7472786
       4       2.7211742
       5       2.9566330
       6       3.1607670
       7       3.5793866
       8       1.8503173
       9       1.1694704
      10       1.1025673
      11      0.93254981
      12      0.82843163
      13    22.14
 
       1      0.77904788
       2       1.0092409
       3       1.8214369
       4       4.0454969
       5       4.9101292
       6       10.994593
       7       18.046229
       8       4.2754518
       9       2.9353884
      10      0.85347068
      11       1.1417290
      12       1.1347465
      13    51.95
 
       1      0.18331256
       2      0.32489950
       3       1.1724079
       4       2.7499276
       5       3.4285273
       6       6.7094307
       7       6.8110480
       8       3.2528667
       9       1.5342537
      10      0.31280033
      11      0.17086543
      12      0.48472809
      13    27.14
 
       1      0.84513164
       2       1.3101916
       3       2.0945097
       4       3.7277258
       5       4.0271678
       6       4.2569368
       7       4.3216427
       8       1.9569777
       9       1.3568456
      10       1.0666519
      11      0.85469554
      12      0.73485923
      13     2.21
 
       1 0.0
       2 0.0
       3 0.0
       4 0.0
       5 0.0
       6 0.0
       7 0.0
       8 0.0
       9 0.0
      10 0.0
      11 0.0
      12 0.0
      13 0.0
 
       1     0.025073821
       2     0.036149468
       3     0.056489944
       4     0.098523918
       5      0.10617964
       6      0.10747241
       7      0.10565896
       8     0.047571945
       9     0.033630172
      10     0.028957425
      11     0.023596405
      12     0.020487291
      13   0.0575
 
       1      0.89159666
       2      0.88561208
       3      0.88418531
       4      0.88431156
       5      0.88544331
       6      0.88447952
       7      0.88334606
       8      0.88179628
       9      0.88209898
      10      0.88719938
      11      0.88821793
      12      0.88919240
      13   0.8856
 
       1    0.0027946159
       2    0.0042100935
       3    0.0066381060
       4     0.011623627
       5     0.012490467
       6     0.012905951
       7     0.012902481
       8    0.0058728378
       9    0.0041244093
      10    0.0033859895
      11    0.0027522890
      12    0.0023746500
      13   0.0068
 
       1      0.91171634
       2      0.92988428
       3      0.94925594
       4      0.96284858
       5      0.98160760
       6      0.98458670
       7      0.98094973
       8      0.98043250
       9      0.98112689
      10      0.93848992
      11      0.90406706
      12      0.92046696
      13   0.9521
 
