       1       126.61172
       2       193.50506
       3       174.36356
       4       167.52043
       5       142.09304
       6       118.58510
       7       142.80957
       8       124.28393
       9       123.31931
      10       76.024718
      11       122.87730
      12       83.655271
      13  1595.65
 
       1       87.577694
       2       127.40669
       3       115.96127
       4       104.80454
       5       88.170681
       6       72.350755
       7       80.015765
       8       70.845298
       9       79.164746
      10       50.480547
      11       84.477954
      12       58.541053
      13  1019.80
 
       1       11.078489
       2       15.516840
       3       14.998375
       4       9.7105999
       5       8.5166710
       6       6.9274453
       7       6.7833791
       8       6.7043845
       9       8.2549748
      10       5.7162490
      11       9.2279500
      12       7.1401581
      13   110.58
 
       1       11.978335
       2       16.883619
       3       19.512730
       4       12.710658
       5       12.915291
       6       14.055356
       7       17.701039
       8       13.381453
       9       11.900766
      10       5.2351067
      11       9.8189628
      12       7.5224534
      13   153.62
 
       1       10.737038
       2       19.105551
       3       20.147210
       4       14.328338
       5       17.597436
       6       18.051473
       7       21.722032
       8       22.072478
       9       23.945539
      10       11.621855
      11       17.355890
      12       7.6177294
      13   204.30
 
       1       9.1302500
       2       16.543358
       3       18.724469
       4       20.439399
       5       20.417922
       6       19.204502
       7       18.396523
       8       15.501771
       9       17.004457
      10       8.0189897
      11       11.145034
      12       6.2731726
      13    15.07
 
       1 0.0
       2 0.0
       3 0.0
       4 0.0
       5 0.0
       6 0.0
       7 0.0
       8 0.0
       9 0.0
      10 0.0
      11 0.0
      12 0.0
      13 0.0
 
       1     0.098067540
       2      0.18106489
       3      0.20559510
       4      0.21586153
       5      0.21479634
       6      0.19877485
       7      0.18636938
       8      0.15627368
       9      0.17829670
      10     0.080681141
      11      0.11904791
      12     0.065926930
      13   0.1584
 
       1      0.82926103
       2      0.83308906
       3      0.83309381
       4      0.83334297
       5      0.83052360
       6      0.82917510
       7      0.83128371
       8      0.83066737
       9      0.83163970
      10      0.83305471
      11      0.83416388
      12      0.83100513
      13   0.8317
 
       1     0.017146705
       2     0.031109610
       3     0.035250302
       4     0.037904318
       5     0.037874148
       6     0.035348887
       7     0.033420786
       8     0.028187487
       9     0.031409517
      10     0.014730787
      11     0.020865999
      12     0.011724539
      13   0.0279
 
       1      0.65859539
       2      0.74738280
       3      0.84382004
       4      0.78477733
       5      0.82124908
       6      0.85876930
       7      0.84147635
       8      0.81059707
       9      0.80368786
      10      0.63490225
      11      0.70754376
      12      0.68292189
      13   0.7663
 
