       1       9.3285650
       2       13.256875
       3       13.714192
       4       23.126129
       5       48.653154
       6       34.115264
       7       35.902792
       8       25.929431
       9       17.905981
      10       9.1758130
      11       6.8324634
      12       8.5122752
      13   246.45
 
       1       6.7320576
       2       9.8123659
       3       9.9413200
       4       14.021545
       5       26.972386
       6       19.555197
       7       19.923895
       8       15.475338
       9       10.546470
      10       5.9181613
      11       5.0336114
      12       6.0439096
      13   149.98
 
       1      0.93664855
       2       1.6878052
       3       2.0158053
       4       2.6875535
       5       4.0340355
       6       3.0444528
       7       3.0031893
       8       2.3116885
       9       1.4467707
      10      0.85147458
      11      0.72225877
      12      0.76509990
      13    23.51
 
       1      0.78202870
       2       1.6019630
       3       3.5425445
       4       4.4916375
       5       8.1318629
       6       8.3215038
       7       9.8709866
       8       6.6707651
       9       2.3054861
      10      0.75654361
      11      0.66408860
      12      0.66017446
      13    47.80
 
       1     0.078299457
       2      0.98066012
       3       1.9383532
       4       3.6431311
       5       5.8365733
       6       6.4631662
       7       6.6861473
       8       4.1475878
       9       2.1750925
      10      0.45467186
      11      0.12029076
      12      0.12349370
      13    32.65
 
       1      0.76083681
       2       2.0951529
       3       2.6753253
       4       3.9820617
       5       5.2026718
       6       3.5585910
       7       3.1958641
       8       2.4648309
       9       1.6259807
      10      0.95176507
      11      0.74066608
      12      0.67752277
      13     2.33
 
       1 0.0
       2 0.0
       3 0.0
       4 0.0
       5 0.0
       6 0.0
       7 0.0
       8 0.0
       9 0.0
      10 0.0
      11 0.0
      12 0.0
      13 0.0
 
       1     0.022009736
       2     0.060198288
       3     0.074166082
       4      0.10914360
       5      0.13755502
       6     0.089198461
       7     0.077239643
       8     0.059809387
       9     0.040307559
      10     0.026105255
      11     0.020641147
      12     0.019586050
      13   0.0613
 
       1      0.89057236
       2      0.88937008
       3      0.88745745
       4      0.88722905
       5      0.88567045
       6      0.88500022
       7      0.88044033
       8      0.88114844
       9      0.88348223
      10      0.88837511
      11      0.88795551
      12      0.89086741
      13   0.8865
 
       1    0.0024958002
       2    0.0068090421
       3    0.0085720698
       4     0.012639380
       5     0.016136735
       6     0.010786466
       7    0.0095395156
       8    0.0073964405
       9    0.0049494355
      10    0.0030481200
      11    0.0024005971
      12    0.0022231204
      13   0.0072
 
       1      0.91526904
       2      0.95761044
       3      0.96138699
       4      0.97375379
       5      0.98744824
       6      0.98201161
       7      0.97073716
       8      0.96736060
       9      0.98142892
      10      0.94912283
      11      0.90477575
      12      0.92117721
      13   0.9560
 
