       1       497.47417
       2       453.25968
       3       466.89420
       4       468.16959
       5       493.10435
       6       511.80400
       7       505.78656
       8       544.87009
       9       466.67251
      10       470.05667
      11       446.72189
      12       472.61795
      13  5797.43
 
       1       298.20563
       2       276.54011
       3       286.54969
       4       289.16462
       5       302.69185
       6       309.20969
       7       302.46751
       8       328.43202
       9       288.40268
      10       293.33298
      11       275.96321
      12       286.69011
      13  3537.65
 
       1       39.082698
       2       35.202918
       3       36.285627
       4       35.366191
       5       36.483974
       6       39.134109
       7       38.494432
       8       40.806436
       9       35.354523
      10       35.741424
      11       33.642870
      12       36.564816
      13   442.16
 
       1       138.20016
       2       122.82828
       3       122.49294
       4       121.80372
       5       129.12400
       6       137.48113
       7       137.74910
       8       147.02078
       9       122.09015
      10       121.88429
      11       117.82393
      12       128.46479
      13  1546.96
 
       1       22.113721
       2       18.913900
       3       21.566409
       4       22.564005
       5       24.079482
       6       25.952117
       7       26.531105
       8       26.903403
       9       21.916378
      10       20.844279
      11       18.904573
      12       20.655113
      13   270.94
 
       1       6.3083214
       2       6.2426972
       3       5.6866553
       4       5.7143688
       5       5.8147006
       6       6.6202656
       7       6.2789792
       8       6.5644433
       9       5.9880689
      10       5.6775739
      11       5.5785851
      12       5.8518215
      13     6.03
 
       1 0.0
       2 0.0
       3 0.0
       4 0.0
       5 0.0
       6 0.0
       7 0.0
       8 0.0
       9 0.0
      10 0.0
      11 0.0
      12 0.0
      13 0.0
 
       1     0.025778644
       2     0.025899183
       3     0.023653934
       4     0.023698497
       5     0.023899911
       6     0.026661903
       7     0.025152088
       8     0.026707097
       9     0.024655209
      10     0.023842694
      11     0.023143361
      12     0.024086803
      13   0.0248
 
       1       1.0000000
       2       1.0000000
       3       1.0000000
       4       1.0000000
       5       1.0000000
       6       1.0000000
       7       1.0000000
       8       1.0000000
       9       1.0000000
      10       1.0000000
      11       1.0000000
      12       1.0000000
      13   1.0000
 
       1       0.0000000
       2       0.0000000
       3       0.0000000
       4       0.0000000
       5       0.0000000
       6       0.0000000
       7       0.0000000
       8       0.0000000
       9       0.0000000
      10       0.0000000
      11       0.0000000
      12       0.0000000
      13   0.0000
 
       1      0.72895130
       2      0.69024196
       3      0.64816526
       4      0.63083315
       5      0.59503857
       6      0.57444594
       7      0.60731906
       8      0.65464996
       9      0.64610464
      10      0.66640226
      11      0.68548207
      12      0.68774200
      13   0.6513
 
