       1       84.730600
       2       57.607417
       3       50.813417
       4       39.704261
       5       23.435955
       6       15.985535
       7       17.226161
       8       13.006589
       9       13.729704
      10       30.267233
      11       54.859332
      12       68.972252
      13   470.34
 
       1       43.567034
       2       30.023379
       3       29.157776
       4       23.948162
       5       15.295835
       6       11.075258
       7       11.754859
       8       8.4890321
       9       8.9233116
      10       17.083702
      11       29.797621
      12       34.550766
      13   263.67
 
       1       7.5687937
       2       5.2703205
       3       4.1204342
       4       2.8474245
       5       1.5027403
       6      0.85075621
       7      0.86074896
       8      0.74408053
       9      0.86461491
      10       2.2444025
      11       4.4583662
      12       6.0988732
      13    37.43
 
       1       27.796399
       2       18.537916
       3       15.298479
       4       10.630962
       5       6.4999882
       6       4.4025581
       7       4.8845456
       8       3.7879371
       9       3.5392266
      10       8.8148265
      11       17.835896
      12       20.939511
      13   142.97
 
       1       4.0148056
       2       2.7358408
       3       2.5285925
       4       1.8024790
       5       1.3778717
       6       1.2207865
       7       1.2791835
       8       1.1582553
       9      0.90291132
      10       1.5775503
      11       3.3099795
      12       3.5078378
      13    25.42
 
       1       1.1328461
       2      0.88863302
       3      0.63599313
       4      0.49278647
       5      0.27587586
       6      0.16700172
       7      0.15931921
       8      0.13131804
       9      0.14446084
      10      0.33216727
      11      0.72907268
      12      0.91523311
      13     0.50
 
       1 0.0
       2 0.0
       3 0.0
       4 0.0
       5 0.0
       6 0.0
       7 0.0
       8 0.0
       9 0.0
      10 0.0
      11 0.0
      12 0.0
      13 0.0
 
       1     0.028890974
       2     0.022907001
       3     0.017478734
       4     0.013470997
       5    0.0076805291
       6    0.0049301727
       7    0.0048728409
       8    0.0038281066
       9    0.0043621037
      10    0.0089449402
      11     0.018874802
      12     0.023599252
      13   0.0133
 
       1       1.0000000
       2       1.0000000
       3       1.0000000
       4       1.0000000
       5       1.0000000
       6       1.0000000
       7       1.0000000
       8       1.0000000
       9       1.0000000
      10       1.0000000
      11       1.0000000
      12       1.0000000
      13   1.0000
 
       1       0.0000000
       2       0.0000000
       3       0.0000000
       4       0.0000000
       5       0.0000000
       6       0.0000000
       7       0.0000000
       8       0.0000000
       9       0.0000000
      10       0.0000000
      11       0.0000000
      12       0.0000000
      13   0.0000
 
       1      0.66043664
       2      0.57376461
       3      0.54352155
       4      0.48218581
       5      0.34378909
       6      0.33062497
       7      0.44216351
       8      0.47728362
       9      0.51893436
      10      0.56117170
      11      0.63771697
      12      0.68908299
      13   0.5217
 
