       1       130.59295
       2       144.88357
       3       150.70657
       4       142.12786
       5       180.95990
       6       125.79261
       7       132.12015
       8       124.51565
       9       103.70728
      10       102.89222
      11       109.92693
      12       104.94602
      13  1553.17
 
       1       87.256516
       2       93.256796
       3       103.33793
       4       86.854462
       5       108.92222
       6       75.724367
       7       73.764451
       8       72.362262
       9       64.908838
      10       67.267330
      11       77.171895
      12       69.165540
      13   979.99
 
       1       10.288119
       2       10.598334
       3       14.562439
       4       8.4435436
       5       9.7236470
       6       7.8033701
       7       6.8747519
       8       6.7907798
       9       6.7717192
      10       7.3988650
      11       9.6652520
      12       7.3429634
      13   106.26
 
       1       10.608164
       2       10.903602
       3       16.372982
       4       9.8996969
       5       13.180126
       6       15.462467
       7       16.236458
       8       14.306288
       9       11.155966
      10       7.6697557
      11       12.308972
      12       7.4435781
      13   145.55
 
       1       9.0981631
       2       10.569486
       3       15.683556
       4       14.081679
       5       20.271010
       6       19.229419
       7       21.226552
       8       23.473815
       9       22.858535
      10       18.103648
      11       15.474176
      12       10.004822
      13   200.07
 
       1       8.7899214
       2       12.813885
       3       17.859158
       4       16.540664
       5       24.245501
       6       19.569842
       7       16.959836
       8       16.638975
       9       14.395860
      10       10.931362
      11       10.764204
      12       6.9673604
      13    14.71
 
       1 0.0
       2 0.0
       3 0.0
       4 0.0
       5 0.0
       6 0.0
       7 0.0
       8 0.0
       9 0.0
      10 0.0
      11 0.0
      12 0.0
      13 0.0
 
       1      0.11968966
       2      0.17550475
       3      0.24919289
       4      0.21823618
       5      0.32319229
       6      0.25797911
       7      0.21677338
       8      0.21390517
       9      0.18663806
      10      0.14192310
      11      0.14582935
      12     0.093039840
      13   0.1952
 
       1      0.88999235
       2      0.88983649
       3      0.89053692
       4      0.88884771
       5      0.88854247
       6      0.88876994
       7      0.88863843
       8      0.88947088
       9      0.88891846
      10      0.88916230
      11      0.89071812
      12      0.89067939
      13   0.8895
 
       1     0.013805547
       2     0.020119595
       3     0.028244513
       4     0.025602746
       5     0.037595568
       6     0.030267506
       7     0.025858019
       8     0.025458565
       9     0.022156789
      10     0.016877717
      11     0.016902576
      12     0.010888017
      13   0.0228
 
       1      0.71807652
       2      0.74981620
       3      0.84842961
       4      0.77016385
       5      0.86277179
       6      0.87631705
       7      0.82589444
       8      0.82747213
       9      0.81440675
      10      0.70414447
      11      0.72137703
      12      0.67200029
      13   0.7826
 
