       1       120.13884
       2       104.46331
       3       143.61722
       4       146.53324
       5       174.63809
       6       142.03209
       7       130.58682
       8       133.88010
       9       107.49771
      10       102.80376
      11       168.67340
      12       179.20383
      13  1654.07
 
       1       83.933734
       2       68.543744
       3       91.696303
       4       89.762815
       5       107.52838
       6       84.683513
       7       74.233509
       8       76.534288
       9       68.455080
      10       67.952942
      11       111.48243
      12       124.04060
      13  1048.85
 
       1       10.705296
       2       7.7632347
       3       10.038007
       4       8.2754290
       5       9.8048497
       6       7.5339315
       7       7.0260316
       8       7.1621225
       9       7.4464257
      10       7.4121628
      11       11.713864
      12       16.448895
      13   111.33
 
       1       11.733633
       2       9.3503194
       3       11.332244
       4       10.592528
       5       13.636748
       6       14.793968
       7       16.430901
       8       16.451514
       9       10.535556
      10       7.0517306
      11       13.788146
      12       22.269417
      13   157.97
 
       1       9.7950511
       2       9.2645953
       3       14.526892
       4       14.434411
       5       19.506252
       6       16.907821
       7       22.422375
       8       25.718858
       9       23.128796
      10       15.665308
      11       24.423130
      12       19.279580
      13   215.07
 
       1       9.4853474
       2       10.270449
       3       14.768422
       4       17.585274
       5       25.771594
       6       22.966965
       7       17.621754
       8       17.177410
       9       15.064574
      10       10.810662
      11       12.742906
      12       12.666832
      13    15.58
 
       1 0.0
       2 0.0
       3 0.0
       4 0.0
       5 0.0
       6 0.0
       7 0.0
       8 0.0
       9 0.0
      10 0.0
      11 0.0
      12 0.0
      13 0.0
 
       1      0.12844873
       2      0.13708987
       3      0.19798448
       4      0.22955609
       5      0.34706950
       6      0.30720329
       7      0.22465511
       8      0.21871446
       9      0.19512758
      10      0.14043898
      11      0.17143942
      12      0.17410330
      13   0.2060
 
       1      0.88128964
       2      0.88194712
       3      0.88243512
       4      0.88221588
       5      0.88267827
       6      0.88160451
       7      0.88151471
       8      0.88198087
       9      0.88184394
      10      0.88232697
      11      0.88368180
      12      0.88285227
      13   0.8822
 
       1     0.015707291
       2     0.016902994
       3     0.024249109
       4     0.028502023
       5     0.042377044
       6     0.037619550
       7     0.028160899
       8     0.027471861
       9     0.024344350
      10     0.017550941
      11     0.020944259
      12     0.021016770
      13   0.0254
 
       1      0.70529032
       2      0.70205747
       3      0.75709814
       4      0.76895644
       5      0.86410951
       6      0.90466836
       7      0.85479920
       8      0.82672725
       9      0.81539961
      10      0.73650882
      11      0.71445817
      12      0.74723933
      13   0.7831
 
