       1       471.88055
       2       426.06892
       3       453.43901
       4       462.71910
       5       535.06135
       6       530.07317
       7       517.89220
       8       565.88669
       9       471.77415
      10       466.38394
      11       452.58628
      12       468.47550
      13  5822.24
 
       1       284.20011
       2       262.36412
       3       279.90579
       4       285.89237
       5       327.39004
       6       321.97724
       7       314.05026
       8       344.60440
       9       291.67271
      10       287.57389
      11       277.21428
      12       284.49567
      13  3561.34
 
       1       36.101296
       2       32.487120
       3       35.130292
       4       34.876039
       5       39.550175
       6       39.460133
       7       39.104056
       8       42.968220
       9       35.977731
      10       35.448091
      11       34.231736
      12       35.495914
      13   440.83
 
       1       130.86005
       2       111.17685
       3       118.96239
       4       118.49608
       5       142.09433
       6       141.57954
       7       137.74582
       8       150.84100
       9       122.18151
      10       122.46637
      11       119.85101
      12       127.50091
      13  1543.76
 
       1       21.161160
       2       19.105155
       3       20.083437
       4       22.457495
       5       25.991706
       6       26.803079
       7       26.460671
       8       28.541348
       9       21.988438
      10       21.286530
      11       20.366084
      12       21.274438
      13   275.52
 
       1       5.8606466
       2       5.8720155
       3       5.5471152
       4       5.6188219
       5       6.2542828
       6       6.5076950
       7       6.2763029
       8       6.9040960
       9       6.0197649
      10       5.6480192
      11       5.6716026
      12       5.6788883
      13     5.99
 
       1 0.0
       2 0.0
       3 0.0
       4 0.0
       5 0.0
       6 0.0
       7 0.0
       8 0.0
       9 0.0
      10 0.0
      11 0.0
      12 0.0
      13 0.0
 
       1     0.024017888
       2     0.024558788
       3     0.023252480
       4     0.023500859
       5     0.025662976
       6     0.026631782
       7     0.025579235
       8     0.028231519
       9     0.025111384
      10     0.023171563
      11     0.023307144
      12     0.023429647
      13   0.0247
 
       1       1.0000000
       2       1.0000000
       3       1.0000000
       4       1.0000000
       5       1.0000000
       6       1.0000000
       7       1.0000000
       8       1.0000000
       9       1.0000000
      10       1.0000000
      11       1.0000000
      12       1.0000000
      13   1.0000
 
       1       0.0000000
       2       0.0000000
       3       0.0000000
       4       0.0000000
       5       0.0000000
       6       0.0000000
       7       0.0000000
       8       0.0000000
       9       0.0000000
      10       0.0000000
      11       0.0000000
      12       0.0000000
      13   0.0000
 
       1      0.73181060
       2      0.71730467
       3      0.68677911
       4      0.64871203
       5      0.65683051
       6      0.65246996
       7      0.68463136
       8      0.69923716
       9      0.69490176
      10      0.70808675
      11      0.69970623
      12      0.70827378
      13   0.6907
 
