       1       17.649254
       2       13.263001
       3       14.726956
       4       25.363185
       5       35.170287
       6       47.698921
       7       44.582992
       8       21.862664
       9       17.450699
      10       14.184432
      11       7.2770561
      12       10.771024
      13   270.00
 
       1       10.497073
       2       8.8909852
       3       9.8463430
       4       15.430818
       5       18.529241
       6       24.461508
       7       23.969566
       8       12.938554
       9       10.250091
      10       8.7761062
      11       5.5565494
      12       7.1768956
      13   156.32
 
       1       1.1959948
       2       1.2365926
       3       1.8030442
       4       2.9181022
       5       2.8249428
       6       3.3608774
       7       3.1626708
       8       2.0049272
       9       1.4154498
      10       1.1798192
      11      0.78622683
      12      0.89993751
      13    22.79
 
       1       1.0475617
       2       1.1939342
       3       2.6629686
       4       4.9842315
       5       4.7104558
       6       13.491883
       7       16.032269
       8       5.4229807
       9       2.2501763
      10      0.64656264
      11      0.91571811
      12       1.1012915
      13    54.46
 
       1      0.32737333
       2      0.45654053
       3       2.0190168
       4       5.9532494
       5       3.8003174
       6       7.2108525
       7       6.7648522
       8       3.9209485
       9       1.8804824
      10      0.36392649
      11      0.17647124
      12      0.29915034
      13    33.17
 
       1       1.0319075
       2       1.4636202
       3       2.4431850
       4       3.6685761
       5       3.7364586
       6       4.8030069
       7       3.6602368
       8       2.0741479
       9       1.5907215
      10       1.0754880
      11      0.79951786
      12      0.74836688
      13     2.26
 
       1 0.0
       2 0.0
       3 0.0
       4 0.0
       5 0.0
       6 0.0
       7 0.0
       8 0.0
       9 0.0
      10 0.0
      11 0.0
      12 0.0
      13 0.0
 
       1     0.028074837
       2     0.040817285
       3     0.069096253
       4     0.097058200
       5     0.097662807
       6      0.12355738
       7     0.088134237
       8     0.049821432
       9     0.039544981
      10     0.028834698
      11     0.022006615
      12     0.020779862
      13   0.0588
 
       1      0.88176238
       2      0.88192524
       3      0.88153468
       4      0.87863539
       5      0.87810256
       6      0.87839112
       7      0.87695272
       8      0.87558060
       9      0.87562417
      10      0.87996597
      11      0.88105490
      12      0.88235196
      13   0.8793
 
       1    0.0034425172
       2    0.0049613552
       3    0.0083183941
       4     0.012070550
       5     0.012134755
       6     0.015386706
       7     0.011318166
       8    0.0064663200
       9    0.0050756697
      10    0.0035778528
      11    0.0027144532
      12    0.0025445046
      13   0.0073
 
       1      0.86457214
       2      0.91401983
       3      0.95575694
       4      0.97087201
       5      0.98771409
       6      0.99011886
       7      0.98178450
       8      0.97646430
       9      0.98048177
      10      0.96911475
      11      0.92317220
      12      0.87973554
      13   0.9495
 
