       1       158.93738
       2       169.52047
       3       195.88282
       4       181.75538
       5       218.98520
       6       205.89824
       7       225.95334
       8       178.18099
       9       131.35852
      10       119.99627
      11       111.43031
      12       151.81253
      13  2049.71
 
       1       107.91412
       2       110.79600
       3       131.64504
       4       116.64828
       5       132.28546
       6       124.16783
       7       125.46603
       8       104.98788
       9       81.640584
      10       80.202721
      11       74.589285
      12       103.34829
      13  1293.69
 
       1       14.353279
       2       14.000565
       3       19.008583
       4       16.145242
       5       15.653362
       6       15.545130
       7       13.603264
       8       12.605418
       9       10.109468
      10       10.686848
      11       9.5270097
      12       13.085336
      13   164.32
 
       1       18.773060
       2       19.136098
       3       24.607205
       4       22.654110
       5       25.641718
       6       41.360062
       7       43.615419
       8       29.291519
       9       16.353473
      10       15.216028
      11       14.177664
      12       18.705188
      13   289.53
 
       1       15.218374
       2       15.608555
       3       23.762092
       4       22.311719
       5       29.179804
       6       44.172496
       7       41.036641
       8       38.102367
       9       23.820006
      10       19.067650
      11       14.672671
      12       16.010445
      13   302.96
 
       1       13.443323
       2       16.830730
       3       24.260747
       4       26.976283
       5       30.583294
       6       31.450031
       7       26.977237
       8       22.330209
       9       16.568367
      10       14.998782
      11       11.561681
      12       12.525686
      13    20.71
 
       1 0.0
       2 0.0
       3 0.0
       4 0.0
       5 0.0
       6 0.0
       7 0.0
       8 0.0
       9 0.0
      10 0.0
      11 0.0
      12 0.0
      13 0.0
 
       1     0.016000478
       2     0.020133392
       3     0.029080573
       4     0.031670871
       5     0.035479692
       6     0.036267357
       7     0.030047669
       8     0.024889540
       9     0.018425930
      10     0.017113058
      11     0.013415803
      12     0.014888274
      13   0.0240
 
       1      0.93137851
       2      0.93104084
       3      0.93136327
       4      0.93055021
       5      0.92990115
       6      0.93007932
       7      0.93108256
       8      0.93169578
       9      0.92979619
      10      0.93030521
      11      0.93121617
      12      0.93158383
      13   0.9308
 
       1    0.0012273725
       2    0.0015366929
       3    0.0022177079
       4    0.0024476968
       5    0.0027581852
       6    0.0028187059
       7    0.0023812561
       8    0.0019765781
       9    0.0014712009
      10    0.0013494441
      11    0.0010480427
      12    0.0011431900
      13   0.0019
 
       1      0.29524158
       2      0.29159103
       3      0.33542906
       4      0.35196772
       5      0.38375049
       6      0.39476679
       7      0.34338533
       8      0.31305490
       9      0.30452414
      10      0.30859815
      11      0.29739025
      12      0.27902156
      13   0.3249
 
