       1       6.8337879
       2       11.881230
       3       19.166921
       4       31.303424
       5       45.420361
       6       46.824423
       7       45.258949
       8       24.755707
       9       17.609678
      10       10.198549
      11       13.681577
      12       14.504207
      13   287.44
 
       1       5.0128427
       2       7.9432853
       3       12.269983
       4       18.924972
       5       24.468585
       6       23.919492
       7       23.039111
       8       14.091667
       9       10.330073
      10       6.4714073
      11       8.8194912
      12       9.9411849
      13   165.23
 
       1      0.65574546
       2       1.1903413
       3       2.1629158
       4       3.3853351
       5       3.6262898
       6       3.0494506
       7       3.0104875
       8       2.0686395
       9       1.3781449
      10      0.95432907
      11       1.0494772
      12       1.2088957
      13    23.74
 
       1      0.85564808
       2       1.1720428
       3       2.4363699
       4       5.1232110
       5       8.5864356
       6       14.609657
       7       16.183611
       8       6.6461293
       9       2.9482989
      10       1.2024202
      11      0.80558019
      12      0.93702639
      13    61.51
 
       1      0.28035201
       2      0.28161175
       3       1.3967548
       4       4.6414868
       5       5.7081805
       6       7.2564979
       7       6.3849054
       8       4.0655757
       9       2.2450835
      10      0.50989130
      11      0.33054625
      12      0.16892107
      13    33.27
 
       1      0.54637200
       2       1.0593990
       3       2.1750769
       4       4.4892510
       5       4.5627002
       6       4.0173364
       7       3.4478208
       8       2.1797867
       9       1.5882105
      10       1.0637572
      11      0.77354861
      12      0.75979730
      13     2.22
 
       1 0.0
       2 0.0
       3 0.0
       4 0.0
       5 0.0
       6 0.0
       7 0.0
       8 0.0
       9 0.0
      10 0.0
      11 0.0
      12 0.0
      13 0.0
 
       1     0.011812163
       2     0.022566341
       3     0.045980159
       4     0.095730943
       5     0.095321226
       6     0.078646091
       7     0.065449787
       8     0.041205847
       9     0.030909439
      10     0.023080059
      11     0.016747015
      12     0.017307785
      13   0.0454
 
       1      0.82956720
       2      0.82592650
       3      0.82650952
       4      0.82740439
       5      0.82800010
       6      0.82427422
       7      0.82481376
       8      0.82268334
       9      0.82325128
      10      0.83018471
      11      0.83130565
      12      0.83639652
      13   0.8275
 
       1    0.0021011163
       2    0.0040223774
       3    0.0081358384
       4     0.016831140
       5     0.016834659
       6     0.014307644
       7     0.012095553
       8    0.0077141021
       9    0.0057152261
      10    0.0040527381
      11    0.0029465596
      12    0.0029531882
      13   0.0081
 
       1      0.84238523
       2      0.91393010
       3      0.94855407
       4      0.96784883
       5      0.98138371
       6      0.98406089
       7      0.96394888
       8      0.96997438
       9      0.96976226
      10      0.95936120
      11      0.92656864
      12      0.91401039
      13   0.9451
 
