       1       151.46410
       2       193.40754
       3       150.54051
       4       176.10222
       5       164.92236
       6       149.11628
       7       135.02876
       8       148.82893
       9       99.295582
      10       95.802755
      11       87.197438
      12       128.61171
      13  1680.32
 
       1       102.27026
       2       129.97692
       3       97.035891
       4       110.92902
       5       102.87194
       6       87.377838
       7       74.959133
       8       84.736393
       9       62.487168
      10       64.624226
      11       58.078674
      12       89.169721
      13  1064.52
 
       1       13.271788
       2       16.835556
       3       11.104357
       4       11.756255
       5       9.9993409
       6       7.5905467
       7       6.8576556
       8       7.3451583
       9       6.5776301
      10       7.2868870
      11       7.0716681
      12       11.690971
      13   117.39
 
       1       15.552155
       2       19.013586
       3       12.491083
       4       15.522735
       5       15.311965
       6       14.984177
       7       18.152659
       8       18.303660
       9       11.126270
      10       6.8965990
      11       8.6496786
      12       16.425768
      13   172.43
 
       1       12.403127
       2       15.589296
       3       14.746195
       4       19.392354
       5       18.590767
       6       19.025344
       7       21.653374
       8       28.173873
       9       21.597450
      10       14.952554
      11       10.508637
      12       16.219118
      13   212.85
 
       1       10.571062
       2       17.304942
       3       15.372103
       4       22.463981
       5       25.154194
       6       24.106225
       7       17.261085
       8       19.074148
       9       14.172360
      10       10.889357
      11       7.7251005
      12       9.1862886
      13    16.11
 
       1 0.0
       2 0.0
       3 0.0
       4 0.0
       5 0.0
       6 0.0
       7 0.0
       8 0.0
       9 0.0
      10 0.0
      11 0.0
      12 0.0
      13 0.0
 
       1      0.14472541
       2      0.23683352
       3      0.20686889
       4      0.30334967
       5      0.33850109
       6      0.31714079
       7      0.21974615
       8      0.24305281
       9      0.18148577
      10      0.14097819
      11      0.10213178
      12      0.12394545
      13   0.2132
 
       1      0.88236864
       2      0.88326663
       3      0.88204931
       4      0.88285841
       5      0.88247522
       6      0.87950306
       7      0.88112644
       8      0.88165046
       9      0.88088755
      10      0.88112668
      11      0.88331287
      12      0.88169391
      13   0.8819
 
       1     0.017546083
       2     0.028614556
       3     0.025303048
       4     0.036905689
       5     0.041350660
       6     0.039186992
       7     0.027559605
       8     0.030516706
       9     0.022823886
      10     0.017662979
      11     0.012716997
      12     0.015148493
      13   0.0263
 
       1      0.72989509
       2      0.81903304
       3      0.79601799
       4      0.80181835
       5      0.89048162
       6      0.91645918
       7      0.85784757
       8      0.85051435
       9      0.82386040
      10      0.74935907
      11      0.64618542
      12      0.66394263
      13   0.7955
 
