       1       466.66654
       2       416.54560
       3       512.55822
       4       467.45993
       5       493.59316
       6       501.32721
       7       517.00204
       8       513.17374
       9       470.97919
      10       465.17038
      11       469.47016
      12       476.03803
      13  5769.98
 
       1       284.92118
       2       250.07267
       3       313.44340
       4       288.66575
       5       299.31140
       6       302.82892
       7       310.71401
       8       310.18053
       9       293.36160
      10       287.23965
      11       290.74148
      12       287.16733
      13  3518.65
 
       1       35.316618
       2       32.435750
       3       39.228518
       4       35.296613
       5       36.312835
       6       37.946268
       7       39.031875
       8       39.340120
       9       36.177217
      10       35.586016
      11       35.079047
      12       36.039184
      13   437.79
 
       1       127.59965
       2       113.26962
       3       136.56233
       4       121.62132
       5       131.72281
       6       135.15201
       7       140.64222
       8       136.85675
       9       122.07061
      10       120.13466
      11       122.97989
      12       130.85435
      13  1539.47
 
       1       19.554193
       2       20.082640
       3       22.943883
       4       21.390115
       5       25.133823
       6       26.418923
       7       27.504817
       8       25.442055
       9       21.326952
      10       20.523208
      11       21.603709
      12       22.503393
      13   274.43
 
       1       5.6531542
       2       5.6821116
       3       6.1192319
       4       5.7021806
       5       5.8328950
       6       6.3348185
       7       6.2962695
       8       6.4772965
       9       6.0386269
      10       5.6084771
      11       5.8353101
      12       5.7584198
      13     5.94
 
       1 0.0
       2 0.0
       3 0.0
       4 0.0
       5 0.0
       6 0.0
       7 0.0
       8 0.0
       9 0.0
      10 0.0
      11 0.0
      12 0.0
      13 0.0
 
       1     0.023672433
       2     0.023211671
       3     0.025428582
       4     0.023677651
       5     0.023687703
       6     0.025563037
       7     0.025335752
       8     0.026191835
       9     0.025320664
      10     0.023461244
      11     0.024397069
      12     0.023541877
      13   0.0245
 
       1       1.0000000
       2       1.0000000
       3       1.0000000
       4       1.0000000
       5       1.0000000
       6       1.0000000
       7       1.0000000
       8       1.0000000
       9       1.0000000
      10       1.0000000
      11       1.0000000
      12       1.0000000
      13   1.0000
 
       1       0.0000000
       2       0.0000000
       3       0.0000000
       4       0.0000000
       5       0.0000000
       6       0.0000000
       7       0.0000000
       8       0.0000000
       9       0.0000000
      10       0.0000000
      11       0.0000000
      12       0.0000000
      13   0.0000
 
       1      0.72146236
       2      0.67991040
       3      0.64796503
       4      0.63577515
       5      0.59318236
       6      0.58726373
       7      0.62168728
       8      0.64983546
       9      0.67095857
      10      0.69426983
      11      0.70139809
      12      0.70715939
      13   0.6592
 
