       1       130.61188
       2       141.00405
       3       177.86121
       4       169.94051
       5       123.88664
       6       113.99265
       7       111.43513
       8       114.77205
       9       99.900471
      10       82.287676
      11       118.28710
      12       110.02704
      13  1494.01
 
       1       89.828605
       2       90.758627
       3       111.72036
       4       110.40633
       5       77.632837
       6       70.026404
       7       64.019379
       8       67.144107
       9       63.360448
      10       54.588157
      11       77.165549
      12       77.824374
      13   954.48
 
       1       11.377570
       2       10.554699
       3       12.150316
       4       14.437710
       5       8.6651080
       6       8.0763358
       7       6.3175760
       8       6.8083439
       9       7.1425034
      10       6.5976554
      11       8.1873615
      12       9.8597178
      13   110.17
 
       1       12.390073
       2       13.517244
       3       14.621174
       4       22.439839
       5       10.876692
       6       14.373568
       7       13.674249
       8       14.554502
       9       10.947640
      10       7.5810564
      11       10.995908
      12       12.120622
      13   158.09
 
       1       11.294516
       2       13.299342
       3       15.291198
       4       22.983707
       5       16.300388
       6       16.024367
       7       16.654142
       8       22.683881
       9       19.411385
      10       14.223951
      11       15.712313
      12       11.152238
      13   195.03
 
       1       9.9247143
       2       12.245734
       3       16.326212
       4       21.439234
       5       17.256732
       6       17.700771
       7       13.881022
       8       14.341409
       9       13.161245
      10       9.2774112
      11       10.399036
      12       8.5108505
      13    13.71
 
       1 0.0
       2 0.0
       3 0.0
       4 0.0
       5 0.0
       6 0.0
       7 0.0
       8 0.0
       9 0.0
      10 0.0
      11 0.0
      12 0.0
      13 0.0
 
       1      0.10409649
       2      0.12783909
       3      0.16812155
       4      0.22345660
       5      0.17191825
       6      0.17711323
       7      0.13400047
       8      0.13978236
       9      0.12933272
      10     0.090606342
      11      0.10581019
      12     0.089352684
      13   0.1385
 
       1      0.93365937
       2      0.93323959
       3      0.93237782
       4      0.93250123
       5      0.93172050
       6      0.93070278
       7      0.93193026
       8      0.93286788
       9      0.93212942
      10      0.93296615
      11      0.93465532
      12      0.93368314
      13   0.9327
 
       1    0.0073057179
       2    0.0089784941
       3     0.011917543
       4     0.015678095
       5     0.012533590
       6     0.012855808
       7    0.0099662248
       8     0.010325733
       9    0.0095123424
      10    0.0067244195
      11    0.0075912481
      12    0.0062729153
      13   0.0100
 
       1      0.68352213
       2      0.73336341
       3      0.71610419
       4      0.83931917
       5      0.79296310
       6      0.88231121
       7      0.76840190
       8      0.76930710
       9      0.78915568
      10      0.66929250
      11      0.64841894
      12      0.67998931
      13   0.7477
 
