       1       497.01374
       2       442.29829
       3       475.71098
       4       473.50893
       5       513.95824
       6       508.08513
       7       530.09441
       8       492.35001
       9       444.78850
      10       465.96402
      11       459.62605
      12       490.65442
      13  5794.05
 
       1       299.42782
       2       268.61978
       3       291.50224
       4       292.59480
       5       315.30466
       6       305.10025
       7       318.50352
       8       300.19498
       9       274.51151
      10       285.79669
      11       280.54851
      12       296.00645
      13  3528.11
 
       1       37.987205
       2       34.391903
       3       36.442782
       4       35.495601
       5       38.666863
       6       38.751457
       7       40.305019
       8       38.769015
       9       33.972808
      10       35.327296
      11       34.264924
      12       37.038576
      13   441.41
 
       1       136.68374
       2       119.61608
       3       125.24237
       4       123.26171
       5       133.89802
       6       137.05472
       7       143.11901
       8       130.56568
       9       115.15647
      10       124.35557
      11       123.60515
      12       134.50627
      13  1547.06
 
       1       22.531472
       2       20.681377
       3       21.679044
       4       23.368242
       5       25.331742
       6       26.395560
       7       27.146288
       8       24.718171
       9       20.547266
      10       21.397252
      11       20.443120
      12       22.471980
      13   276.71
 
       1       6.0908412
       2       5.9705832
       3       5.6171737
       4       5.7018355
       5       6.1374940
       6       6.5981717
       7       6.5143447
       8       6.3430813
       9       5.6438772
      10       5.5791071
      11       5.6826736
      12       6.0006083
      13     5.99
 
       1 0.0
       2 0.0
       3 0.0
       4 0.0
       5 0.0
       6 0.0
       7 0.0
       8 0.0
       9 0.0
      10 0.0
      11 0.0
      12 0.0
      13 0.0
 
       1     0.025125276
       2     0.024823043
       3     0.023368431
       4     0.023736577
       5     0.025359433
       6     0.026483321
       7     0.026346717
       8     0.025821923
       9     0.023507660
      10     0.022990211
      11     0.023306029
      12     0.024461705
      13   0.0246
 
       1       1.0000000
       2       1.0000000
       3       1.0000000
       4       1.0000000
       5       1.0000000
       6       1.0000000
       7       1.0000000
       8       1.0000000
       9       1.0000000
      10       1.0000000
      11       1.0000000
      12       1.0000000
      13   1.0000
 
       1       0.0000000
       2       0.0000000
       3       0.0000000
       4       0.0000000
       5       0.0000000
       6       0.0000000
       7       0.0000000
       8       0.0000000
       9       0.0000000
      10       0.0000000
      11       0.0000000
      12       0.0000000
      13   0.0000
 
       1      0.74303957
       2      0.72299358
       3      0.66993593
       4      0.64678494
       5      0.63642707
       6      0.61342449
       7      0.65063433
       8      0.67769436
       9      0.68387697
      10      0.70057237
      11      0.69983222
      12      0.72143650
      13   0.6806
 
