       1       148.50329
       2       156.65019
       3       187.25382
       4       179.66862
       5       255.51146
       6       241.83954
       7       264.47947
       8       197.62717
       9       133.82853
      10       112.65798
      11       130.49427
      12       174.07724
      13  2182.59
 
       1       101.61195
       2       105.83606
       3       119.34846
       4       114.90153
       5       152.71352
       6       142.70710
       7       145.62363
       8       114.06828
       9       84.693018
      10       73.362695
      11       88.496374
      12       115.76682
      13  1359.13
 
       1       13.953271
       2       15.081749
       3       15.312897
       4       15.416266
       5       17.142997
       6       17.186350
       7       15.800980
       8       13.379176
       9       11.008511
      10       9.2825257
      11       11.973729
      12       14.817125
      13   170.36
 
       1       18.419617
       2       18.285009
       3       21.274332
       4       25.350537
       5       32.563815
       6       47.792732
       7       52.943720
       8       36.426471
       9       19.140381
      10       12.224923
      11       18.216037
      12       18.662961
      13   321.30
 
       1       14.967887
       2       15.073799
       3       18.610044
       4       24.191657
       5       34.842439
       6       48.766767
       7       51.201643
       8       41.372775
       9       29.414624
      10       14.519462
      11       17.925260
      12       18.716581
      13   329.60
 
       1       12.374663
       2       16.947934
       3       20.430861
       4       27.608338
       5       37.287062
       6       40.177822
       7       34.031115
       8       25.070138
       9       18.833085
      10       12.812163
      11       13.119983
      12       13.409178
      13    22.68
 
       1 0.0
       2 0.0
       3 0.0
       4 0.0
       5 0.0
       6 0.0
       7 0.0
       8 0.0
       9 0.0
      10 0.0
      11 0.0
      12 0.0
      13 0.0
 
       1     0.011936386
       2     0.016628161
       3     0.019572729
       4     0.026364774
       5     0.035617793
       6     0.038632720
       7     0.031702349
       8     0.023173128
       9     0.017486506
      10     0.011855552
      11     0.012619830
      12     0.013069937
      13   0.0216
 
       1      0.88218816
       2      0.88218075
       3      0.88146475
       4      0.88017497
       5      0.87988688
       6      0.88187590
       7      0.88221908
       8      0.88454624
       9      0.88212657
      10      0.88333323
      11      0.88590242
      12      0.88548196
      13   0.8826
 
       1    0.0015851913
       2    0.0021801936
       3    0.0026063081
       4    0.0035201004
       5    0.0047410017
       6    0.0051093538
       7    0.0042616337
       8    0.0031400770
       9    0.0023738892
      10    0.0016197066
      11    0.0016789015
      12    0.0017215871
      13   0.0029
 
       1      0.26023669
       2      0.28331178
       3      0.30505358
       4      0.34374849
       5      0.37776648
       6      0.40032641
       7      0.36370784
       8      0.32829872
       9      0.30280068
      10      0.28430591
      11      0.27215362
      12      0.27232418
      13   0.3162
 
