       1       12.746953
       2       11.884010
       3       17.304662
       4       22.855026
       5       36.014364
       6       39.155311
       7       41.447235
       8       26.064143
       9       21.343871
      10       15.171401
      11       7.9451349
      12       9.5482083
      13   261.48
 
       1       8.0632847
       2       8.3782808
       3       11.123087
       4       13.281659
       5       19.397599
       6       20.513280
       7       21.720181
       8       14.251424
       9       12.320266
      10       9.4693791
      11       5.9568478
      12       6.9978187
      13   151.47
 
       1       1.0568210
       2       1.2641059
       3       1.7442245
       4       2.3489048
       5       2.7373317
       6       2.5324733
       7       2.9648778
       8       1.8743272
       9       1.5855066
      10       1.2843743
      11      0.85328375
      12      0.92280784
      13    21.17
 
       1       1.0375732
       2       1.0585811
       3       2.8127505
       4       2.7699946
       5       5.3481232
       6       10.135592
       7       14.903328
       8       6.6730137
       9       4.1091467
      10       1.0601215
      11      0.90950349
      12      0.48373012
      13    51.30
 
       1      0.39715732
       2      0.22051606
       3       1.5868495
       4       2.1179483
       5       3.7186244
       6       4.7920403
       7       5.6794694
       8       3.4244912
       9       2.1890362
      10      0.61959601
      11      0.30363527
      12      0.12410048
      13    25.17
 
       1      0.86504033
       2       1.1105874
       3       1.9067139
       4       2.8221148
       5       3.4754402
       6       3.2588151
       7       3.4692694
       8       2.1582844
       9       1.9145921
      10       1.3076225
      11      0.82214855
      12      0.60728099
      13     1.98
 
       1 0.0
       2 0.0
       3 0.0
       4 0.0
       5 0.0
       6 0.0
       7 0.0
       8 0.0
       9 0.0
      10 0.0
      11 0.0
      12 0.0
      13 0.0
 
       1     0.018360079
       2     0.023186080
       3     0.037702060
       4     0.056474765
       5     0.068750241
       6     0.061612591
       7     0.064719238
       8     0.039909082
       9     0.036927662
      10     0.027098063
      11     0.017555013
      12     0.013218340
      13   0.0388
 
       1      0.93282936
       2      0.93171938
       3      0.92926947
       4      0.92851072
       5      0.92941937
       6      0.92807517
       7      0.92912037
       8      0.92682993
       9      0.93003340
      10      0.93238270
      11      0.93249647
      12      0.93399984
      13   0.9304
 
       1    0.0012977021
       2    0.0016559074
       3    0.0027921112
       4    0.0041358291
       5    0.0050553551
       6    0.0046484391
       7    0.0049351244
       8    0.0030730205
       9    0.0027686656
      10    0.0019410990
      11    0.0012377427
      12   0.00091988842
      13   0.0029
 
       1      0.85080472
       2      0.86352120
       3      0.85582141
       4      0.95770088
       5      0.97686888
       6      0.97625521
       7      0.96780718
       8      0.96698790
       9      0.96791874
      10      0.91308893
      11      0.93375625
      12      0.85502147
      13   0.9238
 
