       1       110.33311
       2       112.49348
       3       150.63104
       4       160.56354
       5       132.34234
       6       119.33111
       7       118.74005
       8       124.03703
       9       123.76229
      10       89.231608
      11       95.024697
      12       128.87394
      13  1465.36
 
       1       73.859833
       2       77.886530
       3       97.972739
       4       99.275985
       5       82.259388
       6       73.048336
       7       68.260221
       8       72.453884
       9       78.153882
      10       59.802819
      11       63.890308
      12       89.484125
      13   936.35
 
       1       8.5150302
       2       10.785979
       3       12.658044
       4       11.124267
       5       9.4592831
       6       7.9701222
       7       6.8709004
       8       7.0577938
       9       8.9894932
      10       7.5023423
      11       7.1291643
      12       11.853559
      13   109.92
 
       1       8.9126372
       2       10.818490
       3       13.506681
       4       14.863855
       5       14.311823
       6       15.897221
       7       14.985475
       8       13.943296
       9       13.350968
      10       8.9022757
      11       9.1685782
      12       15.271695
      13   153.93
 
       1       9.1421178
       2       11.318959
       3       13.616230
       4       17.423264
       5       15.798351
       6       16.846978
       7       19.427326
       8       21.390633
       9       22.852990
      10       18.640679
      11       12.291504
      12       12.407992
      13   191.16
 
       1       8.3009203
       2       11.945424
       3       14.738517
       4       17.743347
       5       17.358996
       6       17.720871
       7       15.605181
       8       15.889936
       9       15.704118
      10       10.586003
      11       8.4233408
      12       9.7741391
      13    13.65
 
       1 0.0
       2 0.0
       3 0.0
       4 0.0
       5 0.0
       6 0.0
       7 0.0
       8 0.0
       9 0.0
      10 0.0
      11 0.0
      12 0.0
      13 0.0
 
       1     0.085036183
       2      0.12635111
       3      0.15440895
       4      0.18000819
       5      0.17232024
       6      0.17552499
       7      0.15260529
       8      0.15502718
       9      0.15610540
      10      0.10499220
      11     0.084727213
      12      0.10332349
      13   0.1375
 
       1      0.93263421
       2      0.93395792
       3      0.93335310
       4      0.93152137
       5      0.93045377
       6      0.93065167
       7      0.93260082
       8      0.93244453
       9      0.93253420
      10      0.93240665
      11      0.93265148
      12      0.93323318
      13   0.9324
 
       1    0.0060871663
       2    0.0088112689
       3     0.010804888
       4     0.012899037
       5     0.012576677
       6     0.012824662
       7     0.011232621
       8     0.011428915
       9     0.011365315
      10    0.0076931088
      11    0.0061500335
      12    0.0072037493
      13   0.0099
 
       1      0.64491827
       2      0.72629401
       3      0.82188014
       4      0.78975279
       5      0.84333543
       6      0.85077017
       7      0.77523715
       8      0.77594227
       9      0.81167987
      10      0.72466098
      11      0.66540758
      12      0.67584182
      13   0.7588
 
