       1       144.91130
       2       155.26994
       3       192.00828
       4       209.73251
       5       202.18481
       6       216.31655
       7       221.78356
       8       188.78347
       9       166.68050
      10       122.60824
      11       123.41457
      12       171.59346
      13  2115.29
 
       1       95.877747
       2       106.18674
       3       126.40651
       4       130.20709
       5       123.74738
       6       126.11477
       7       124.83049
       8       110.26410
       9       105.03892
      10       81.030916
      11       82.156633
      12       116.96958
      13  1328.83
 
       1       11.669544
       2       15.727104
       3       18.211995
       4       16.757336
       5       16.261117
       6       15.345570
       7       14.259857
       8       12.658624
       9       13.193767
      10       10.797975
      11       9.8527507
      12       16.069790
      13   170.81
 
       1       15.920587
       2       19.240209
       3       24.810228
       4       27.180876
       5       30.835445
       6       42.860619
       7       44.971011
       8       31.839465
       9       23.215968
      10       14.854306
      11       15.282547
      12       23.040532
      13   314.05
 
       1       13.042350
       2       16.825778
       3       20.575366
       4       25.374804
       5       29.628813
       6       36.329041
       7       40.407268
       8       36.731339
       9       30.576951
      10       21.651723
      11       15.096457
      12       17.059411
      13   303.30
 
       1       12.257956
       2       18.066764
       3       21.856646
       4       26.503747
       5       27.597025
       6       29.263114
       7       27.952027
       8       23.888054
       9       21.349218
      10       14.859190
      11       12.199069
      12       14.261528
      13    20.84
 
       1 0.0
       2 0.0
       3 0.0
       4 0.0
       5 0.0
       6 0.0
       7 0.0
       8 0.0
       9 0.0
      10 0.0
      11 0.0
      12 0.0
      13 0.0
 
       1     0.011446436
       2     0.017405902
       3     0.020972961
       4     0.024677894
       5     0.025266567
       6     0.026614936
       7     0.025145450
       8     0.021398208
       9     0.019378733
      10     0.013586073
      11     0.011286149
      12     0.013745853
      13   0.0192
 
       1      0.93882250
       2      0.93891739
       3      0.93817570
       4      0.93763059
       5      0.93698493
       6      0.93747846
       7      0.93893512
       8      0.94015219
       9      0.93822429
      10      0.93811552
      11      0.93945318
      12      0.94015948
      13   0.9386
 
       1   0.00081520721
       2    0.0012103823
       3    0.0014596468
       4    0.0017553588
       5    0.0018186014
       6    0.0019216439
       7    0.0018265863
       8    0.0015618330
       9    0.0014037670
      10   0.00098264322
      11   0.00080974160
      12   0.00095332079
      13   0.0014
 
       1      0.25944149
       2      0.29306159
       3      0.32406526
       4      0.33787987
       5      0.36760222
       6      0.37021784
       7      0.33276372
       8      0.30408523
       9      0.30982556
      10      0.28291632
      11      0.26823277
      12      0.27274891
      13   0.3102
 
