       1       136.99024
       2       115.73065
       3       136.97511
       4       123.44086
       5       143.68164
       6       142.52195
       7       119.57648
       8       112.28425
       9       90.931606
      10       90.626234
      11       121.93609
      12       126.26514
      13  1460.96
 
       1       94.347027
       2       77.837600
       3       87.800200
       4       76.899830
       5       87.831982
       6       86.097115
       7       66.656189
       8       66.006047
       9       58.464582
      10       59.317058
      11       80.181715
      12       89.518464
      13   930.96
 
       1       13.016812
       2       10.656252
       3       10.928650
       4       8.7611916
       5       9.4061893
       6       9.7329235
       7       6.5914959
       8       7.0871317
       9       7.1665862
      10       7.4230224
      11       8.9816965
      12       12.423441
      13   112.18
 
       1       14.658081
       2       11.167742
       3       11.550277
       4       10.141602
       5       12.271769
       6       20.490795
       7       14.217672
       8       14.530839
       9       9.4377393
      10       9.3152132
      11       8.7882062
      12       17.721376
      13   154.29
 
       1       8.7464735
       2       9.9811305
       3       13.701157
       4       13.276390
       5       16.182167
       6       20.632064
       7       16.795735
       8       21.373361
       9       17.006468
      10       18.314541
      11       11.589853
      12       14.906746
      13   182.51
 
       1       10.001880
       2       11.073571
       3       14.075454
       4       14.095325
       5       19.633977
       6       21.069169
       7       14.024109
       8       13.742773
       9       12.004681
      10       10.144440
      11       9.8370755
      12       10.285669
      13    13.33
 
       1 0.0
       2 0.0
       3 0.0
       4 0.0
       5 0.0
       6 0.0
       7 0.0
       8 0.0
       9 0.0
      10 0.0
      11 0.0
      12 0.0
      13 0.0
 
       1      0.10672091
       2      0.11669664
       3      0.14730053
       4      0.14389814
       5      0.20189985
       6      0.21605244
       7      0.13746069
       8      0.13464944
       9      0.11848946
      10      0.10076294
      11      0.10162311
      12      0.11094972
      13   0.1364
 
       1      0.87181067
       2      0.87008851
       3      0.87100483
       4      0.87119293
       5      0.87230795
       6      0.87046362
       7      0.87131472
       8      0.87208176
       9      0.87131745
      10      0.87120519
      11      0.87353637
      12      0.87269500
      13   0.8716
 
       1     0.014114654
       2     0.015570007
       3     0.019715885
       4     0.019577825
       5     0.027307782
       6     0.029154782
       7     0.019093820
       8     0.018754214
       9     0.016511208
      10     0.014008424
      11     0.013763546
      12     0.014587487
      13   0.0185
 
       1      0.67616016
       2      0.72035684
       3      0.76458412
       4      0.72857010
       5      0.77474559
       6      0.88954224
       7      0.77745520
       8      0.74227539
       9      0.76009948
      10      0.72146498
      11      0.68746138
      12      0.69725004
      13   0.7450
 
