       1       222.32105
       2       195.72354
       3       189.80502
       4       178.12166
       5       169.05711
       6       197.64377
       7       226.24586
       8       179.31861
       9       143.57556
      10       115.51431
      11       160.23235
      12       160.20901
      13  2137.77
 
       1       146.42003
       2       130.91479
       3       121.97909
       4       114.17519
       5       105.31240
       6       113.85335
       7       125.14384
       8       104.17767
       9       89.815899
      10       75.071132
      11       105.30148
      12       109.41411
      13  1341.58
 
       1       20.533165
       2       19.383313
       3       16.381505
       4       16.324101
       5       14.517469
       6       13.672058
       7       14.132677
       8       12.826570
       9       11.572098
      10       10.113081
      11       13.135296
      12       14.571916
      13   177.16
 
       1       29.299360
       2       28.903368
       3       21.731606
       4       23.895858
       5       24.587982
       6       38.700969
       7       47.222616
       8       34.566980
       9       19.574082
      10       13.549433
      11       18.485610
      12       22.215607
      13   322.73
 
       1       18.859534
       2       21.720724
       3       21.200357
       4       23.426753
       5       26.660657
       6       30.445467
       7       39.272640
       8       36.675082
       9       25.155021
      10       18.730510
      11       19.560928
      12       20.268203
      13   301.98
 
       1       17.972622
       2       20.032671
       3       21.371334
       4       26.558282
       5       26.042368
       6       25.944869
       7       26.991660
       8       21.785020
       9       18.439445
      10       13.271306
      11       15.189974
      12       14.474634
      13    20.67
 
       1 0.0
       2 0.0
       3 0.0
       4 0.0
       5 0.0
       6 0.0
       7 0.0
       8 0.0
       9 0.0
      10 0.0
      11 0.0
      12 0.0
      13 0.0
 
       1     0.017551746
       2     0.019497386
       3     0.020271288
       4     0.025341983
       5     0.024447490
       6     0.023648299
       7     0.024473887
       8     0.019762626
       9     0.016759693
      10     0.012276524
      11     0.014476275
      12     0.014114663
      13   0.0194
 
       1      0.88426534
       2      0.88312954
       3      0.88147842
       4      0.88182411
       5      0.87965690
       6      0.87937558
       7      0.88177646
       8      0.88372156
       9      0.88162940
      10      0.88244747
      11      0.88425538
      12      0.88329266
      13   0.8822
 
       1    0.0023025985
       2    0.0025639226
       3    0.0027171754
       4    0.0033839349
       5    0.0033026957
       6    0.0032383257
       7    0.0033468287
       8    0.0027099931
       9    0.0023052455
      10    0.0016773679
      11    0.0019324108
      12    0.0018563486
      13   0.0026
 
       1      0.28832243
       2      0.28116342
       3      0.30874640
       4      0.34007140
       5      0.34727004
       6      0.35476799
       7      0.32353849
       8      0.30458915
       9      0.30534281
      10      0.29069558
      11      0.27658518
      12      0.29058134
      13   0.3093
 
