       1       36.170353
       2       25.994687
       3       23.211238
       4       21.101132
       5       23.407098
       6       22.714787
       7       19.219665
       8       15.127923
       9       12.650078
      10       13.226837
      11       17.064765
      12       21.674931
      13   251.56
 
       1       17.987780
       2       13.636110
       3       12.863027
       4       11.849909
       5       13.307095
       6       13.260150
       7       11.293592
       8       8.9451473
       9       7.4903149
      10       7.4911349
      11       9.0714906
      12       11.305782
      13   138.50
 
       1       3.0450350
       2       2.1310153
       3       2.0897034
       4       1.7156661
       5       1.9292421
       6       1.7668376
       7       1.4394762
       8       1.1400380
       9      0.99358508
      10       1.0873900
      11       1.4096924
      12       1.7751561
      13    20.52
 
       1       12.013909
       2       8.3548299
       3       7.3288739
       4       6.1693451
       5       7.1418094
       6       6.9642135
       7       5.8699221
       8       4.7646153
       9       3.9812335
      10       4.3522951
      11       5.6752049
      12       6.9057101
      13    79.52
 
       1       1.7731003
       2       1.1257579
       3       1.1286468
       4      0.72359389
       5       1.0529180
       6      0.88806425
       7      0.82154013
       8      0.76378968
       9      0.86364902
      10       1.2778219
      11       1.3318886
      12       1.3970758
      13    13.15
 
       1      0.52362033
       2      0.40869205
       3      0.37791539
       4      0.34575647
       5      0.41826939
       6      0.41261686
       7      0.32592067
       8      0.25397800
       9      0.20971719
      10      0.20366105
      11      0.24932064
      12      0.29636191
      13     0.34
 
       1 0.0
       2 0.0
       3 0.0
       4 0.0
       5 0.0
       6 0.0
       7 0.0
       8 0.0
       9 0.0
      10 0.0
      11 0.0
      12 0.0
      13 0.0
 
       1     0.018995839
       2     0.015528071
       3     0.014554873
       4     0.013629872
       5     0.016087537
       6     0.016935902
       7     0.013635220
       8     0.010491669
       9    0.0087429071
      10    0.0079082496
      11    0.0093034009
      12     0.011310843
      13   0.0131
 
       1       1.0000000
       2       1.0000000
       3       1.0000000
       4       1.0000000
       5       1.0000000
       6       1.0000000
       7       1.0000000
       8       1.0000000
       9       1.0000000
      10       1.0000000
      11       1.0000000
      12       1.0000000
      13   1.0000
 
       1       0.0000000
       2       0.0000000
       3       0.0000000
       4       0.0000000
       5       0.0000000
       6       0.0000000
       7       0.0000000
       8       0.0000000
       9       0.0000000
      10       0.0000000
      11       0.0000000
      12       0.0000000
      13   0.0000
 
       1      0.32448292
       2      0.25571156
       3      0.17129141
       4      0.17811505
       5      0.24115171
       6      0.21164815
       7      0.22520991
       8      0.20423667
       9      0.22524119
      10      0.28916753
      11      0.36810303
      12      0.28876716
      13   0.2486
 
