       1       198.54987
       2       183.29854
       3       187.48349
       4       186.85596
       5       205.52377
       6       191.69444
       7       221.96444
       8       178.90200
       9       140.25140
      10       126.95067
      11       120.43015
      12       170.96476
      13  2112.87
 
       1       135.15783
       2       123.78322
       3       123.25837
       4       116.56884
       5       129.58071
       6       112.20361
       7       124.14633
       8       103.93028
       9       87.452632
      10       84.482001
      11       79.936595
      12       116.27935
      13  1336.78
 
       1       18.957146
       2       17.916170
       3       17.184588
       4       14.707017
       5       17.891962
       6       13.707179
       7       13.446872
       8       12.086309
       9       10.718732
      10       11.232769
      11       10.004555
      12       14.653949
      13   172.51
 
       1       25.782711
       2       23.323687
       3       24.086179
       4       20.742891
       5       30.174559
       6       36.263276
       7       45.625428
       8       34.505746
       9       17.979362
      10       13.456284
      11       14.664921
      12       21.964117
      13   308.57
 
       1       19.365201
       2       18.810427
       3       21.716830
       4       19.850945
       5       33.265866
       6       32.276754
       7       39.710701
       8       35.445218
       9       27.133868
      10       19.855865
      11       14.627031
      12       19.887621
      13   301.95
 
       1       15.555852
       2       18.330459
       3       22.104715
       4       25.633811
       5       31.441899
       6       26.988744
       7       27.023445
       8       22.343180
       9       17.900445
      10       15.844958
      11       12.391036
      12       14.153490
      13    20.81
 
       1 0.0
       2 0.0
       3 0.0
       4 0.0
       5 0.0
       6 0.0
       7 0.0
       8 0.0
       9 0.0
      10 0.0
      11 0.0
      12 0.0
      13 0.0
 
       1     0.014952099
       2     0.017478359
       3     0.021040807
       4     0.023889207
       5     0.029594426
       6     0.024604519
       7     0.024229101
       8     0.020047995
       9     0.016037275
      10     0.014593611
      11     0.011545357
      12     0.013495117
      13   0.0193
 
       1      0.93939844
       2      0.93843350
       3      0.93802085
       4      0.93825378
       5      0.93741082
       6      0.93735781
       7      0.93846162
       8      0.93874273
       9      0.93841569
      10      0.93832574
      11      0.93923005
      12      0.93901642
      13   0.9384
 
       1    0.0010383549
       2    0.0012219429
       3    0.0014739664
       4    0.0017006701
       5    0.0020885557
       6    0.0017769603
       7    0.0017647633
       8    0.0014620975
       9    0.0011744392
      10    0.0010490040
      11   0.00082469043
      12   0.00094407264
      13   0.0014
 
       1      0.26719048
       2      0.27844755
       3      0.31165291
       4      0.33765181
       5      0.36600420
       6      0.35878494
       7      0.32677682
       8      0.30043571
       9      0.29207274
      10      0.28637759
      11      0.27556326
      12      0.27450816
      13   0.3063
 
