       1       91.648500
       2       102.39875
       3       150.53632
       4       158.94546
       5       169.13115
       6       138.11719
       7       145.07231
       8       124.64481
       9       92.158575
      10       89.691067
      11       95.218343
      12       98.626323
      13  1456.19
 
       1       61.766846
       2       68.729298
       3       97.412739
       4       100.71452
       5       106.25657
       6       83.980816
       7       82.183526
       8       70.978103
       9       58.523021
      10       61.163630
      11       66.106774
      12       68.759174
      13   926.58
 
       1       6.9334747
       2       8.2318767
       3       10.840234
       4       10.736652
       5       9.6872667
       6       7.5161956
       7       7.1723427
       8       6.5446536
       9       6.3914795
      10       7.4135060
      11       7.5571386
      12       8.6028542
      13    97.63
 
       1       6.7075392
       2       10.910930
       3       14.880319
       4       15.636443
       5       13.920481
       6       14.075558
       7       17.320538
       8       14.903232
       9       8.6362396
      10       7.9504254
      11       7.8788607
      12       10.726611
      13   143.55
 
       1       6.6283775
       2       10.214672
       3       15.124572
       4       17.486594
       5       20.048373
       6       18.845557
       7       22.400848
       8       23.718431
       9       18.304708
      10       17.020113
      11       11.523965
      12       10.586372
      13   191.90
 
       1       6.6357138
       2       10.183659
       3       16.178203
       4       21.028815
       5       25.297900
       6       24.689593
       7       19.757637
       8       15.204039
       9       12.483171
      10       11.013099
      11       8.8048574
      12       7.3975384
      13    14.89
 
       1 0.0
       2 0.0
       3 0.0
       4 0.0
       5 0.0
       6 0.0
       7 0.0
       8 0.0
       9 0.0
      10 0.0
      11 0.0
      12 0.0
      13 0.0
 
       1     0.086401545
       2      0.13521442
       3      0.21501946
       4      0.27757247
       5      0.33336209
       6      0.32806594
       7      0.25231120
       8      0.19063610
       9      0.15623154
      10      0.14111662
      11      0.11502343
      12     0.097794374
      13   0.1941
 
       1      0.85312384
       2      0.85210759
       3      0.85280874
       4      0.85192412
       5      0.85150303
       6      0.85196748
       7      0.85220611
       8      0.85182715
       9      0.85078408
      10      0.85330574
      11      0.85271385
      12      0.85145223
      13   0.8521
 
       1     0.013453962
       2     0.020751986
       3     0.032940497
       4     0.042606555
       5     0.051242929
       6     0.050252482
       7     0.039288172
       8     0.030041688
       9     0.024769829
      10     0.022157037
      11     0.017898341
      12     0.015095228
      13   0.0300
 
       1      0.62127829
       2      0.72157527
       3      0.77438005
       4      0.86845370
       5      0.87209588
       6      0.90594485
       7      0.87065583
       8      0.84800604
       9      0.78925445
      10      0.71910401
      11      0.68406090
      12      0.66703938
      13   0.7785
 
