       1       524.54010
       2       439.54851
       3       458.65668
       4       456.16317
       5       470.56142
       6       479.21173
       7       557.17233
       8       521.18473
       9       456.49601
      10       478.83640
      11       455.34083
      12       480.85102
      13  5778.56
 
       1       314.72929
       2       268.16390
       3       280.07905
       4       281.47034
       5       288.56429
       6       288.40447
       7       338.16754
       8       319.13430
       9       284.54653
      10       297.58701
      11       278.66323
      12       290.56508
      13  3530.08
 
       1       40.134222
       2       33.508834
       3       35.202933
       4       34.720250
       5       35.273365
       6       35.939831
       7       41.513868
       8       40.131655
       9       34.484046
      10       36.445416
      11       34.097183
      12       36.287852
      13   437.74
 
       1       144.08090
       2       118.45620
       3       122.61831
       4       117.30373
       5       123.08386
       6       130.38933
       7       149.55742
       8       137.43306
       9       117.07647
      10       123.64851
      11       122.37815
      12       129.79734
      13  1535.82
 
       1       24.216920
       2       19.921081
       3       21.276966
       4       21.598331
       5       23.573143
       6       25.289031
       7       26.469591
       8       25.998839
       9       20.801266
      10       20.913016
      11       20.318521
      12       22.639795
      13   273.02
 
       1       6.2792095
       2       6.0370318
       3       5.5362676
       4       5.4854624
       5       5.5720599
       6       5.9721287
       7       6.6056594
       8       6.4136538
       9       5.7744271
      10       5.6860619
      11       5.5566596
      12       5.6328362
      13     5.88
 
       1 0.0
       2 0.0
       3 0.0
       4 0.0
       5 0.0
       6 0.0
       7 0.0
       8 0.0
       9 0.0
      10 0.0
      11 0.0
      12 0.0
      13 0.0
 
       1     0.025791678
       2     0.024953473
       3     0.022976134
       4     0.022918089
       5     0.022832002
       6     0.023997134
       7     0.027151030
       8     0.026414444
       9     0.024192459
      10     0.023849658
      11     0.023003892
      12     0.023248807
      13   0.0243
 
       1       1.0000000
       2       1.0000000
       3       1.0000000
       4       1.0000000
       5       1.0000000
       6       1.0000000
       7       1.0000000
       8       1.0000000
       9       1.0000000
      10       1.0000000
      11       1.0000000
      12       1.0000000
      13   1.0000
 
       1       0.0000000
       2       0.0000000
       3       0.0000000
       4       0.0000000
       5       0.0000000
       6       0.0000000
       7       0.0000000
       8       0.0000000
       9       0.0000000
      10       0.0000000
      11       0.0000000
      12       0.0000000
      13   0.0000
 
       1      0.70830246
       2      0.70970308
       3      0.67636800
       4      0.62741433
       5      0.60910958
       6      0.59365511
       7      0.64258307
       8      0.67967337
       9      0.67064693
      10      0.68644946
      11      0.69235073
      12      0.69906183
      13   0.6663
 
