       1       128.95325
       2       211.09294
       3       175.66385
       4       167.76515
       5       226.85791
       6       235.41646
       7       226.03804
       8       191.74219
       9       164.49439
      10       114.09949
      11       147.05754
      12       146.09852
      13  2135.28
 
       1       83.221793
       2       145.58677
       3       113.29944
       4       109.66098
       5       137.28351
       6       138.48447
       7       125.99872
       8       112.08178
       9       104.37829
      10       75.713647
      11       99.605425
      12       99.194161
      13  1344.51
 
       1       9.9649391
       2       20.810472
       3       15.619372
       4       14.855866
       5       16.585495
       6       16.527370
       7       14.179222
       8       12.807255
       9       12.741089
      10       10.247669
      11       12.524738
      12       12.290551
      13   169.15
 
       1       13.637254
       2       26.488204
       3       22.314140
       4       21.883054
       5       31.220934
       6       49.149828
       7       46.081106
       8       30.235578
       9       21.941230
      10       13.484673
      11       17.843879
      12       20.731424
      13   315.01
 
       1       11.127672
       2       21.185642
       3       17.594717
       4       18.853660
       5       32.254917
       6       42.341370
       7       41.030115
       8       37.767882
       9       33.957427
      10       19.548943
      11       16.914198
      12       15.681749
      13   308.26
 
       1       10.280628
       2       22.440112
       3       21.999761
       4       27.077004
       5       32.493477
       6       35.062997
       7       27.537829
       8       23.815395
       9       22.175489
      10       14.136506
      11       14.518867
      12       12.862207
      13    22.03
 
       1 0.0
       2 0.0
       3 0.0
       4 0.0
       5 0.0
       6 0.0
       7 0.0
       8 0.0
       9 0.0
      10 0.0
      11 0.0
      12 0.0
      13 0.0
 
       1     0.011926376
       2     0.027369548
       3     0.026083587
       4     0.032030774
       5     0.037902428
       6     0.040625620
       7     0.030852484
       8     0.026611946
       9     0.025275136
      10     0.016114091
      11     0.017116280
      12     0.015300292
      13   0.0256
 
       1      0.93086961
       2      0.93091805
       3      0.93116240
       4      0.93136507
       5      0.92979217
       6      0.93057571
       7      0.93191822
       8      0.93223245
       9      0.93073861
      10      0.93084812
      11      0.93232319
      12      0.93144933
      13   0.9312
 
       1   0.00093029361
       2    0.0020604243
       3    0.0020039759
       4    0.0024683516
       5    0.0029351418
       6    0.0031471681
       7    0.0024339339
       8    0.0021077732
       9    0.0019823615
      10    0.0012699840
      11    0.0013203279
      12    0.0011747450
      13   0.0020
 
       1      0.28853640
       2      0.32146330
       3      0.33383778
       4      0.36478590
       5      0.39257594
       6      0.39855633
       7      0.34712046
       8      0.31765936
       9      0.33089289
      10      0.30715669
      11      0.31517211
      12      0.32119550
      13   0.3366
 
