       1       37.978396
       2       27.188812
       3       30.389215
       4       22.039268
       5       22.156756
       6       18.478940
       7       18.717412
       8       15.901670
       9       11.662833
      10       12.920158
      11       21.957781
      12       26.381234
      13   265.77
 
       1       19.770058
       2       14.678426
       3       16.803116
       4       12.591330
       5       13.403143
       6       11.373860
       7       11.308553
       8       9.7333366
       9       7.0942566
      10       7.2175127
      11       11.590126
      12       13.426134
      13   148.99
 
       1       2.9762092
       2       2.2825931
       3       2.4903688
       4       1.8650787
       5       1.8694624
       6       1.5592217
       7       1.3821016
       8       1.1482811
       9      0.94827660
      10       1.0929504
      11       1.6687359
      12       2.2062766
      13    21.49
 
       1       13.374760
       2       9.1997211
       3       9.4930514
       4       6.5198507
       5       6.3530867
       6       5.2399234
       7       5.8573000
       8       4.9784008
       9       3.7795077
      10       4.1462790
      11       7.1990992
      12       7.9354231
      13    84.08
 
       1       2.0996066
       2       1.6736218
       3       1.4621061
       4      0.97472347
       5      0.99662476
       6      0.66714174
       7      0.61340295
       8      0.89367681
       9      0.78698047
      10       1.0894167
      11       1.5487481
      12       1.6402958
      13    14.45
 
       1      0.53226890
       2      0.44594184
       3      0.45296948
       4      0.39997690
       5      0.42660623
       6      0.38346923
       7      0.34412944
       8      0.26918074
       9      0.21700424
      10      0.20046723
      11      0.29842998
      12      0.37579902
      13     0.36
 
       1 0.0
       2 0.0
       3 0.0
       4 0.0
       5 0.0
       6 0.0
       7 0.0
       8 0.0
       9 0.0
      10 0.0
      11 0.0
      12 0.0
      13 0.0
 
       1     0.019660081
       2     0.017116916
       3     0.017685772
       4     0.015608313
       5     0.016985964
       6     0.015480721
       7     0.014567461
       8     0.011631494
       9    0.0089897792
      10    0.0076959373
      11     0.011183749
      12     0.013586437
      13   0.0142
 
       1       1.0000000
       2       1.0000000
       3       1.0000000
       4       1.0000000
       5       1.0000000
       6       1.0000000
       7       1.0000000
       8       1.0000000
       9       1.0000000
      10       1.0000000
      11       1.0000000
      12       1.0000000
      13   1.0000
 
       1       0.0000000
       2       0.0000000
       3       0.0000000
       4       0.0000000
       5       0.0000000
       6       0.0000000
       7       0.0000000
       8       0.0000000
       9       0.0000000
      10       0.0000000
      11       0.0000000
      12       0.0000000
      13   0.0000
 
       1      0.36524074
       2      0.27548390
       3      0.26779761
       4      0.20570121
       5      0.17054288
       6      0.11126316
       7      0.13647983
       8      0.17972444
       9      0.21067654
      10      0.34171414
      11      0.29864713
      12      0.28732430
      13   0.2375
 
