       1       9.8876929
       2       11.584600
       3       23.127889
       4       27.630649
       5       40.283281
       6       44.240356
       7       48.390975
       8       24.935803
       9       18.629932
      10       13.207698
      11       9.6139290
      12       10.039687
      13   281.57
 
       1       6.7137770
       2       7.4575052
       3       13.458782
       4       17.342479
       5       22.087256
       6       22.288087
       7       26.158263
       8       13.932542
       9       10.703272
      10       8.6161217
      11       6.8666666
      12       7.6731403
      13   163.30
 
       1      0.85004540
       2      0.92081870
       3       1.8631231
       4       3.5435564
       5       3.4885260
       6       2.9020651
       7       3.3905595
       8       1.8703315
       9       1.3860341
      10       1.2109706
      11      0.99298482
      12      0.98680347
      13    23.41
 
       1      0.58455874
       2      0.64209674
       3       2.0758061
       4       6.4190756
       5       5.8165396
       6       12.244554
       7       16.947396
       8       6.2604727
       9       3.5224052
      10       1.0256982
      11      0.72327923
      12       1.2146550
      13    57.48
 
       1      0.21363713
       2      0.36017879
       3       1.6570205
       4       4.5970948
       5       4.6061745
       6       5.8398916
       7       6.6613906
       8       3.7976001
       9       1.7624158
      10      0.48495415
      11      0.15701054
      12      0.23805813
      13    30.38
 
       1      0.77532899
       2      0.84500099
       3       2.3996738
       4       4.4134704
       5       4.6535471
       6       3.7267953
       7       4.1317225
       8       2.2597359
       9       1.6558447
      10       1.2077190
      11      0.91770346
      12      0.80678909
      13     2.32
 
       1 0.0
       2 0.0
       3 0.0
       4 0.0
       5 0.0
       6 0.0
       7 0.0
       8 0.0
       9 0.0
      10 0.0
      11 0.0
      12 0.0
      13 0.0
 
       1     0.021144657
       2     0.022253170
       3     0.062428454
       4      0.12081963
       5      0.12423919
       6     0.092403532
       7      0.10011332
       8     0.053870466
       9     0.041158237
      10     0.033020622
      11     0.026875435
      12     0.022951020
      13   0.0601
 
       1      0.87998676
       2      0.87807070
       3      0.87664290
       4      0.87952663
       5      0.87916788
       6      0.87744249
       7      0.87729058
       8      0.87584900
       9      0.87678392
      10      0.88079696
      11      0.88420384
      12      0.88285798
      13   0.8791
 
       1    0.0026158133
       2    0.0027928347
       3    0.0078477869
       4     0.014764533
       5     0.015303438
       6     0.011703448
       7     0.012818367
       8    0.0070138551
       9    0.0052626841
      10    0.0040560755
      11    0.0032034645
      12    0.0027718562
      13   0.0075
 
       1      0.82208376
       2      0.84821345
       3      0.94004806
       4      0.97859642
       5      0.99010349
       6      0.98468944
       7      0.97900051
       8      0.96923665
       9      0.98592841
      10      0.96551724
      11      0.95557799
      12      0.93066366
      13   0.9458
 
