       1       1.6942722
       2       2.5997102
       3       6.7681361
       4       6.4918429
       5       9.3882048
       6       8.7070492
       7       6.5972613
       8       4.7830894
       9       4.4760430
      10       3.4652362
      11       2.4874560
      12       1.3574885
      13    58.82
 
       1       2.2077606
       2       3.0921898
       3       5.3454837
       4       5.2964244
       5       8.6477160
       6       9.1963082
       7       6.8963317
       8       4.7367262
       9       3.7373467
      10       2.7583507
      11       2.1814231
      12       1.5766749
      13    55.67
 
       1      0.50400742
       2      0.90113567
       3       1.5081925
       4       1.5052718
       5       2.2430418
       6       2.2759183
       7       1.7826952
       8       1.1247918
       9      0.74309459
      10      0.56282744
      11      0.53447052
      12      0.39232146
      13    14.08
 
       1      0.79363673
       2       1.4544164
       3       3.7786356
       4       4.2872656
       5       9.9890744
       6       17.154566
       7       18.628440
       8       12.409623
       9       4.2166657
      10       1.2856595
      11       1.1350959
      12      0.59825157
      13    75.73
 
       1      0.38557845
       2      0.94947656
       3       1.5448180
       4       2.5252735
       5       7.2305876
       6       9.6955065
       7       9.9541584
       8       6.6361937
       9       2.6716475
      10      0.80418182
      11      0.40400494
      12      0.24085764
      13    43.04
 
       1      0.65370778
       2       1.6072481
       3       2.8191676
       4       3.1965229
       5       4.2104361
       6       3.8041980
       7       2.1585121
       8       1.4941067
       9       1.0761003
      10      0.72927510
      11      0.73893085
      12      0.55000133
      13     1.92
 
       1 0.0
       2 0.0
       3 0.0
       4 0.0
       5 0.0
       6 0.0
       7 0.0
       8 0.0
       9 0.0
      10 0.0
      11 0.0
      12 0.0
      13 0.0
 
       1    0.0048741754
       2     0.011597389
       3     0.019759788
       4     0.021674888
       5     0.028604129
       6     0.025011652
       7     0.013982994
       8    0.0096809323
       9    0.0068924904
      10    0.0049002654
      11    0.0054957696
      12    0.0043207729
      13   0.0131
 
       1      0.88600991
       2      0.88317355
       3      0.88062437
       4      0.87881632
       5      0.87681223
       6      0.87849793
       7      0.88008193
       8      0.88431655
       9      0.88553262
      10      0.88379707
      11      0.89037712
      12      0.89056797
      13   0.8832
 
       1   0.00060789109
       2    0.0014715861
       3    0.0025565938
       4    0.0028553205
       5    0.0037362348
       6    0.0033134279
       7    0.0018709778
       8    0.0012978926
       9   0.00093360539
      10   0.00065079209
      11   0.00069049098
      12   0.00052254322
      13   0.0017
 
       1      0.30654267
       2      0.35540859
       3      0.43389607
       4      0.50924437
       5      0.61229040
       6      0.66599905
       7      0.56583168
       8      0.49100797
       9      0.47281901
      10      0.40964221
      11      0.40150832
      12      0.34221926
      13   0.4639
 
