       1       202.57501
       2       198.92681
       3       141.21135
       4       231.49474
       5       191.83170
       6       230.82938
       7       235.20236
       8       192.40126
       9       166.97785
      10       145.56349
      11       188.59738
      12       128.60794
      13  2254.22
 
       1       136.97930
       2       132.11468
       3       92.547734
       4       145.13185
       5       117.97127
       6       134.92449
       7       132.77607
       8       113.61757
       9       103.02863
      10       97.119827
      11       127.99758
      12       90.013006
      13  1424.22
 
       1       18.190484
       2       17.812617
       3       12.564797
       4       17.891257
       5       14.622741
       6       15.323470
       7       14.211979
       8       12.960060
       9       11.457333
      10       12.088856
      11       15.853107
      12       11.687177
      13   174.66
 
       1       24.942697
       2       24.801999
       3       18.053753
       4       30.678382
       5       24.793915
       6       42.386082
       7       41.259308
       8       32.995638
       9       20.204102
      10       15.662529
      11       20.685646
      12       16.423068
      13   312.89
 
       1       19.971441
       2       20.754851
       3       15.430156
       4       28.481424
       5       28.912644
       6       45.298161
       7       45.347505
       8       40.724795
       9       30.734108
      10       26.433496
      11       27.004169
      12       14.753822
      13   343.85
 
       1       15.480289
       2       18.449722
       3       17.363828
       4       33.546105
       5       29.683483
       6       35.510956
       7       29.583240
       8       26.220518
       9       21.109620
      10       17.522993
      11       17.483131
      12       11.852448
      13    22.82
 
       1 0.0
       2 0.0
       3 0.0
       4 0.0
       5 0.0
       6 0.0
       7 0.0
       8 0.0
       9 0.0
      10 0.0
      11 0.0
      12 0.0
      13 0.0
 
       1     0.015209927
       2     0.018116679
       3     0.016642643
       4     0.032917977
       5     0.028932401
       6     0.033999689
       7     0.027456606
       8     0.024407038
       9     0.019512306
      10     0.016835649
      11     0.017198220
      12     0.011761409
      13   0.0219
 
       1      0.84337453
       2      0.84216008
       3      0.84185778
       4      0.84070643
       5      0.84175158
       6      0.84088679
       7      0.84433641
       8      0.84370940
       9      0.84083106
      10      0.84195632
      11      0.84611627
      12      0.84578314
      13   0.8428
 
       1    0.0026309098
       2    0.0031345842
       3    0.0029415517
       4    0.0056929700
       5    0.0050358444
       6    0.0059563286
       7    0.0048868152
       8    0.0043552932
       9    0.0035006638
      10    0.0029612817
      11    0.0029765108
      12    0.0020315460
      13   0.0038
 
       1      0.27566976
       2      0.27107532
       3      0.30580950
       4      0.36521226
       5      0.37592855
       6      0.38080385
       7      0.34687079
       8      0.32006809
       9      0.31612545
      10      0.29390065
      11      0.27339866
      12      0.28581804
      13   0.3176
 
