       1       8.3074325
       2       10.667297
       3       19.998980
       4       23.890163
       5       33.766098
       6       51.266315
       7       39.065281
       8       22.075551
       9       17.860736
      10       9.7961635
      11       6.4268512
      12       8.8820224
      13   252.00
 
       1       5.8454060
       2       6.8989986
       3       12.472363
       4       14.625331
       5       18.183123
       6       25.916212
       7       21.192514
       8       12.901394
       9       10.220721
      10       6.5295546
      11       4.8751328
      12       6.4206618
      13   146.08
 
       1      0.70344931
       2      0.93421874
       3       1.9921792
       4       2.8096361
       5       2.6834809
       6       3.2660930
       7       2.8544043
       8       1.8835888
       9       1.3305094
      10      0.99735031
      11      0.67362969
      12      0.82538051
      13    20.95
 
       1       1.0204666
       2       1.1079039
       3       3.0229205
       4       4.4574583
       5       5.6412852
       6       15.864274
       7       11.287428
       8       4.8525446
       9       2.7536989
      10      0.78604510
      11      0.83365382
      12       1.4474993
      13    53.08
 
       1      0.22866433
       2      0.23312385
       3       1.1510667
       4       2.1233111
       5       3.6852485
       6       7.2781210
       7       5.5975949
       8       3.2014549
       9       1.9198955
      10      0.37299888
      11      0.14135302
      12      0.49497447
      13    26.43
 
       1      0.54765711
       2      0.95813162
       3       2.7942141
       4       3.3646102
       5       3.7449520
       6       4.3093190
       7       3.2533399
       8       2.0390609
       9       1.5686915
      10       1.0618168
      11      0.71725831
      12      0.65103158
      13     2.08
 
       1 0.0
       2 0.0
       3 0.0
       4 0.0
       5 0.0
       6 0.0
       7 0.0
       8 0.0
       9 0.0
      10 0.0
      11 0.0
      12 0.0
      13 0.0
 
       1     0.014640895
       2     0.025066650
       3     0.075323102
       4     0.087817622
       5     0.096818380
       6      0.10492609
       7     0.077127143
       8     0.048082610
       9     0.038031731
      10     0.028277186
      11     0.020261643
      12     0.018155673
      13   0.0529
 
       1      0.85083984
       2      0.84732576
       3      0.84988843
       4      0.84792901
       5      0.84715827
       6      0.84539658
       7      0.84559122
       8      0.84475722
       9      0.84484818
      10      0.85072177
      11      0.85221397
      12      0.85252441
      13   0.8483
 
       1    0.0022749085
       2    0.0039259488
       3     0.011571597
       4     0.013673300
       5     0.015070353
       6     0.016669376
       7     0.012426499
       8    0.0078315470
       9    0.0061313797
      10    0.0043981600
      11    0.0030788055
      12    0.0027607331
      13   0.0083
 
       1      0.83039725
       2      0.89858399
       3      0.91795235
       4      0.96308163
       5      0.98216929
       6      0.98610576
       7      0.97911528
       8      0.97143687
       9      0.97178566
      10      0.95373470
      11      0.94310878
      12      0.92490776
      13   0.9435
 
