       1       160.98318
       2       139.30154
       3       100.51155
       4       132.51014
       5       160.46981
       6       157.23671
       7       144.46077
       8       122.33385
       9       104.22292
      10       86.812841
      11       82.638664
      12       123.75121
      13  1515.23
 
       1       107.41621
       2       96.819091
       3       63.441739
       4       81.873958
       5       98.874753
       6       92.777236
       7       79.805863
       8       70.961355
       9       65.748048
      10       57.931716
      11       55.162685
      12       86.628521
      13   957.44
 
       1       13.832110
       2       14.022233
       3       6.9623682
       4       8.1730673
       5       9.2961937
       6       8.1970605
       7       7.1741784
       8       7.0626234
       9       7.1255161
      10       6.8374694
      11       5.9935234
      12       11.095819
      13   105.77
 
       1       13.356282
       2       15.793911
       3       7.1876461
       4       9.6315988
       5       11.793242
       6       17.184063
       7       20.359163
       8       13.743289
       9       9.7901217
      10       7.5812296
      11       7.2760587
      12       13.529579
      13   147.23
 
       1       10.388475
       2       14.364641
       3       7.7873529
       4       11.131401
       5       15.272265
       6       22.396355
       7       23.267084
       8       23.469390
       9       21.141343
      10       16.830624
      11       9.2979178
      12       12.378669
      13   187.73
 
       1       11.183694
       2       14.202367
       3       10.180462
       4       15.042483
       5       22.662842
       6       27.023556
       7       18.724730
       8       15.870408
       9       14.174013
      10       10.519145
      11       7.1978920
      12       9.2435073
      13    14.67
 
       1 0.0
       2 0.0
       3 0.0
       4 0.0
       5 0.0
       6 0.0
       7 0.0
       8 0.0
       9 0.0
      10 0.0
      11 0.0
      12 0.0
      13 0.0
 
       1      0.15266888
       2      0.19934580
       3      0.13290959
       4      0.19484327
       5      0.30144006
       6      0.36000269
       7      0.24117449
       8      0.20304216
       9      0.18341858
      10      0.13618547
      11     0.093687340
      12      0.12646307
      13   0.1938
 
       1      0.88987589
       2      0.89002658
       3      0.88802119
       4      0.88871888
       5      0.88910574
       6      0.88863743
       7      0.88882026
       8      0.88888382
       9      0.88879201
      10      0.88898081
      11      0.89093713
      12      0.88931303
      13   0.8892
 
       1     0.017564812
       2     0.022513308
       3     0.015796277
       4     0.023172359
       5     0.035225690
       6     0.041969398
       7     0.028612824
       8     0.024251697
       9     0.021816427
      10     0.016261542
      11     0.011169395
      12     0.014579450
      13   0.0227
 
       1      0.71332214
       2      0.79577808
       3      0.75214946
       4      0.73398912
       5      0.83165357
       6      0.89382259
       7      0.84841906
       8      0.80550172
       9      0.79501996
      10      0.72251131
      11      0.64516906
      12      0.69137325
      13   0.7691
 
