       1       210.18130
       2       148.16366
       3       175.60410
       4       163.93946
       5       188.11804
       6       241.44462
       7       241.48555
       8       219.48242
       9       159.84914
      10       97.367680
      11       128.46628
      12       151.22049
      13  2125.32
 
       1       140.07325
       2       99.453027
       3       113.88900
       4       101.62898
       5       116.30032
       6       139.66287
       7       134.58676
       8       124.60502
       9       101.34935
      10       65.252206
      11       84.689441
      12       103.95240
      13  1325.44
 
       1       18.771576
       2       14.495111
       3       15.263391
       4       13.444398
       5       14.777074
       6       14.851385
       7       15.210413
       8       14.095119
       9       12.726722
      10       8.8645134
      11       10.201312
      12       13.981610
      13   166.68
 
       1       23.694562
       2       18.963164
       3       23.656050
       4       20.998383
       5       26.561346
       6       43.516977
       7       49.697054
       8       35.252362
       9       21.322805
      10       12.360247
      11       13.344908
      12       21.317721
      13   310.69
 
       1       17.021854
       2       16.168358
       3       18.204426
       4       20.464614
       5       29.952775
       6       41.164392
       7       49.517639
       8       46.531319
       9       35.651634
      10       14.856291
      11       13.555651
      12       18.253820
      13   321.34
 
       1       16.093078
       2       15.586544
       3       20.863744
       4       22.278815
       5       30.768635
       6       37.481614
       7       32.165208
       8       26.999961
       9       21.618899
      10       12.155360
      11       11.812063
      12       13.155178
      13    21.75
 
       1 0.0
       2 0.0
       3 0.0
       4 0.0
       5 0.0
       6 0.0
       7 0.0
       8 0.0
       9 0.0
      10 0.0
      11 0.0
      12 0.0
      13 0.0
 
       1     0.015642935
       2     0.015118387
       3     0.020208247
       4     0.020971921
       5     0.029264695
       6     0.035568950
       7     0.029961738
       8     0.024871463
       9     0.020077700
      10     0.011270515
      11     0.011194206
      12     0.012935001
      13   0.0206
 
       1      0.88323139
       2      0.88291984
       3      0.88280712
       4      0.88230981
       5      0.88049166
       6      0.87985829
       7      0.88300379
       8      0.88573281
       9      0.88218478
      10      0.88310597
      11      0.88450657
      12      0.88471686
      13   0.8829
 
       1    0.0020566654
       2    0.0019977133
       3    0.0026712622
       4    0.0028266530
       5    0.0039123388
       6    0.0047387999
       7    0.0040312707
       8    0.0033726679
       9    0.0027197753
      10    0.0015421813
      11    0.0015081138
      12    0.0016954013
      13   0.0028
 
       1      0.29033484
       2      0.27767846
       3      0.31152703
       4      0.33231814
       5      0.35318989
       6      0.37308401
       7      0.35550119
       8      0.31923397
       9      0.30781573
      10      0.28201922
      11      0.28043744
      12      0.27753549
      13   0.3134
 
