       1       9.3202983
       2       11.242341
       3       15.934092
       4       20.691541
       5       36.255655
       6       46.107430
       7       35.274630
       8       25.394892
       9       17.875037
      10       10.046875
      11       6.7429481
      12       7.2670665
      13   242.15
 
       1       7.2089425
       2       7.6604767
       3       11.458687
       4       11.780863
       5       19.839526
       6       23.464439
       7       19.607993
       8       14.399590
       9       10.590619
      10       6.6747108
      11       5.1279898
      12       5.6153042
      13   143.43
 
       1       1.0216381
       2       1.2122654
       3       2.1531265
       4       2.1812521
       5       3.2415040
       6       2.8359148
       7       2.8271754
       8       2.0819970
       9       1.4878317
      10      0.97702300
      11      0.75042888
      12      0.72648955
      13    21.50
 
       1       1.5811075
       2       1.3191640
       3       4.5748414
       4       3.4402054
       5       7.7229652
       6       12.672131
       7       11.029079
       8       5.6845647
       9       3.0581845
      10       1.2000134
      11      0.99918816
      12       1.1451077
      13    54.43
 
       1      0.37729895
       2      0.49001088
       3       2.0529082
       4       2.9719760
       5       5.1362425
       6       6.2910814
       7       6.1538698
       8       4.3628113
       9       2.6699768
      10      0.72306640
      11      0.18606547
      12      0.13331938
      13    31.55
 
       1       1.0145403
       2       1.3101951
       3       3.1588960
       4       2.9939830
       5       4.0657647
       6       3.5587985
       7       3.2512389
       8       2.1479861
       9       1.7612025
      10       1.0769781
      11      0.75023091
      12      0.70315962
      13     2.15
 
       1 0.0
       2 0.0
       3 0.0
       4 0.0
       5 0.0
       6 0.0
       7 0.0
       8 0.0
       9 0.0
      10 0.0
      11 0.0
      12 0.0
      13 0.0
 
       1     0.027891132
       2     0.036029279
       3     0.084276952
       4     0.079174563
       5      0.10627577
       6     0.085522952
       7     0.076704307
       8     0.050714737
       9     0.043268175
      10     0.028277986
      11     0.020143081
      12     0.019350780
      13   0.0548
 
       1      0.85048477
       2      0.85052933
       3      0.84776077
       4      0.84801976
       5      0.84936257
       6      0.84514933
       7      0.84624264
       8      0.84369765
       9      0.84556285
      10      0.84895074
      11      0.85027091
      12      0.85213082
      13   0.8482
 
       1    0.0042661415
       2    0.0055001347
       3     0.013024623
       4     0.012272007
       5     0.016428806
       6     0.013682691
       7     0.012445947
       8    0.0082415002
       9    0.0069410346
      10    0.0044315704
      11    0.0031458595
      12    0.0029671334
      13   0.0086
 
       1      0.91272907
       2      0.94111401
       3      0.96065464
       4      0.97010210
       5      0.98443558
       6      0.98268602
       7      0.97092841
       8      0.97157515
       9      0.96977528
      10      0.93678562
      11      0.93587387
      12      0.92163500
      13   0.9549
 
