       1       9.9567071
       2       9.1996537
       3       12.680948
       4       22.678547
       5       38.429243
       6       47.007731
       7       39.130636
       8       27.480210
       9       16.895934
      10       12.120459
      11       6.5648414
      12       9.1449402
      13   251.29
 
       1       7.1575066
       2       6.7749402
       3       8.8909523
       4       14.080702
       5       21.225517
       6       24.359302
       7       20.951804
       8       15.601039
       9       9.6747516
      10       7.7713047
      11       5.0815049
      12       6.7218932
      13   148.29
 
       1       1.0204509
       2       1.1688862
       3       1.7197393
       4       2.8312837
       5       3.2455181
       6       3.0890624
       7       2.8859002
       8       2.1640362
       9       1.2308395
      10       1.1413878
      11      0.78735543
      12      0.86092011
      13    22.15
 
       1       1.4057109
       2       1.3273649
       3       2.9919536
       4       4.6444237
       5       6.3560743
       6       13.245881
       7       13.687460
       8       8.0804620
       9       3.1363955
      10       1.2085467
      11      0.91439740
      12      0.53375672
      13    57.53
 
       1      0.59446100
       2      0.70959466
       3       2.0362685
       4       2.9902513
       5       4.6252401
       6       6.6424470
       7       5.3739939
       8       4.0934616
       9       2.0618085
      10      0.27291090
      11      0.18946177
      12     0.075673098
      13    29.67
 
       1      0.78523082
       2       1.4131684
       3       2.0735795
       4       3.8116563
       5       4.2064738
       6       3.9742180
       7       3.5806946
       8       2.4670167
       9       1.4200142
      10       1.0298636
      11      0.84732927
      12      0.63708213
      13     2.19
 
       1 0.0
       2 0.0
       3 0.0
       4 0.0
       5 0.0
       6 0.0
       7 0.0
       8 0.0
       9 0.0
      10 0.0
      11 0.0
      12 0.0
      13 0.0
 
       1     0.017319147
       2     0.029917361
       3     0.044317802
       4     0.079164734
       5     0.085446723
       6     0.075831750
       7     0.067408878
       8     0.045690039
       9     0.026530892
      10     0.021178572
      11     0.018853256
      12     0.014361070
      13   0.0438
 
       1      0.93507877
       2      0.93182430
       3      0.93167522
       4      0.92994909
       5      0.93056738
       6      0.92787400
       7      0.92861030
       8      0.92920125
       9      0.92726311
      10      0.93015756
      11      0.93391987
      12      0.93577448
      13   0.9310
 
       1    0.0011891888
       2    0.0021181649
       3    0.0031039907
       4    0.0056493904
       5    0.0061588899
       6    0.0056857174
       7    0.0051127535
       8    0.0035185212
       9    0.0020386100
      10    0.0015296696
      11    0.0012934336
      12   0.00097625879
      13   0.0032
 
       1      0.80219118
       2      0.86699630
       3      0.95223158
       4      0.97722830
       5      0.98468198
       6      0.97875089
       7      0.97134504
       8      0.96615263
       9      0.96563170
      10      0.97326030
      11      0.94836104
      12      0.88939282
      13   0.9397
 
