       1       36.058575
       2       28.027088
       3       25.795187
       4       18.580698
       5       18.881713
       6       16.896682
       7       17.715397
       8       14.434791
       9       12.895886
      10       12.713087
      11       21.270084
      12       28.650271
      13   251.92
 
       1       18.804466
       2       14.904402
       3       13.947473
       4       10.786265
       5       11.272653
       6       10.586655
       7       10.666819
       8       8.9339737
       9       7.8113402
      10       7.2152977
      11       11.256438
      12       14.876031
      13   141.06
 
       1       2.9780526
       2       2.1967828
       3       2.1516929
       4       1.4972607
       5       1.4959510
       6       1.3602515
       7       1.3707058
       8       1.0852472
       9       1.0174112
      10       1.0481493
      11       1.6406733
      12       2.2771837
      13    20.12
 
       1       13.453578
       2       9.0880679
       3       7.9652299
       4       5.4205358
       5       5.2339070
       6       4.9422963
       7       5.6627034
       8       4.5188696
       9       4.0730070
      10       4.3558946
      11       6.8084690
      12       9.9143281
      13    81.44
 
       1       2.4323108
       2       1.4442026
       3       1.1284098
       4      0.70116703
       5      0.91528563
       6      0.64389701
       7      0.70166122
       8      0.79349592
       9      0.96570360
      10       1.1059394
      11       1.4557310
      12       1.8897430
      13    14.18
 
       1      0.51333946
       2      0.44620896
       3      0.40440135
       4      0.31469776
       5      0.34149629
       6      0.32196695
       7      0.32140590
       8      0.25283598
       9      0.23277480
      10      0.19665671
      11      0.30373106
      12      0.40021415
      13     0.34
 
       1 0.0
       2 0.0
       3 0.0
       4 0.0
       5 0.0
       6 0.0
       7 0.0
       8 0.0
       9 0.0
      10 0.0
      11 0.0
      12 0.0
      13 0.0
 
       1     0.019184070
       2     0.016837680
       3     0.015808726
       4     0.012892631
       5     0.013796062
       6     0.014054529
       7     0.013485969
       8     0.010919048
       9    0.0096216820
      10    0.0077831041
      11     0.011505902
      12     0.014881584
      13   0.0134
 
       1       1.0000000
       2       1.0000000
       3       1.0000000
       4       1.0000000
       5       1.0000000
       6       1.0000000
       7       1.0000000
       8       1.0000000
       9       1.0000000
      10       1.0000000
      11       1.0000000
      12       1.0000000
      13   1.0000
 
       1       0.0000000
       2       0.0000000
       3       0.0000000
       4       0.0000000
       5       0.0000000
       6       0.0000000
       7       0.0000000
       8       0.0000000
       9       0.0000000
      10       0.0000000
      11       0.0000000
      12       0.0000000
      13   0.0000
 
       1      0.37872171
       2      0.27842473
       3      0.22561995
       4      0.13154630
       5      0.12790412
       6     0.094055150
       7      0.12934417
       8      0.15199396
       9      0.21074555
      10      0.28089599
      11      0.31593909
      12      0.33296062
      13   0.2215
 
