       1       482.83096
       2       442.81031
       3       489.04205
       4       479.36169
       5       482.70498
       6       514.25804
       7       504.71234
       8       552.37843
       9       497.08971
      10       451.63616
      11       447.15775
      12       501.28275
      13  5845.27
 
       1       291.70028
       2       268.17350
       3       298.64995
       4       294.58020
       5       297.51718
       6       309.46530
       7       309.96308
       8       336.13451
       9       311.68763
      10       280.32515
      11       276.09221
      12       302.99762
      13  3577.29
 
       1       36.997246
       2       34.149827
       3       37.415499
       4       36.256488
       5       36.308640
       6       38.836287
       7       37.673227
       8       41.657272
       9       37.935915
      10       34.074964
      11       33.423946
      12       38.046236
      13   442.78
 
       1       132.44384
       2       120.54965
       3       130.43640
       4       125.63867
       5       125.05625
       6       136.59873
       7       134.31271
       8       146.79618
       9       127.78700
      10       117.11318
      11       118.21093
      12       136.19365
      13  1551.14
 
       1       21.281648
       2       19.987275
       3       22.899996
       4       22.612544
       5       23.902818
       6       28.108967
       7       24.295731
       8       26.463136
       9       21.318404
      10       20.319425
      11       19.382790
      12       23.760397
      13   274.33
 
       1       5.8739782
       2       5.9346121
       3       5.7924412
       4       5.8302246
       5       5.6796459
       6       6.4537802
       7       6.2403879
       8       6.5760906
       9       6.3061106
      10       5.4130744
      11       5.3988072
      12       6.0169209
      13     5.96
 
       1 0.0
       2 0.0
       3 0.0
       4 0.0
       5 0.0
       6 0.0
       7 0.0
       8 0.0
       9 0.0
      10 0.0
      11 0.0
      12 0.0
      13 0.0
 
       1     0.024185548
       2     0.024675725
       3     0.024199320
       4     0.024210396
       5     0.023441020
       6     0.026034676
       7     0.025547597
       8     0.027152345
       9     0.026566492
      10     0.022759356
      11     0.022354729
      12     0.024723992
      13   0.0247
 
       1       1.0000000
       2       1.0000000
       3       1.0000000
       4       1.0000000
       5       1.0000000
       6       1.0000000
       7       1.0000000
       8       1.0000000
       9       1.0000000
      10       1.0000000
      11       1.0000000
      12       1.0000000
      13   1.0000
 
       1       0.0000000
       2       0.0000000
       3       0.0000000
       4       0.0000000
       5       0.0000000
       6       0.0000000
       7       0.0000000
       8       0.0000000
       9       0.0000000
      10       0.0000000
      11       0.0000000
      12       0.0000000
      13   0.0000
 
       1      0.71925507
       2      0.71830579
       3      0.67595607
       4      0.65474525
       5      0.62822530
       6      0.60588242
       7      0.64260174
       8      0.67750418
       9      0.69772918
      10      0.69899119
      11      0.70449193
      12      0.72265453
      13   0.6789
 
