       1       104.63641
       2       134.50338
       3       129.07739
       4       117.04016
       5       132.87172
       6       110.88790
       7       129.98796
       8       116.03328
       9       86.724973
      10       91.647790
      11       132.33772
      12       172.84837
      13  1458.60
 
       1       71.793158
       2       89.183483
       3       86.296202
       4       72.389647
       5       81.698623
       6       67.887577
       7       72.886256
       8       67.850332
       9       55.584445
      10       58.696287
      11       90.003805
      12       118.76385
      13   933.03
 
       1       8.9452421
       2       11.043876
       3       11.923069
       4       7.9528369
       5       8.0674327
       6       6.9747919
       7       6.7230827
       8       6.9643956
       9       6.6578623
      10       6.3670799
      11       10.800427
      12       15.451471
      13   107.87
 
       1       8.5762012
       2       10.336256
       3       14.497475
       4       8.7215218
       5       9.7648406
       6       13.228265
       7       15.520389
       8       15.465502
       9       8.0364589
      10       5.5059848
      11       12.896187
      12       20.122592
      13   142.67
 
       1       8.1490308
       2       9.7439615
       3       13.646963
       4       10.764288
       5       13.693088
       6       14.625842
       7       19.809469
       8       23.999022
       9       18.465035
      10       11.337958
      11       19.255676
      12       16.226130
      13   179.72
 
       1       7.7663475
       2       11.847282
       3       14.238505
       4       12.776243
       5       17.251669
       6       16.145247
       7       15.913195
       8       14.883353
       9       11.932494
      10       8.8630605
      11       11.660349
      12       12.036632
      13    12.94
 
       1 0.0
       2 0.0
       3 0.0
       4 0.0
       5 0.0
       6 0.0
       7 0.0
       8 0.0
       9 0.0
      10 0.0
      11 0.0
      12 0.0
      13 0.0
 
       1     0.081114244
       2      0.12234266
       3      0.14872347
       4      0.12717425
       5      0.17446803
       6      0.16106139
       7      0.15489480
       8      0.14563963
       9      0.11649397
      10     0.086817494
      11      0.12044730
      12      0.12756290
      13   0.1306
 
       1      0.93340242
       2      0.93226855
       3      0.93199551
       4      0.93157028
       5      0.93233221
       6      0.93207732
       7      0.93251047
       8      0.93252600
       9      0.93139352
      10      0.93232357
      11      0.93312920
      12      0.93369284
      13   0.9324
 
       1    0.0057235805
       2    0.0086687130
       3     0.010447685
       4    0.0092723634
       5     0.012571221
       6     0.011715760
       7     0.011429866
       8     0.010723445
       9    0.0086236801
      10    0.0064262199
      11    0.0085489728
      12    0.0088549376
      13   0.0094
 
       1      0.65065379
       2      0.73639217
       3      0.80711340
       4      0.74112316
       5      0.75738257
       6      0.77079929
       7      0.77715256
       8      0.78954957
       9      0.78179870
      10      0.65460538
      11      0.71397561
      12      0.69822407
      13   0.7399
 
