       1       170.55875
       2       149.25992
       3       155.50247
       4       148.75214
       5       142.80925
       6       142.32593
       7       133.97553
       8       127.25582
       9       131.96034
      10       66.913900
      11       83.420419
      12       151.39081
      13  1604.13
 
       1       111.99523
       2       103.13919
       3       102.75388
       4       88.317506
       5       89.009098
       6       85.778929
       7       75.590247
       8       73.000067
       9       83.643980
      10       46.345810
      11       56.782737
      12       102.59980
      13  1018.96
 
       1       13.948011
       2       13.927545
       3       12.631848
       4       8.2321185
       5       9.6197929
       6       8.6825855
       7       6.9040305
       8       7.0051884
       9       9.2444517
      10       6.3718665
      11       6.5603425
      12       12.380996
      13   115.51
 
       1       15.026660
       2       16.703119
       3       14.279124
       4       9.5413607
       5       12.091356
       6       14.901836
       7       19.104112
       8       15.193614
       9       12.121394
      10       7.3959690
      11       6.9389507
      12       14.109628
      13   157.41
 
       1       13.071804
       2       13.041709
       3       14.779016
       4       11.353591
       5       15.770752
       6       18.235661
       7       22.916082
       8       23.675090
       9       28.561493
      10       15.963807
      11       9.5632845
      12       12.012185
      13   198.94
 
       1       10.956985
       2       14.910983
       3       16.705721
       4       14.362867
       5       19.539744
       6       22.215419
       7       16.964066
       8       15.438775
       9       17.563081
      10       8.7458986
      11       6.9239887
      12       10.144315
      13    14.54
 
       1 0.0
       2 0.0
       3 0.0
       4 0.0
       5 0.0
       6 0.0
       7 0.0
       8 0.0
       9 0.0
      10 0.0
      11 0.0
      12 0.0
      13 0.0
 
       1      0.14391981
       2      0.19672640
       3      0.21741157
       4      0.17881337
       5      0.24791418
       6      0.28288076
       7      0.20728287
       8      0.18790866
       9      0.21879852
      10      0.10733809
      11     0.085621970
      12      0.13223833
      13   0.1839
 
       1      0.92592087
       2      0.92622995
       3      0.92617199
       4      0.92520868
       5      0.92606782
       6      0.92567340
       7      0.92520615
       8      0.92522789
       9      0.92586049
      10      0.92551222
      11      0.92542931
      12      0.92626585
      13   0.9257
 
       1     0.010994809
       2     0.014974915
       3     0.016712012
       4     0.014100461
       5     0.019328408
       6     0.022024052
       7     0.016492350
       8     0.015013011
       9     0.017230738
      10    0.0086054128
      11    0.0068400833
      12     0.010187345
      13   0.0144
 
       1      0.69170869
       2      0.79111121
       3      0.78589512
       4      0.75761296
       5      0.81320636
       6      0.86821574
       7      0.81049526
       8      0.80725218
       9      0.82288218
      10      0.73409747
      11      0.61299900
      12      0.68771525
      13   0.7653
 
