       1       62.530749
       2       56.833068
       3       45.520423
       4       32.024265
       5       26.669984
       6       16.779727
       7       14.720823
       8       13.578534
       9       16.464530
      10       32.874297
      11       53.730056
      12       67.358340
      13   439.08
 
       1       31.627671
       2       29.756355
       3       26.368278
       4       19.967335
       5       17.587172
       6       11.171372
       7       10.086862
       8       8.7104060
       9       10.894805
      10       18.749990
      11       27.491007
      12       34.683803
      13   247.10
 
       1       5.9641843
       2       5.2571013
       3       3.9569111
       4       2.3172412
       5       1.6222030
       6       1.0010933
       7      0.78245860
       8      0.79630772
       9       1.0057304
      10       2.4854564
      11       4.4467905
      12       5.8445846
      13    35.48
 
       1       20.299592
       2       16.964181
       3       12.734684
       4       8.7413659
       5       6.7487991
       6       5.0143118
       7       4.7755106
       8       4.5248822
       9       4.3513732
      10       10.314675
      11       16.585197
      12       21.107048
      13   132.16
 
       1       3.6453502
       2       3.1635448
       3       2.3276177
       4       1.6581899
       5       1.4170900
       6       1.2942942
       7       1.2132686
       8       1.2202398
       9       1.0141811
      10       1.7404218
      11       2.8625532
      12       3.9544132
      13    25.51
 
       1      0.94058792
       2      0.82643837
       3      0.63247676
       4      0.40613133
       5      0.27881457
       6      0.20743924
       7      0.15098422
       8      0.14355039
       9      0.18443555
      10      0.39004279
      11      0.71074627
      12      0.89216327
      13     0.48
 
       1 0.0
       2 0.0
       3 0.0
       4 0.0
       5 0.0
       6 0.0
       7 0.0
       8 0.0
       9 0.0
      10 0.0
      11 0.0
      12 0.0
      13 0.0
 
       1     0.024435615
       2     0.022008441
       3     0.017287430
       4     0.011493300
       5    0.0079952576
       6    0.0058526282
       7    0.0043459905
       8    0.0041148409
       9    0.0053533794
      10     0.010297731
      11     0.018026557
      12     0.022604695
      13   0.0128
 
       1       1.0000000
       2       1.0000000
       3       1.0000000
       4       1.0000000
       5       1.0000000
       6       1.0000000
       7       1.0000000
       8       1.0000000
       9       1.0000000
      10       1.0000000
      11       1.0000000
      12       1.0000000
      13   1.0000
 
       1       0.0000000
       2       0.0000000
       3       0.0000000
       4       0.0000000
       5       0.0000000
       6       0.0000000
       7       0.0000000
       8       0.0000000
       9       0.0000000
      10       0.0000000
      11       0.0000000
      12       0.0000000
      13   0.0000
 
       1      0.71602618
       2      0.61496185
       3      0.59257584
       4      0.52424901
       5      0.43431686
       6      0.36914190
       7      0.44831318
       8      0.53381150
       9      0.54655750
      10      0.59502415
      11      0.63677121
      12      0.65747226
      13   0.5558
 
