       1       502.57538
       2       482.74615
       3       471.62924
       4       485.43404
       5       529.61671
       6       526.57166
       7       583.57963
       8       540.49609
       9       504.95189
      10       474.99175
      11       489.11803
      12       477.57958
      13  6069.29
 
       1       300.68040
       2       293.24879
       3       290.99288
       4       301.87452
       5       328.92624
       6       318.39249
       7       353.40434
       8       330.00519
       9       305.99262
      10       294.40124
      11       303.03538
      12       286.08486
      13  3707.04
 
       1       38.701108
       2       37.109722
       3       35.926000
       4       35.899097
       5       39.006139
       6       39.782561
       7       44.039110
       8       41.775968
       9       39.127961
      10       35.290837
      11       36.680464
      12       36.069438
      13   459.41
 
       1       138.72380
       2       131.31733
       3       124.73631
       4       125.47954
       5       136.30316
       6       140.59532
       7       155.11922
       8       145.35607
       9       134.61695
      10       123.34709
      11       128.17093
      12       133.32622
      13  1617.09
 
       1       23.817230
       2       21.487354
       3       20.151208
       4       22.152213
       5       24.266074
       6       27.350368
       7       29.384847
       8       26.527551
       9       24.750323
      10       21.725054
      11       20.912606
      12       23.053546
      13   285.58
 
       1       6.1530525
       2       6.3968914
       3       5.6730226
       4       5.9053981
       5       6.1396820
       6       6.5828966
       7       7.0634057
       8       6.7796396
       9       6.4521081
      10       5.6068648
      11       5.9419077
      12       5.7208676
      13     6.20
 
       1 0.0
       2 0.0
       3 0.0
       4 0.0
       5 0.0
       6 0.0
       7 0.0
       8 0.0
       9 0.0
      10 0.0
      11 0.0
      12 0.0
      13 0.0
 
       1     0.025163434
       2     0.026442175
       3     0.023597668
       4     0.024634437
       5     0.025692766
       6     0.026572113
       7     0.028964901
       8     0.027914615
       9     0.026277712
      10     0.023424570
      11     0.024845209
      12     0.023256592
      13   0.0256
 
       1       1.0000000
       2       1.0000000
       3       1.0000000
       4       1.0000000
       5       1.0000000
       6       1.0000000
       7       1.0000000
       8       1.0000000
       9       1.0000000
      10       1.0000000
      11       1.0000000
      12       1.0000000
      13   1.0000
 
       1       0.0000000
       2       0.0000000
       3       0.0000000
       4       0.0000000
       5       0.0000000
       6       0.0000000
       7       0.0000000
       8       0.0000000
       9       0.0000000
      10       0.0000000
      11       0.0000000
      12       0.0000000
      13   0.0000
 
       1      0.73605377
       2      0.70736656
       3      0.68418964
       4      0.65300655
       5      0.63677833
       6      0.62824364
       7      0.65890044
       8      0.68747201
       9      0.70004471
      10      0.71094550
      11      0.69287387
      12      0.71045199
      13   0.6839
 
