       1       126.62541
       2       142.35680
       3       236.76102
       4       171.99449
       5       236.45415
       6       226.08743
       7       256.92979
       8       192.32598
       9       150.35556
      10       93.598603
      11       95.601078
      12       155.83233
      13  2084.92
 
       1       87.568322
       2       94.228724
       3       151.83288
       4       112.38131
       5       146.63052
       6       130.82172
       7       142.98543
       8       114.08971
       9       94.464294
      10       62.834537
      11       64.524522
      12       104.87295
      13  1307.23
 
       1       12.256439
       2       11.751639
       3       18.843230
       4       15.083914
       5       16.979826
       6       14.853751
       7       15.352250
       8       13.366650
       9       11.195431
      10       8.5959749
      11       8.3072399
      12       13.082818
      13   159.67
 
       1       17.612346
       2       15.399175
       3       30.803332
       4       24.444291
       5       31.733220
       6       42.930870
       7       55.409903
       8       34.205312
       9       21.570557
      10       12.446170
      11       12.523699
      12       18.369599
      13   317.45
 
       1       12.207433
       2       11.872284
       3       22.597225
       4       21.507076
       5       34.654555
       6       38.217953
       7       48.241842
       8       39.623039
       9       31.206263
      10       14.539104
      11       11.008479
      12       14.580823
      13   300.26
 
       1       10.579050
       2       15.345329
       3       27.999572
       4       29.246788
       5       38.306053
       6       33.914758
       7       33.704997
       8       25.856455
       9       21.244739
      10       12.596599
      11       10.076152
      12       12.290777
      13    22.60
 
       1 0.0
       2 0.0
       3 0.0
       4 0.0
       5 0.0
       6 0.0
       7 0.0
       8 0.0
       9 0.0
      10 0.0
      11 0.0
      12 0.0
      13 0.0
 
       1     0.012838350
       2     0.018708555
       3     0.034875155
       4     0.036284734
       5     0.047403267
       6     0.040886198
       7     0.039250569
       8     0.030096470
       9     0.025045194
      10     0.014824247
      11     0.011884787
      12     0.014771059
      13   0.0272
 
       1      0.86222657
       2      0.86095151
       3      0.86265227
       4      0.86197661
       5      0.86012639
       6      0.86053249
       7      0.86293637
       8      0.86418775
       9      0.86299855
      10      0.86275927
      11      0.86450598
      12      0.86444172
      13   0.8625
 
       1    0.0019654215
       2    0.0028555534
       3    0.0052299376
       4    0.0054724721
       5    0.0071362541
       6    0.0062328942
       7    0.0060695293
       8    0.0046762789
       9    0.0038744505
      10    0.0023138135
      11    0.0018522632
      12    0.0022674248
      13   0.0042
 
       1      0.29028492
       2      0.31019626
       3      0.36091339
       4      0.38422284
       5      0.39822787
       6      0.42080031
       7      0.37892093
       8      0.35629969
       9      0.34051255
      10      0.31480878
      11      0.29491079
      12      0.29311213
      13   0.3453
 
