       1       106.28751
       2       132.00316
       3       182.68264
       4       156.33833
       5       113.50080
       6       117.13240
       7       113.53715
       8       128.57724
       9       113.36015
      10       71.003781
      11       96.464491
      12       116.19441
      13  1447.08
 
       1       71.005700
       2       89.831728
       3       111.88103
       4       103.66813
       5       69.020603
       6       70.742766
       7       64.622205
       8       73.989751
       9       72.376890
      10       47.173680
      11       66.711539
      12       79.098997
      13   920.12
 
       1       8.7889177
       2       12.621281
       3       12.508784
       4       14.546835
       5       7.3763685
       6       7.4533235
       7       6.7231148
       8       7.7446611
       9       8.6887776
      10       6.1866033
      11       8.0791905
      12       9.8359314
      13   110.55
 
       1       10.044756
       2       13.671425
       3       14.148852
       4       20.438248
       5       8.4571929
       6       13.681364
       7       14.205090
       8       16.009318
       9       11.079679
      10       6.5639255
      11       7.7598255
      12       11.153596
      13   147.21
 
       1       7.1802946
       2       11.016943
       3       12.437045
       4       20.349614
       5       11.143094
       6       15.039972
       7       17.123679
       8       24.524310
       9       19.323795
      10       13.635555
      11       13.344520
      12       10.480331
      13   175.60
 
       1       8.2870958
       2       13.150732
       3       15.323617
       4       21.528679
       5       13.479407
       6       16.581471
       7       13.704052
       8       16.217460
       9       14.639573
      10       7.9076118
      11       9.8308179
      12       8.6248410
      13    13.27
 
       1 0.0
       2 0.0
       3 0.0
       4 0.0
       5 0.0
       6 0.0
       7 0.0
       8 0.0
       9 0.0
      10 0.0
      11 0.0
      12 0.0
      13 0.0
 
       1     0.087807588
       2      0.14109342
       3      0.15982749
       4      0.22957849
       5      0.13457362
       6      0.16525052
       7      0.13534812
       8      0.16175871
       9      0.14648229
      10     0.078706189
      11      0.10190866
      12     0.090526802
      13   0.1361
 
       1      0.87397206
       2      0.87299159
       3      0.87075669
       4      0.87293094
       5      0.87034391
       6      0.86921856
       7      0.87174751
       8      0.87200166
       9      0.87229092
      10      0.87155398
      11      0.87467742
      12      0.87192629
      13   0.8720
 
       1     0.011700119
       2     0.018578428
       3     0.021373236
       4     0.030202915
       5     0.018605094
       6     0.022814211
       7     0.018728644
       8     0.022220733
       9     0.020151573
      10     0.010936933
      11     0.013774256
      12     0.012139483
      13   0.0184
 
       1      0.68255238
       2      0.75455314
       3      0.76123387
       4      0.83887362
       5      0.76675485
       6      0.80502519
       7      0.76020817
       8      0.81064937
       9      0.77414680
      10      0.71802980
      11      0.70687719
      12      0.66862272
      13   0.7540
 
