       1       13.138446
       2       10.022008
       3       17.604551
       4       28.548195
       5       31.831082
       6       50.185701
       7       40.083435
       8       25.082674
       9       22.685779
      10       11.473737
      11       7.2031217
      12       9.9739438
      13   267.83
 
       1       8.8873031
       2       6.8638203
       3       11.062517
       4       16.690679
       5       16.957467
       6       25.742711
       7       22.340289
       8       14.317272
       9       12.830158
      10       7.6226266
      11       5.1756656
      12       7.0938081
      13   155.58
 
       1       1.1811710
       2       1.0626873
       3       1.9222743
       4       2.9988856
       5       2.7042104
       6       3.0487888
       7       3.1740674
       8       2.0614372
       9       1.6597655
      10       1.1268607
      11      0.69287143
      12      0.96796496
      13    22.60
 
       1      0.83403045
       2       1.5639019
       3       2.4567153
       4       4.6034956
       5       5.4936841
       6       13.224226
       7       13.515420
       8       6.6574365
       9       4.4188162
      10      0.91434554
      11       1.0062180
      12       1.0943714
      13    55.78
 
       1      0.37930121
       2      0.56367687
       3       1.2960832
       4       3.2148454
       5       4.0129385
       6       6.2806336
       7       7.0478953
       8       4.3373464
       9       2.1142901
      10      0.64987133
      11      0.29384572
      12      0.38033376
      13    30.57
 
       1      0.85478957
       2       1.3914162
       3       2.2211593
       4       3.6561333
       5       3.3625775
       6       4.0055343
       7       3.6172752
       8       2.2108474
       9       1.9100240
      10       1.1751595
      11      0.74113456
      12      0.89145920
      13     2.17
 
       1 0.0
       2 0.0
       3 0.0
       4 0.0
       5 0.0
       6 0.0
       7 0.0
       8 0.0
       9 0.0
      10 0.0
      11 0.0
      12 0.0
      13 0.0
 
       1     0.023916434
       2     0.039805672
       3     0.059997607
       4     0.097531905
       5     0.087864814
       6     0.097104139
       7     0.088011039
       8     0.052966799
       9     0.047154073
      10     0.031945888
      11     0.019902775
      12     0.024898367
      13   0.0559
 
       1      0.88166575
       2      0.88153061
       3      0.87970204
       4      0.87895385
       5      0.87871557
       6      0.87608011
       7      0.87611099
       8      0.87646772
       9      0.87544152
      10      0.88085105
      11      0.87850737
      12      0.88236335
      13   0.8789
 
       1    0.0029146963
       2    0.0047945203
       3    0.0073802084
       4     0.012053021
       5     0.010959761
       6     0.012422765
       7     0.011272502
       8    0.0068763737
       9    0.0060476360
      10    0.0039325111
      11    0.0024975704
      12    0.0030461247
      13   0.0070
 
       1      0.88499760
       2      0.93219988
       3      0.94976477
       4      0.97398811
       5      0.98250414
       6      0.98422178
       7      0.98173455
       8      0.97437126
       9      0.98477869
      10      0.97612126
      11      0.94549556
      12      0.91946187
      13   0.9575
 
