       1       6.4466540
       2       13.122975
       3       16.673082
       4       18.189631
       5       43.229527
       6       50.044121
       7       41.212523
       8       25.342390
       9       16.835353
      10       11.524684
      11       6.1919150
      12       8.7317394
      13   257.54
 
       1       4.9230619
       2       8.4116370
       3       11.536867
       4       11.774454
       5       23.577568
       6       26.565822
       7       22.031449
       8       14.260482
       9       9.7376692
      10       7.2418231
      11       4.8194574
      12       6.2294005
      13   151.11
 
       1      0.66283435
       2       1.1475065
       3       2.2077314
       4       2.5492989
       5       3.2269520
       6       3.3812027
       7       3.0539752
       8       1.9499608
       9       1.2819641
      10      0.93879424
      11      0.70285856
      12      0.84809861
      13    21.95
 
       1      0.65544272
       2      0.90301844
       3       3.4940935
       4       3.4636883
       5       8.4500344
       6       14.080453
       7       14.650413
       8       5.7340644
       9       3.2218069
      10      0.72890220
      11      0.65601241
      12       1.2041840
      13    57.24
 
       1      0.14881726
       2      0.39104070
       3       2.1252480
       4       2.6832418
       5       4.5607224
       6       6.9103568
       7       6.1588740
       8       3.5339688
       9       1.9953063
      10      0.35428697
      11      0.10889523
      12      0.43034235
      13    29.40
 
       1      0.59044484
       2       1.1951889
       3       3.1910103
       4       3.2422912
       5       4.1682280
       6       4.5582306
       7       3.5635273
       8       2.2046222
       9       1.4568957
      10      0.81671041
      11      0.67706293
      12      0.73316570
      13     2.20
 
       1 0.0
       2 0.0
       3 0.0
       4 0.0
       5 0.0
       6 0.0
       7 0.0
       8 0.0
       9 0.0
      10 0.0
      11 0.0
      12 0.0
      13 0.0
 
       1     0.016377407
       2     0.031348469
       3     0.083867931
       4     0.085238809
       5      0.10418466
       6      0.11001271
       7     0.082874464
       8     0.051062152
       9     0.034324226
      10     0.020481552
      11     0.018490940
      12     0.019776120
      13   0.0548
 
       1      0.92669973
       2      0.92531682
       3      0.92403033
       4      0.92458841
       5      0.92304705
       6      0.92246231
       7      0.92207199
       8      0.92105599
       9      0.92214819
      10      0.92309643
      11      0.92645711
      12      0.92580749
      13   0.9239
 
       1    0.0012415997
       2    0.0024243391
       3    0.0064890226
       4    0.0066034934
       5    0.0082166159
       6    0.0088122684
       7    0.0067859389
       8    0.0042152145
       9    0.0028203943
      10    0.0016327420
      11    0.0014123708
      12    0.0015204250
      13   0.0043
 
       1      0.89220629
       2      0.87136837
       3      0.97536314
       4      0.97817239
       5      0.98504494
       6      0.98519427
       7      0.97331638
       8      0.96795009
       9      0.97497423
      10      0.95498785
      11      0.94146584
      12      0.91508283
      13   0.9513
 
