       1       180.00963
       2       138.13264
       3       142.06899
       4       132.67587
       5       138.31243
       6       131.34523
       7       113.84974
       8       111.92472
       9       129.18219
      10       69.957730
      11       67.732663
      12       141.17277
      13  1496.36
 
       1       121.06716
       2       92.524887
       3       90.463484
       4       86.299717
       5       82.672865
       6       80.071072
       7       65.252814
       8       64.898846
       9       83.149874
      10       46.022102
      11       45.695593
      12       95.826007
      13   953.94
 
       1       16.258570
       2       12.781305
       3       11.630018
       4       11.024380
       5       8.5100820
       6       8.8598601
       7       6.7201384
       8       6.8870878
       9       10.073792
      10       6.0916946
      11       5.1453867
      12       11.792794
      13   115.78
 
       1       18.723875
       2       14.244973
       3       12.455670
       4       15.324027
       5       10.622885
       6       17.292079
       7       15.203660
       8       14.667173
       9       12.929577
      10       6.6322336
      11       6.8212455
      12       16.486669
      13   161.40
 
       1       11.602413
       2       10.394858
       3       14.730519
       4       15.983624
       5       16.690625
       6       16.560110
       7       17.682471
       8       20.202808
       9       23.819265
      10       13.905620
      11       8.3232472
      12       12.563693
      13   182.46
 
       1       13.142186
       2       12.946669
       3       13.777202
       4       16.885620
       5       17.096049
       6       18.543926
       7       14.181874
       8       13.794906
       9       17.667590
      10       8.1566721
      11       6.4962685
      12       10.123058
      13    13.57
 
       1 0.0
       2 0.0
       3 0.0
       4 0.0
       5 0.0
       6 0.0
       7 0.0
       8 0.0
       9 0.0
      10 0.0
      11 0.0
      12 0.0
      13 0.0
 
       1      0.14183684
       2      0.13965652
       3      0.14465525
       4      0.17623973
       5      0.17189880
       6      0.18719485
       7      0.13915115
       8      0.13617470
       9      0.18041293
      10     0.081023644
      11     0.064499286
      12      0.10745126
      13   0.1392
 
       1      0.87285211
       2      0.87267672
       3      0.87255080
       4      0.87237255
       5      0.86990255
       6      0.87032419
       7      0.87206117
       8      0.87307137
       9      0.87220084
      10      0.87259659
      11      0.87328795
      12      0.87176942
      13   0.8721
 
       1     0.018537714
       2     0.018306593
       3     0.019268374
       4     0.023566387
       5     0.023579357
       6     0.025556892
       7     0.019309318
       8     0.018865256
       9     0.024475442
      10     0.011287372
      11    0.0089952253
      12     0.014256255
      13   0.0188
 
       1      0.71240844
       2      0.77537244
       3      0.75699510
       4      0.78409711
       5      0.78001835
       6      0.85640257
       7      0.76281913
       8      0.76023975
       9      0.79418178
      10      0.70858052
      11      0.63084428
      12      0.70666516
      13   0.7524
 
