       1       467.12094
       2       459.32357
       3       477.33714
       4       474.42761
       5       515.40310
       6       480.72625
       7       524.30130
       8       490.41684
       9       471.10762
      10       465.81806
      11       461.97669
      12       499.79777
      13  5787.76
 
       1       284.29333
       2       278.38584
       3       289.64934
       4       291.76286
       5       313.53776
       6       289.85662
       7       314.78307
       8       296.61361
       9       287.83402
      10       290.53599
      11       286.79797
      12       304.84011
      13  3528.89
 
       1       36.224235
       2       35.027055
       3       36.877262
       4       35.362508
       5       38.534995
       6       36.224595
       7       39.808346
       8       37.704626
       9       36.197912
      10       34.641545
      11       34.381750
      12       37.383870
      13   438.37
 
       1       126.64408
       2       122.13258
       3       130.08818
       4       124.12712
       5       135.71196
       6       130.79806
       7       143.25552
       8       131.61910
       9       124.60900
      10       119.82415
      11       121.58433
      12       134.22883
      13  1544.62
 
       1       20.191193
       2       22.137820
       3       22.967558
       4       22.725689
       5       26.205994
       6       24.064309
       7       27.321546
       8       24.467451
       9       22.665453
      10       19.617511
      11       19.549229
      12       23.108894
      13   275.02
 
       1       5.5973890
       2       5.8246477
       3       5.8450897
       4       5.7209754
       5       6.0500605
       6       6.1341314
       7       6.5374723
       8       6.0191765
       9       6.1109066
      10       5.4731020
      11       5.6585265
      12       5.9447666
      13     5.91
 
       1 0.0
       2 0.0
       3 0.0
       4 0.0
       5 0.0
       6 0.0
       7 0.0
       8 0.0
       9 0.0
      10 0.0
      11 0.0
      12 0.0
      13 0.0
 
       1     0.023474015
       2     0.024245372
       3     0.023980256
       4     0.023725751
       5     0.024738593
       6     0.024698603
       7     0.026253313
       8     0.024507052
       9     0.024913059
      10     0.022914785
      11     0.023736887
      12     0.024668388
      13   0.0243
 
       1       1.0000000
       2       1.0000000
       3       1.0000000
       4       1.0000000
       5       1.0000000
       6       1.0000000
       7       1.0000000
       8       1.0000000
       9       1.0000000
      10       1.0000000
      11       1.0000000
      12       1.0000000
      13   1.0000
 
       1       0.0000000
       2       0.0000000
       3       0.0000000
       4       0.0000000
       5       0.0000000
       6       0.0000000
       7       0.0000000
       8       0.0000000
       9       0.0000000
      10       0.0000000
      11       0.0000000
      12       0.0000000
      13   0.0000
 
       1      0.71541389
       2      0.73121344
       3      0.69325970
       4      0.66778411
       5      0.63915061
       6      0.64336939
       7      0.68403734
       8      0.69834792
       9      0.69451486
      10      0.71049930
      11      0.69300088
      12      0.71239072
      13   0.6902
 
