       1       150.34376
       2       188.91021
       3       214.89063
       4       219.09728
       5       187.10001
       6       230.35973
       7       212.89569
       8       202.69589
       9       133.26758
      10       118.11949
      11       136.54926
      12       125.58045
      13  2119.81
 
       1       100.31371
       2       127.14238
       3       138.33349
       4       139.97010
       5       115.30996
       6       132.61513
       7       118.11952
       8       117.35330
       9       85.815715
      10       76.469251
      11       90.523838
      12       85.987316
      13  1327.95
 
       1       12.516198
       2       18.281281
       3       17.665359
       4       19.524106
       5       15.462092
       6       15.371481
       7       13.497919
       8       13.683629
       9       11.519288
      10       9.5013617
      11       11.841820
      12       11.755799
      13   170.62
 
       1       19.526073
       2       23.866283
       3       26.003016
       4       34.135519
       5       28.622926
       6       44.949433
       7       43.084558
       8       34.580823
       9       18.801963
      10       15.154689
      11       16.154687
      12       15.409711
      13   320.29
 
       1       13.106548
       2       18.992773
       3       20.505700
       4       26.052808
       5       29.218975
       6       40.983747
       7       39.198474
       8       41.512269
       9       26.643206
      10       16.270102
      11       16.193799
      12       17.485296
      13   306.16
 
       1       13.636609
       2       20.990308
       3       26.651435
       4       34.135094
       5       29.425492
       6       31.773714
       7       25.384839
       8       25.057370
       9       18.107767
      10       14.098350
      11       13.561509
      12       11.236770
      13    22.00
 
       1 0.0
       2 0.0
       3 0.0
       4 0.0
       5 0.0
       6 0.0
       7 0.0
       8 0.0
       9 0.0
      10 0.0
      11 0.0
      12 0.0
      13 0.0
 
       1     0.013122650
       2     0.020447216
       3     0.025756359
       4     0.033052434
       5     0.027982072
       6     0.029093724
       7     0.022659921
       8     0.022417992
       9     0.016397229
      10     0.012752736
      11     0.012698645
      12     0.010739522
      13   0.0206
 
       1      0.93932558
       2      0.93856251
       3      0.93866663
       4      0.93875099
       5      0.93793489
       6      0.93758175
       7      0.93872210
       8      0.93925948
       9      0.93838522
      10      0.93817388
      11      0.93938588
      12      0.94014091
      13   0.9387
 
       1   0.00091297721
       2    0.0014083796
       3    0.0017848149
       4    0.0022812172
       5    0.0019608986
       6    0.0020891332
       7    0.0016564454
       8    0.0016364633
       9    0.0011921385
      10   0.00093143298
      11   0.00090185643
      12   0.00075146050
      13   0.0015
 
       1      0.27693214
       2      0.30358321
       3      0.33502172
       4      0.35544265
       5      0.38771419
       6      0.37954227
       7      0.32245048
       8      0.31630465
       9      0.30268006
      10      0.29622002
      11      0.30169983
      12      0.29413170
      13   0.3226
 
