       1       494.28528
       2       431.22368
       3       477.28968
       4       484.80085
       5       499.86986
       6       524.09966
       7       546.62007
       8       497.62153
       9       483.40491
      10       443.72303
      11       454.91080
      12       482.31814
      13  5820.17
 
       1       298.36802
       2       260.94718
       3       292.89361
       4       297.75036
       5       308.34118
       6       319.99899
       7       332.52966
       8       306.06133
       9       298.23086
      10       278.18710
      11       281.24260
      12       291.48830
      13  3566.04
 
       1       38.010531
       2       33.411746
       3       36.570064
       4       37.037243
       5       37.640332
       6       38.668989
       7       42.145053
       8       37.614779
       9       37.191317
      10       33.943861
      11       34.153088
      12       36.967861
      13   443.35
 
       1       135.19010
       2       117.05630
       3       125.77808
       4       126.45150
       5       128.77257
       6       139.15024
       7       144.60766
       8       131.22416
       9       125.99998
      10       113.63380
      11       120.22129
      12       131.09924
      13  1539.18
 
       1       22.234934
       2       19.729634
       3       21.663602
       4       23.170090
       5       25.168309
       6       25.160545
       7       26.034622
       8       23.860746
       9       22.496274
      10       19.035620
      11       19.451176
      12       22.531701
      13   270.54
 
       1       6.0093545
       2       5.8196577
       3       5.6700586
       4       5.9081263
       5       5.9484405
       6       6.4318635
       7       6.8891701
       8       6.1392665
       9       6.1628972
      10       5.4212847
      11       5.6382831
      12       5.9243693
      13     6.00
 
       1 0.0
       2 0.0
       3 0.0
       4 0.0
       5 0.0
       6 0.0
       7 0.0
       8 0.0
       9 0.0
      10 0.0
      11 0.0
      12 0.0
      13 0.0
 
       1     0.024868122
       2     0.024067597
       3     0.023711513
       4     0.024534028
       5     0.024490801
       6     0.026326944
       7     0.028042852
       8     0.025390639
       9     0.025557748
      10     0.022731662
      11     0.023522879
      12     0.024405000
      13   0.0248
 
       1       1.0000000
       2       1.0000000
       3       1.0000000
       4       1.0000000
       5       1.0000000
       6       1.0000000
       7       1.0000000
       8       1.0000000
       9       1.0000000
      10       1.0000000
      11       1.0000000
      12       1.0000000
      13   1.0000
 
       1       0.0000000
       2       0.0000000
       3       0.0000000
       4       0.0000000
       5       0.0000000
       6       0.0000000
       7       0.0000000
       8       0.0000000
       9       0.0000000
      10       0.0000000
      11       0.0000000
      12       0.0000000
      13   0.0000
 
       1      0.73976331
       2      0.71668822
       3      0.69494642
       4      0.65625151
       5      0.62223352
       6      0.59967359
       7      0.63629216
       8      0.67170128
       9      0.69719932
      10      0.71569409
      11      0.72784638
      12      0.72767581
      13   0.6838
 
