       1       463.54345
       2       414.87432
       3       472.43736
       4       475.22507
       5       485.32316
       6       462.73296
       7       554.39001
       8       514.96684
       9       458.83648
      10       472.59850
      11       442.36321
      12       475.34337
      13  5692.63
 
       1       278.50510
       2       252.33182
       3       291.51998
       4       291.92430
       5       297.32422
       6       276.14266
       7       336.95807
       8       310.19930
       9       281.34038
      10       287.13768
      11       264.39441
      12       283.31509
      13  3451.09
 
       1       35.787864
       2       31.876876
       3       36.129759
       4       35.623380
       5       36.802634
       6       35.082141
       7       42.412928
       8       39.622340
       9       35.334077
      10       35.704756
      11       33.438724
      12       36.534948
      13   434.35
 
       1       127.89206
       2       111.24849
       3       124.92319
       4       124.81168
       5       126.37726
       6       124.80253
       7       148.97559
       8       139.72968
       9       120.37153
      10       127.11339
      11       121.79592
      12       132.25085
      13  1530.29
 
       1       22.243169
       2       18.138867
       3       20.581583
       4       22.203212
       5       24.822692
       6       24.705880
       7       26.915007
       8       26.612273
       9       21.313745
      10       22.829708
      11       23.174390
      12       23.096187
      13   276.64
 
       1       5.7256382
       2       5.5161798
       3       5.6343682
       4       5.7119734
       5       5.7530577
       6       5.8246017
       7       6.7891574
       8       6.5034614
       9       5.8205436
      10       5.6557382
      11       5.5433693
      12       5.8760303
      13     5.86
 
       1 0.0
       2 0.0
       3 0.0
       4 0.0
       5 0.0
       6 0.0
       7 0.0
       8 0.0
       9 0.0
      10 0.0
      11 0.0
      12 0.0
      13 0.0
 
       1     0.023475235
       2     0.022919084
       3     0.023479211
       4     0.023656605
       5     0.023842185
       6     0.023263124
       7     0.027748486
       8     0.026279658
       9     0.024106103
      10     0.023175034
      11     0.022263113
      12     0.023550232
      13   0.0240
 
       1       1.0000000
       2       1.0000000
       3       1.0000000
       4       1.0000000
       5       1.0000000
       6       1.0000000
       7       1.0000000
       8       1.0000000
       9       1.0000000
      10       1.0000000
      11       1.0000000
      12       1.0000000
      13   1.0000
 
       1       0.0000000
       2       0.0000000
       3       0.0000000
       4       0.0000000
       5       0.0000000
       6       0.0000000
       7       0.0000000
       8       0.0000000
       9       0.0000000
      10       0.0000000
      11       0.0000000
      12       0.0000000
      13   0.0000
 
       1      0.72272775
       2      0.70360841
       3      0.68546231
       4      0.67441278
       5      0.62777649
       6      0.62934693
       7      0.67501957
       8      0.70292612
       9      0.69850339
      10      0.70685301
      11      0.70507479
      12      0.71647318
      13   0.6873
 
