       1       498.94248
       2       487.26566
       3       461.87616
       4       481.63298
       5       533.18578
       6       511.82935
       7       516.49004
       8       510.58792
       9       481.33641
      10       482.26364
      11       443.66197
      12       499.12640
      13  5908.20
 
       1       305.06445
       2       294.83324
       3       284.95831
       4       296.39933
       5       326.70501
       6       307.25105
       7       312.06192
       8       312.17615
       9       296.55611
      10       296.06827
      11       270.79657
      12       298.39205
      13  3601.26
 
       1       38.376818
       2       37.504776
       3       35.464490
       4       36.011321
       5       39.520857
       6       38.818459
       7       39.508005
       8       39.244936
       9       36.889460
      10       36.277560
      11       33.602252
      12       37.835611
      13   449.05
 
       1       133.50294
       2       134.02615
       3       120.43326
       4       126.95860
       5       140.45564
       6       136.86995
       7       138.00981
       8       134.60282
       9       125.14603
      10       129.73857
      11       117.92594
      12       138.53585
      13  1576.21
 
       1       21.415132
       2       21.999877
       3       20.975971
       4       22.517809
       5       25.425570
       6       28.491267
       7       27.680205
       8       24.980307
       9       22.123780
      10       22.071717
      11       20.009116
      12       23.566575
      13   281.26
 
       1       6.1620034
       2       6.4018705
       3       5.6048910
       4       5.8102151
       5       6.2319398
       6       6.3490855
       7       6.3940688
       8       6.3888669
       9       6.2212738
      10       5.7201321
      11       5.5084169
      12       6.0465034
      13     6.07
 
       1 0.0
       2 0.0
       3 0.0
       4 0.0
       5 0.0
       6 0.0
       7 0.0
       8 0.0
       9 0.0
      10 0.0
      11 0.0
      12 0.0
      13 0.0
 
       1     0.025793253
       2     0.026460662
       3     0.023416089
       4     0.024102211
       5     0.025731641
       6     0.025722661
       7     0.026058918
       8     0.026391127
       9     0.025807888
      10     0.023813245
      11     0.022604072
      12     0.024375210
      13   0.0250
 
       1       1.0000000
       2       1.0000000
       3       1.0000000
       4       1.0000000
       5       1.0000000
       6       1.0000000
       7       1.0000000
       8       1.0000000
       9       1.0000000
      10       1.0000000
      11       1.0000000
      12       1.0000000
      13   1.0000
 
       1       0.0000000
       2       0.0000000
       3       0.0000000
       4       0.0000000
       5       0.0000000
       6       0.0000000
       7       0.0000000
       8       0.0000000
       9       0.0000000
      10       0.0000000
      11       0.0000000
      12       0.0000000
      13   0.0000
 
       1      0.71517708
       2      0.69768645
       3      0.64863891
       4      0.62665265
       5      0.59411955
       6      0.59168265
       7      0.61975513
       8      0.66773528
       9      0.66631474
      10      0.69656556
      11      0.68765829
      12      0.70211151
      13   0.6595
 
