       1       198.44059
       2       128.11488
       3       144.49858
       4       145.17990
       5       140.58122
       6       122.09081
       7       128.40229
       8       113.63684
       9       104.22774
      10       74.888280
      11       141.51089
      12       118.69419
      13  1560.27
 
       1       133.37394
       2       88.985340
       3       94.514568
       4       87.902100
       5       88.313859
       6       75.713801
       7       71.548092
       8       65.717861
       9       67.813208
      10       50.067615
      11       94.745461
      12       83.164578
      13  1001.86
 
       1       17.090886
       2       12.848649
       3       12.328136
       4       8.2337642
       5       9.5990915
       6       8.1286194
       7       6.6590666
       8       6.6598285
       9       8.3477388
      10       6.1504019
      11       10.661796
      12       10.487327
      13   117.20
 
       1       19.631909
       2       14.680633
       3       14.668465
       4       10.127628
       5       11.633839
       6       14.619787
       7       16.551077
       8       14.245883
       9       10.672674
      10       6.1547615
      11       11.766561
      12       12.927091
      13   157.68
 
       1       15.302725
       2       13.526392
       3       15.496033
       4       13.057940
       5       17.766721
       6       17.904857
       7       20.902904
       8       21.958387
       9       21.662304
      10       12.214271
      11       16.198485
      12       11.586870
      13   197.58
 
       1       13.224755
       2       12.237545
       3       14.562414
       4       16.358841
       5       20.833028
       6       20.822056
       7       15.878724
       8       13.976865
       9       14.485634
      10       8.1258645
      11       11.149836
      12       8.8795364
      13    14.21
 
       1 0.0
       2 0.0
       3 0.0
       4 0.0
       5 0.0
       6 0.0
       7 0.0
       8 0.0
       9 0.0
      10 0.0
      11 0.0
      12 0.0
      13 0.0
 
       1      0.17532941
       2      0.16236644
       3      0.18862688
       4      0.20366805
       5      0.26597890
       6      0.26379403
       7      0.19347007
       8      0.16935127
       9      0.17902276
      10     0.099074239
      11      0.14305190
      12      0.11654718
      13   0.1800
 
       1      0.92613589
       2      0.92583922
       3      0.92564217
       4      0.92492026
       5      0.92619554
       6      0.92498706
       7      0.92486939
       8      0.92526570
       9      0.92543995
      10      0.92518131
      11      0.92649248
      12      0.92551533
      13   0.9255
 
       1     0.013291691
       2     0.012345602
       3     0.014538129
       4     0.016046910
       5     0.020701935
       6     0.020634294
       7     0.015423659
       8     0.013579586
       9     0.014197197
      10    0.0079786634
      11     0.011104344
      12    0.0089380082
      13   0.0141
 
       1      0.72751378
       2      0.74556155
       3      0.73731710
       4      0.77471989
       5      0.80360406
       6      0.84750387
       7      0.84051415
       8      0.82065893
       9      0.81633747
      10      0.70552789
      11      0.72264636
      12      0.72303486
      13   0.7721
 
