       1       450.78199
       2       436.16372
       3       505.45056
       4       475.39421
       5       511.36706
       6       501.16766
       7       572.09152
       8       544.39864
       9       450.42937
      10       458.28337
      11       451.33431
      12       483.57524
      13  5840.44
 
       1       274.35117
       2       265.07004
       3       309.79800
       4       290.99095
       5       312.50794
       6       303.51714
       7       347.46706
       8       338.34554
       9       281.03454
      10       287.87496
      11       278.24094
      12       290.24293
      13  3579.44
 
       1       34.059075
       2       33.469518
       3       38.645388
       4       35.509730
       5       37.628485
       6       37.727004
       7       43.202481
       8       41.484001
       9       34.273783
      10       34.993493
      11       34.518111
      12       36.421989
      13   441.93
 
       1       122.72880
       2       116.63702
       3       134.46196
       4       125.27876
       5       133.60843
       6       132.68325
       7       152.41550
       8       141.34208
       9       113.39332
      10       117.47256
      11       119.55027
      12       133.86569
      13  1543.44
 
       1       20.176239
       2       19.856360
       3       22.915470
       4       22.970022
       5       26.954186
       6       27.017082
       7       29.036477
       8       24.183285
       9       20.508174
      10       19.714779
      11       19.104471
      12       21.431082
      13   273.87
 
       1       5.4542936
       2       5.7112969
       3       6.0559149
       4       5.7339361
       5       5.8931819
       6       6.3328982
       7       7.0305768
       8       6.7102747
       9       5.7499918
      10       5.5305411
      11       5.6314347
      12       5.8740678
      13     5.98
 
       1 0.0
       2 0.0
       3 0.0
       4 0.0
       5 0.0
       6 0.0
       7 0.0
       8 0.0
       9 0.0
      10 0.0
      11 0.0
      12 0.0
      13 0.0
 
       1     0.022616550
       2     0.023624076
       3     0.025212466
       4     0.023730034
       5     0.024342589
       6     0.025588842
       7     0.028900059
       8     0.027981390
       9     0.024307106
      10     0.023371748
      11     0.023284840
      12     0.024013206
      13   0.0247
 
       1       1.0000000
       2       1.0000000
       3       1.0000000
       4       1.0000000
       5       1.0000000
       6       1.0000000
       7       1.0000000
       8       1.0000000
       9       1.0000000
      10       1.0000000
      11       1.0000000
      12       1.0000000
      13   1.0000
 
       1       0.0000000
       2       0.0000000
       3       0.0000000
       4       0.0000000
       5       0.0000000
       6       0.0000000
       7       0.0000000
       8       0.0000000
       9       0.0000000
      10       0.0000000
      11       0.0000000
      12       0.0000000
      13   0.0000
 
       1      0.73275281
       2      0.71228891
       3      0.69806945
       4      0.65957428
       5      0.65407541
       6      0.63867823
       7      0.68031087
       8      0.70283188
       9      0.69453327
      10      0.70826030
      11      0.73334093
      12      0.72967079
      13   0.6954
 
