       1       202.02258
       2       111.57852
       3       148.51673
       4       144.39698
       5       155.92671
       6       102.61284
       7       120.64225
       8       124.40707
       9       115.06727
      10       112.13238
      11       81.588125
      12       96.685100
      13  1515.58
 
       1       140.38323
       2       75.926721
       3       96.412931
       4       89.341905
       5       98.891104
       6       62.692469
       7       68.244612
       8       71.407214
       9       71.028360
      10       75.030803
      11       57.101003
      12       69.181997
      13   975.64
 
       1       17.665936
       2       9.7901993
       3       10.815584
       4       9.6523893
       5       9.4090986
       6       6.2166721
       7       5.8350095
       8       6.7132862
       9       7.2817681
      10       8.2871095
      11       6.5678438
      12       8.6181012
      13   106.85
 
       1       17.492145
       2       10.220590
       3       13.505171
       4       12.122103
       5       13.960533
       6       11.074708
       7       14.810837
       8       17.034675
       9       9.9525389
      10       8.6054526
      11       6.4143978
      12       11.219217
      13   146.41
 
       1       18.891899
       2       8.8145115
       3       13.963801
       4       14.605822
       5       19.011954
       6       15.786895
       7       17.833772
       8       25.803706
       9       22.568613
      10       17.796660
      11       9.5268443
      12       10.109347
      13   194.71
 
       1       14.491183
       2       10.591509
       3       15.570968
       4       17.006701
       5       22.550316
       6       16.588251
       7       14.911098
       8       16.086015
       9       14.642422
      10       12.505025
      11       7.7201962
      12       7.4329526
      13    14.17
 
       1 0.0
       2 0.0
       3 0.0
       4 0.0
       5 0.0
       6 0.0
       7 0.0
       8 0.0
       9 0.0
      10 0.0
      11 0.0
      12 0.0
      13 0.0
 
       1      0.19958943
       2      0.14083608
       3      0.20909329
       4      0.22345890
       5      0.29813979
       6      0.21245066
       7      0.18619026
       8      0.20289890
       9      0.18532590
      10      0.16211800
      11      0.10101817
      12     0.098507404
      13   0.1850
 
       1      0.85569263
       2      0.85180625
       3      0.85314012
       4      0.85255758
       5      0.85255107
       6      0.84924368
       7      0.85203547
       8      0.85093258
       9      0.85150285
      10      0.85343371
      11      0.85533938
      12      0.85159379
      13   0.8525
 
       1     0.029859212
       2     0.021581448
       3     0.031767610
       4     0.034371302
       5     0.045690927
       6     0.033246140
       7     0.029398031
       8     0.031862358
       9     0.029101107
      10     0.025238337
      11     0.015701871
      12     0.015189074
      13   0.0286
 
       1      0.75311286
       2      0.73109377
       3      0.80432033
       4      0.81546754
       5      0.83052650
       6      0.86626043
       7      0.80639911
       8      0.85059113
       9      0.81658875
      10      0.73729428
      11      0.61883178
      12      0.68010457
      13   0.7759
 
