       1       90.177371
       2       146.22990
       3       134.82010
       4       149.28232
       5       133.36370
       6       143.69610
       7       136.90377
       8       127.62329
       9       143.55100
      10       122.07824
      11       118.65433
      12       103.88501
      13  1550.27
 
       1       62.475291
       2       98.561550
       3       88.460458
       4       92.927279
       5       83.140607
       6       85.834745
       7       77.686234
       8       74.084008
       9       88.147527
      10       82.817555
      11       84.607731
      12       71.651688
      13   990.39
 
       1       7.7934745
       2       12.476614
       3       10.668648
       4       9.4668352
       5       7.8871400
       6       7.5066692
       7       6.8784114
       8       7.1140262
       9       8.8823687
      10       9.7327898
      11       10.714136
      12       7.9854367
      13   107.11
 
       1       7.8660580
       2       14.022194
       3       13.450314
       4       12.437314
       5       10.704480
       6       12.262136
       7       17.765201
       8       15.057535
       9       10.552968
      10       9.1157829
      11       13.212354
      12       8.8101596
      13   145.26
 
       1       7.6475695
       2       12.334390
       3       14.451731
       4       15.290690
       5       14.547588
       6       16.334739
       7       23.799818
       8       24.581140
       9       25.764197
      10       21.825033
      11       21.137566
      12       9.3367686
      13   207.05
 
       1       7.0475261
       2       13.862545
       3       14.794801
       4       17.639352
       5       19.290774
       6       23.642476
       7       19.381832
       8       16.661822
       9       17.393794
      10       14.004348
      11       12.010492
      12       8.1085764
      13    15.32
 
       1 0.0
       2 0.0
       3 0.0
       4 0.0
       5 0.0
       6 0.0
       7 0.0
       8 0.0
       9 0.0
      10 0.0
      11 0.0
      12 0.0
      13 0.0
 
       1     0.092753906
       2      0.18835703
       3      0.19887461
       4      0.23241681
       5      0.25324582
       6      0.31246852
       7      0.25010316
       8      0.21181644
       9      0.22582608
      10      0.18753060
      11      0.16498007
      12      0.10980247
      13   0.2023
 
       1      0.88095938
       2      0.88117068
       3      0.88083032
       4      0.88173217
       5      0.88076431
       6      0.88083171
       7      0.88191527
       8      0.88110803
       9      0.88164661
      10      0.88243094
      11      0.88297897
      12      0.88453930
      13   0.8817
 
       1     0.011553363
       2     0.022922224
       3     0.024363336
       4     0.028707339
       5     0.031413045
       6     0.038579480
       7     0.031166470
       8     0.026603522
       9     0.028084218
      10     0.023020877
      11     0.019981255
      12     0.013468511
      13   0.0250
 
       1      0.64125597
       2      0.75461463
       3      0.81337918
       4      0.81315592
       5      0.85559378
       6      0.87879301
       7      0.87264544
       8      0.82479190
       9      0.84435551
      10      0.82284749
      11      0.79980576
      12      0.66342552
      13   0.7987
 
