       1       474.76758
       2       479.03711
       3       500.89417
       4       470.93919
       5       494.22715
       6       520.83957
       7       507.57160
       8       518.26095
       9       515.75786
      10       444.34921
      11       447.14424
      12       486.25852
      13  5860.05
 
       1       287.25457
       2       288.43543
       3       307.06532
       4       289.56494
       5       304.42584
       6       316.39550
       7       311.11446
       8       317.85917
       9       319.04348
      10       278.07574
      11       273.76046
      12       291.22619
      13  3584.22
 
       1       36.196395
       2       37.587658
       3       38.986374
       4       35.440373
       5       36.657563
       6       39.137149
       7       37.942810
       8       39.385706
       9       39.087071
      10       33.421286
      11       34.130120
      12       37.284183
      13   445.26
 
       1       129.33636
       2       129.90617
       3       132.89737
       4       123.36284
       5       127.17208
       6       138.58625
       7       135.22171
       8       137.28943
       9       134.04021
      10       112.67023
      11       119.06874
      12       134.98121
      13  1554.53
 
       1       21.053538
       2       21.698504
       3       22.733319
       4       22.564913
       5       25.623892
       6       25.490122
       7       24.492739
       8       24.385698
       9       22.827802
      10       19.294177
      11       21.124038
      12       23.269705
      13   274.56
 
       1       5.7525860
       2       6.2835216
       3       6.2165077
       4       5.7617979
       5       5.7621046
       6       6.4488060
       7       6.2222279
       8       6.4730396
       9       6.3335282
      10       5.2431488
      11       5.5622878
      12       5.9438679
      13     6.00
 
       1 0.0
       2 0.0
       3 0.0
       4 0.0
       5 0.0
       6 0.0
       7 0.0
       8 0.0
       9 0.0
      10 0.0
      11 0.0
      12 0.0
      13 0.0
 
       1     0.023845395
       2     0.026034849
       3     0.025740715
       4     0.023863980
       5     0.023718638
       6     0.026260629
       7     0.025645463
       8     0.026767439
       9     0.026534311
      10     0.022039504
      11     0.023136924
      12     0.024171655
      13   0.0248
 
       1       1.0000000
       2       1.0000000
       3       1.0000000
       4       1.0000000
       5       1.0000000
       6       1.0000000
       7       1.0000000
       8       1.0000000
       9       1.0000000
      10       1.0000000
      11       1.0000000
      12       1.0000000
      13   1.0000
 
       1       0.0000000
       2       0.0000000
       3       0.0000000
       4       0.0000000
       5       0.0000000
       6       0.0000000
       7       0.0000000
       8       0.0000000
       9       0.0000000
      10       0.0000000
      11       0.0000000
      12       0.0000000
      13   0.0000
 
       1      0.73042189
       2      0.71062702
       3      0.67936655
       4      0.65168166
       5      0.61840472
       6      0.60369868
       7      0.64707319
       8      0.66880812
       9      0.68021307
      10      0.69633204
      11      0.71363359
      12      0.72157173
      13   0.6768
 
