       1       227.52587
       2       176.28121
       3       188.19995
       4       181.59715
       5       201.14366
       6       229.46504
       7       220.34704
       8       193.11986
       9       176.22040
      10       99.623266
      11       101.27194
      12       181.42391
      13  2176.22
 
       1       152.16270
       2       119.11999
       3       120.14800
       4       117.60141
       5       120.02674
       6       134.33107
       7       122.51292
       8       110.95949
       9       111.92883
      10       65.565697
      11       67.442651
      12       121.59801
      13  1363.40
 
       1       21.529554
       2       17.879403
       3       16.847001
       4       16.942439
       5       14.794557
       6       16.565297
       7       14.474130
       8       13.286817
       9       14.414593
      10       9.4954019
      11       8.7579230
      12       15.582599
      13   180.57
 
       1       30.811076
       2       22.620616
       3       23.315746
       4       27.735746
       5       25.243943
       6       47.142285
       7       47.540560
       8       37.191525
       9       23.977533
      10       13.350531
      11       14.342326
      12       24.636246
      13   337.91
 
       1       18.886440
       2       15.820240
       3       21.231331
       4       23.782344
       5       29.563735
       6       36.490372
       7       39.777035
       8       35.608861
       9       31.137414
      10       17.044006
      11       11.931587
      12       17.436502
      13   298.71
 
       1       18.164792
       2       18.143944
       3       20.589662
       4       26.378429
       5       26.948777
       6       30.878873
       7       26.297699
       8       23.381833
       9       23.694823
      10       12.275463
      11       11.193942
      12       14.796879
      13    21.06
 
       1 0.0
       2 0.0
       3 0.0
       4 0.0
       5 0.0
       6 0.0
       7 0.0
       8 0.0
       9 0.0
      10 0.0
      11 0.0
      12 0.0
      13 0.0
 
       1     0.017858095
       2     0.017853759
       3     0.019777936
       4     0.025325250
       5     0.025045780
       6     0.028674965
       7     0.023863464
       8     0.021294059
       9     0.022049984
      10     0.011376332
      11     0.010523380
      12     0.014354765
      13   0.0198
 
       1      0.88308179
       2      0.88305550
       3      0.88266839
       4      0.88164979
       5      0.87942972
       6      0.88099003
       7      0.88396107
       8      0.88415821
       9      0.88331518
      10      0.88290836
      11      0.88436868
      12      0.88359322
      13   0.8828
 
       1    0.0023279217
       2    0.0023339052
       3    0.0026228446
       4    0.0033612071
       5    0.0033929645
       6    0.0038693480
       7    0.0032621833
       8    0.0029123747
       9    0.0029823969
      10    0.0015546671
      11    0.0014243269
      12    0.0018948083
      13   0.0027
 
       1      0.28496896
       2      0.27315376
       3      0.29445023
       4      0.34116471
       5      0.34949869
       6      0.37326435
       7      0.32122861
       8      0.30086157
       9      0.30359766
      10      0.28571107
      11      0.28641323
      12      0.28768695
      13   0.3085
 
