       1       214.96632
       2       138.79631
       3       191.21564
       4       204.70508
       5       215.96164
       6       223.47847
       7       253.41094
       8       177.65118
       9       136.64748
      10       114.38309
      11       153.88520
      12       150.06911
      13  2175.17
 
       1       147.90159
       2       94.074464
       3       121.51991
       4       130.05707
       5       134.61823
       6       134.42261
       7       140.17795
       8       105.50925
       9       86.276733
      10       73.853727
      11       103.29817
      12       102.59766
      13  1374.31
 
       1       20.416101
       2       13.258679
       3       15.294570
       4       15.414120
       5       15.881441
       6       15.257172
       7       14.778387
       8       12.702518
       9       10.812745
      10       9.3568648
      11       12.166659
      12       12.934729
      13   168.27
 
       1       27.346626
       2       17.761838
       3       23.006596
       4       26.546860
       5       29.578333
       6       38.782414
       7       51.988955
       8       32.720162
       9       19.544030
      10       12.379086
      11       18.589436
      12       17.765235
      13   316.01
 
       1       20.361097
       2       14.867019
       3       21.030349
       4       23.586560
       5       33.000246
       6       39.702235
       7       46.468238
       8       40.178334
       9       26.899632
      10       16.441301
      11       20.810797
      12       15.265939
      13   318.61
 
       1       16.823376
       2       14.908446
       3       21.394330
       4       29.982196
       5       34.522862
       6       38.118121
       7       32.651467
       8       24.486622
       9       18.942769
      10       13.041002
      11       15.072189
      12       12.350796
      13    22.69
 
       1 0.0
       2 0.0
       3 0.0
       4 0.0
       5 0.0
       6 0.0
       7 0.0
       8 0.0
       9 0.0
      10 0.0
      11 0.0
      12 0.0
      13 0.0
 
       1     0.020965400
       2     0.018317373
       3     0.025802012
       4     0.036381273
       5     0.041719750
       6     0.046751717
       7     0.038189555
       8     0.028667193
       9     0.021968811
      10     0.015158931
      11     0.018178050
      12     0.015036727
      13   0.0273
 
       1      0.86397273
       2      0.86357074
       3      0.86071279
       4      0.86126932
       5      0.86080412
       6      0.86089954
       7      0.86399667
       8      0.86334389
       9      0.86190287
      10      0.86179541
      11      0.86288860
      12      0.86313858
      13   0.8624
 
       1    0.0031455529
       2    0.0027783085
       3    0.0039541183
       4    0.0055512704
       5    0.0063788427
       6    0.0070714400
       7    0.0058995435
       8    0.0044449415
       9    0.0034355460
      10    0.0023766719
      11    0.0027825750
      12    0.0022903555
      13   0.0042
 
       1      0.30356172
       2      0.28708343
       3      0.34351026
       4      0.37579642
       5      0.39798860
       6      0.40991236
       7      0.37843740
       8      0.34663863
       9      0.34178607
      10      0.30975558
      11      0.32197463
      12      0.30812303
      13   0.3437
 
