       1       145.69762
       2       190.48331
       3       156.37738
       4       199.62031
       5       238.25480
       6       239.48055
       7       252.93670
       8       200.55383
       9       139.94605
      10       137.39371
      11       128.56667
      12       147.67076
      13  2176.98
 
       1       98.288371
       2       125.16705
       3       100.71964
       4       126.74429
       5       146.48858
       6       136.02790
       7       141.35825
       8       116.24509
       9       88.979376
      10       90.129628
      11       90.850862
      12       99.136280
      13  1360.14
 
       1       12.575863
       2       16.211349
       3       14.018739
       4       15.650005
       5       17.095493
       6       14.556764
       7       15.305856
       8       13.222437
       9       10.931790
      10       10.882974
      11       11.985012
      12       12.103785
      13   164.54
 
       1       15.777004
       2       19.741282
       3       24.295562
       4       26.010256
       5       35.031649
       6       45.426925
       7       54.490113
       8       36.003828
       9       19.625829
      10       15.839722
      11       14.862447
      12       18.020930
      13   325.13
 
       1       15.979161
       2       16.882242
       3       19.474904
       4       21.486242
       5       39.728377
       6       43.042839
       7       47.480749
       8       40.478570
       9       27.990611
      10       20.067110
      11       17.767687
      12       18.729254
      13   329.11
 
       1       11.629763
       2       19.586121
       3       19.348804
       4       31.121728
       5       37.816424
       6       33.449282
       7       34.069814
       8       26.474088
       9       19.907284
      10       15.753795
      11       14.587693
      12       11.839785
      13    22.97
 
       1 0.0
       2 0.0
       3 0.0
       4 0.0
       5 0.0
       6 0.0
       7 0.0
       8 0.0
       9 0.0
      10 0.0
      11 0.0
      12 0.0
      13 0.0
 
       1     0.011182716
       2     0.019434875
       3     0.018932295
       4     0.030251008
       5     0.037015753
       6     0.031970101
       7     0.032464556
       8     0.024770844
       9     0.018644462
      10     0.015047757
      11     0.014553356
      12     0.011470552
      13   0.0221
 
       1      0.84231233
       2      0.84146642
       3      0.84283345
       4      0.84294577
       5      0.84127986
       6      0.84242199
       7      0.84734597
       8      0.84989392
       9      0.84509702
      10      0.84480324
      11      0.84717690
      12      0.84608283
      13   0.8445
 
       1    0.0019728331
       2    0.0033490275
       3    0.0032949327
       4    0.0052794240
       5    0.0064230532
       6    0.0056021999
       7    0.0056844416
       8    0.0043941917
       9    0.0033215586
      10    0.0026574367
      11    0.0025121580
      12    0.0020114083
      13   0.0039
 
       1      0.25677021
       2      0.30045200
       3      0.33139174
       4      0.35405747
       5      0.38719711
       6      0.38250820
       7      0.35543954
       8      0.32446750
       9      0.31064800
      10      0.29746472
      11      0.28626843
      12      0.26628165
      13   0.3211
 
