       1       10.434713
       2       13.573671
       3       16.423471
       4       26.606337
       5       44.437495
       6       37.171501
       7       49.931146
       8       24.731011
       9       18.066425
      10       10.205371
      11       10.444499
      12       5.6672726
      13   267.69
 
       1       7.0301252
       2       8.7472135
       3       10.757905
       4       15.549319
       5       23.423888
       6       19.606291
       7       27.109940
       8       14.558967
       9       10.680927
      10       6.7177792
      11       6.8522118
      12       4.5256460
      13   155.56
 
       1      0.94962105
       2       1.2163559
       3       1.7800914
       4       2.7675728
       5       3.2084906
       6       2.5897273
       7       3.6151522
       8       2.1974598
       9       1.4877315
      10      0.96990720
      11      0.81840472
      12      0.63652297
      13    22.24
 
       1       1.1568272
       2      0.92042643
       3       2.3686536
       4       4.9779586
       5       6.7247409
       6       10.862247
       7       19.395552
       8       6.8991230
       9       2.7657430
      10      0.62532969
      11      0.73071331
      12      0.88424592
      13    58.31
 
       1      0.35054532
       2      0.33734883
       3       1.7558647
       4       3.2068238
       5       4.3498681
       6       5.1929041
       7       7.5325993
       8       4.2762511
       9       2.6679263
      10      0.37977426
      11      0.13327337
      12      0.23380455
      13    30.42
 
       1      0.76371944
       2       1.1619752
       3       2.5288090
       4       3.6444090
       5       4.3250481
       6       3.5102100
       7       4.1958516
       8       2.2455614
       9       1.5804678
      10       1.0113479
      11      0.79397859
      12      0.60922731
      13     2.20
 
       1 0.0
       2 0.0
       3 0.0
       4 0.0
       5 0.0
       6 0.0
       7 0.0
       8 0.0
       9 0.0
      10 0.0
      11 0.0
      12 0.0
      13 0.0
 
       1     0.020456861
       2     0.030236457
       3     0.068138601
       4     0.096170488
       5      0.11106419
       6     0.086177551
       7      0.10013670
       8     0.053446799
       9     0.038325764
      10     0.027232560
      11     0.021633015
      12     0.017433858
      13   0.0559
 
       1      0.85195408
       2      0.84675269
       3      0.84865592
       4      0.84772174
       5      0.84767885
       6      0.84768557
       7      0.84705603
       8      0.84553080
       9      0.84416204
      10      0.85055770
      11      0.85132631
      12      0.85317874
      13   0.8485
 
       1    0.0031641015
       2    0.0047438948
       3     0.010485857
       4     0.014879407
       5     0.017273945
       6     0.013649404
       7     0.016081193
       8    0.0086598225
       9    0.0061748235
      10    0.0042003449
      11    0.0033327067
      12    0.0026289652
      13   0.0088
 
       1      0.87006435
       2      0.87245059
       3      0.95848931
       4      0.98328306
       5      0.98073284
       6      0.98014273
       7      0.97468267
       8      0.97293071
       9      0.97047431
      10      0.95191353
      11      0.94232488
      12      0.92831586
      13   0.9488
 
