       1       450.07464
       2       436.49335
       3       489.25382
       4       495.42059
       5       483.41096
       6       512.33458
       7       542.78188
       8       525.80213
       9       466.36563
      10       433.36802
      11       494.71455
      12       514.99699
      13  5845.02
 
       1       277.18529
       2       266.89442
       3       298.12442
       4       307.10532
       5       296.63729
       6       309.48294
       7       327.45515
       8       321.16660
       9       290.60848
      10       267.34305
      11       302.98002
      12       312.32714
      13  3577.31
 
       1       34.460857
       2       34.125564
       3       37.071066
       4       36.937659
       5       36.488496
       6       38.663359
       7       40.661476
       8       39.693510
       9       35.536596
      10       32.725131
      11       37.237590
      12       38.846779
      13   442.45
 
       1       119.06753
       2       115.09771
       3       129.56005
       4       129.77463
       5       124.33192
       6       139.20292
       7       146.03138
       8       140.32026
       9       120.41775
      10       112.80371
      11       131.07376
      12       141.50347
      13  1549.19
 
       1       20.281947
       2       19.620078
       3       23.294854
       4       23.488166
       5       24.230662
       6       25.651001
       7       27.337327
       8       25.602812
       9       20.596328
      10       20.401364
      11       22.534497
      12       23.050474
      13   276.09
 
       1       5.5926348
       2       5.9745959
       3       5.7273340
       4       5.9572583
       5       5.7762147
       6       6.5012522
       7       6.4984283
       8       6.4519938
       9       6.0094949
      10       5.2902746
      11       6.0772109
      12       6.1862838
      13     6.00
 
       1 0.0
       2 0.0
       3 0.0
       4 0.0
       5 0.0
       6 0.0
       7 0.0
       8 0.0
       9 0.0
      10 0.0
      11 0.0
      12 0.0
      13 0.0
 
       1     0.023501541
       2     0.024889403
       3     0.023552654
       4     0.024818717
       5     0.023659050
       6     0.026026811
       7     0.026487468
       8     0.026613442
       9     0.025079118
      10     0.021793071
      11     0.025258759
      12     0.025437459
      13   0.0248
 
       1       1.0000000
       2       1.0000000
       3       1.0000000
       4       1.0000000
       5       1.0000000
       6       1.0000000
       7       1.0000000
       8       1.0000000
       9       1.0000000
      10       1.0000000
      11       1.0000000
      12       1.0000000
      13   1.0000
 
       1       0.0000000
       2       0.0000000
       3       0.0000000
       4       0.0000000
       5       0.0000000
       6       0.0000000
       7       0.0000000
       8       0.0000000
       9       0.0000000
      10       0.0000000
      11       0.0000000
      12       0.0000000
      13   0.0000
 
       1      0.71935429
       2      0.71640051
       3      0.68063311
       4      0.66137976
       5      0.61612415
       6      0.61706435
       7      0.68823268
       8      0.70704908
       9      0.69554279
      10      0.69927582
      11      0.72525705
      12      0.72921879
      13   0.6880
 
