       1       174.46210
       2       148.04842
       3       204.77217
       4       173.02594
       5       198.06522
       6       192.13182
       7       201.63196
       8       189.91272
       9       153.25212
      10       118.94801
      11       173.55424
      12       178.29397
      13  2106.10
 
       1       120.06005
       2       98.417244
       3       130.31730
       4       107.96860
       5       123.66146
       6       111.70372
       7       112.53793
       8       110.19646
       9       97.771030
      10       75.407287
      11       117.16667
      12       120.99659
      13  1326.20
 
       1       17.874775
       2       14.004749
       3       16.937932
       4       14.240040
       5       16.932289
       6       13.955418
       7       13.043767
       8       13.312256
       9       13.486070
      10       9.3637317
      11       15.333993
      12       16.782961
      13   175.27
 
       1       23.794223
       2       17.327252
       3       25.808101
       4       24.357379
       5       29.980888
       6       39.080370
       7       41.059234
       8       35.000953
       9       21.675887
      10       12.349469
      11       23.123195
      12       23.985011
      13   317.54
 
       1       18.525159
       2       14.890576
       3       21.974135
       4       21.298047
       5       31.384085
       6       31.523971
       7       33.832312
       8       37.266769
       9       29.349619
      10       14.367659
      11       22.696250
      12       18.235427
      13   295.34
 
       1       15.542805
       2       15.463488
       3       23.969228
       4       25.930813
       5       30.003488
       6       25.946016
       7       24.639485
       8       23.218171
       9       20.207674
      10       12.265267
      11       17.170682
      12       15.237292
      13    20.80
 
       1 0.0
       2 0.0
       3 0.0
       4 0.0
       5 0.0
       6 0.0
       7 0.0
       8 0.0
       9 0.0
      10 0.0
      11 0.0
      12 0.0
      13 0.0
 
       1     0.015392923
       2     0.014960609
       3     0.022961731
       4     0.024655828
       5     0.028693532
       6     0.023953317
       7     0.022280759
       8     0.021102146
       9     0.018617657
      10     0.011164379
      11     0.016614315
      12     0.014959753
      13   0.0196
 
       1      0.88477038
       2      0.88319250
       3      0.88200810
       4      0.88174737
       5      0.88143749
       6      0.88053760
       7      0.88182816
       8      0.88486201
       9      0.88215757
      10      0.88101127
      11      0.88539880
      12      0.88474061
      13   0.8828
 
       1    0.0020038279
       2    0.0019785152
       3    0.0030551618
       4    0.0032996216
       5    0.0038177631
       6    0.0032554429
       7    0.0030592219
       8    0.0028902895
       9    0.0025363731
      10    0.0015429549
      11    0.0021939774
      12    0.0019600045
      13   0.0026
 
       1      0.28661673
       2      0.27967596
       3      0.32072663
       4      0.35158714
       5      0.35953120
       6      0.37064614
       7      0.31986560
       8      0.30030653
       9      0.30406625
      10      0.28232044
      11      0.29038474
      12      0.26937789
      13   0.3113
 
