       1       169.20007
       2       129.21310
       3       142.00379
       4       125.17801
       5       142.67163
       6       120.88872
       7       116.26090
       8       124.54478
       9       100.59354
      10       98.520422
      11       140.76227
      12       73.778020
      13  1483.62
 
       1       112.83334
       2       87.891787
       3       92.293035
       4       78.184857
       5       89.682110
       6       72.364200
       7       66.416492
       8       72.693726
       9       64.496781
      10       63.572617
      11       97.243131
      12       53.501251
      13   951.17
 
       1       14.017723
       2       11.495823
       3       10.842613
       4       8.8326724
       5       9.6670266
       6       7.6668644
       7       6.6804937
       8       7.3272642
       9       7.7287738
      10       6.9031941
      11       11.548778
      12       7.0178071
      13   109.73
 
       1       14.023026
       2       12.551061
       3       12.496338
       4       10.463065
       5       13.338676
       6       13.241421
       7       14.719308
       8       16.284375
       9       12.564293
      10       6.8175439
      11       14.575539
      12       7.9752978
      13   149.05
 
       1       14.525448
       2       13.855487
       3       15.319913
       4       12.191127
       5       17.848169
       6       14.550048
       7       18.343405
       8       24.769238
       9       23.736575
      10       14.440591
      11       19.578016
      12       8.2136826
      13   197.37
 
       1       11.557060
       2       12.502557
       3       14.235353
       4       15.387702
       5       20.229084
       6       18.025804
       7       14.719678
       8       15.748097
       9       14.342682
      10       9.9507839
      11       12.677671
      12       6.2692079
      13    13.80
 
       1 0.0
       2 0.0
       3 0.0
       4 0.0
       5 0.0
       6 0.0
       7 0.0
       8 0.0
       9 0.0
      10 0.0
      11 0.0
      12 0.0
      13 0.0
 
       1      0.12300069
       2      0.13401142
       3      0.14850735
       4      0.15451380
       5      0.20582694
       6      0.17863839
       7      0.14388877
       8      0.15393892
       9      0.14339333
      10     0.097829051
      11      0.13290781
      12     0.064991748
      13   0.1401
 
       1      0.93362727
       2      0.93395497
       3      0.93354477
       4      0.93287253
       5      0.93282731
       6      0.93069001
       7      0.93221267
       8      0.93205068
       9      0.93308763
      10      0.93259378
      11      0.93384768
      12      0.93324052
      13   0.9329
 
       1    0.0085160072
       2    0.0092377622
       3     0.010439420
       4     0.011188830
       5     0.014749738
       6     0.013051425
       7     0.010589919
       8     0.011330483
       9     0.010401945
      10    0.0072158151
      11    0.0093177701
      12    0.0046263566
      13   0.0101
 
       1      0.68525461
       2      0.74517998
       3      0.76076524
       4      0.75915535
       5      0.79762486
       6      0.85125161
       7      0.78716764
       8      0.78690107
       9      0.80310714
      10      0.68818220
      11      0.71833095
      12      0.66344743
      13   0.7539
 
