       1       183.83720
       2       130.60044
       3       207.65184
       4       203.64905
       5       236.62017
       6       244.42850
       7       230.60959
       8       199.86615
       9       150.42376
      10       155.06730
      11       121.27897
      12       135.69267
      13  2199.73
 
       1       127.36704
       2       89.674611
       3       133.08476
       4       127.97117
       5       145.64583
       6       141.78648
       7       128.71252
       8       116.05770
       9       93.268572
      10       103.73652
      11       81.005931
      12       94.974797
      13  1383.29
 
       1       17.680851
       2       12.907256
       3       16.572812
       4       16.090140
       5       17.566150
       6       16.124413
       7       14.327023
       8       13.290831
       9       10.987013
      10       13.145333
      11       10.066862
      12       12.554517
      13   171.31
 
       1       23.174966
       2       16.448214
       3       23.469141
       4       28.902514
       5       34.971347
       6       47.138858
       7       47.034615
       8       32.771649
       9       19.403447
      10       17.247274
      11       14.184406
      12       18.747567
      13   323.49
 
       1       17.406702
       2       15.486741
       3       20.016563
       4       24.594102
       5       35.754626
       6       45.334382
       7       45.116783
       8       42.715336
       9       29.316882
      10       27.171233
      11       15.296922
      12       16.378954
      13   334.59
 
       1       15.304887
       2       14.552662
       3       25.950727
       4       32.060504
       5       37.961891
       6       37.654905
       7       29.111919
       8       26.489019
       9       19.571988
      10       18.932719
      11       12.435480
      12       13.105642
      13    23.59
 
       1 0.0
       2 0.0
       3 0.0
       4 0.0
       5 0.0
       6 0.0
       7 0.0
       8 0.0
       9 0.0
      10 0.0
      11 0.0
      12 0.0
      13 0.0
 
       1     0.019404792
       2     0.018257178
       3     0.032354267
       4     0.039720310
       5     0.047368492
       6     0.045988394
       7     0.034499237
       8     0.031212417
       9     0.023054894
      10     0.023128195
      11     0.015193381
      12     0.016603360
      13   0.0289
 
       1      0.89841789
       2      0.89721486
       3      0.89661710
       4      0.89655275
       5      0.89558358
       6      0.89673549
       7      0.89915929
       8      0.89933472
       9      0.89738774
      10      0.89772596
      11      0.89902330
      12      0.89895031
      13   0.8977
 
       1    0.0022012609
       2    0.0020887772
       3    0.0037118252
       4    0.0045731089
       5    0.0054212374
       6    0.0053134487
       7    0.0040524905
       8    0.0036854167
       9    0.0027314966
      10    0.0026842967
      11    0.0017700488
      12    0.0018899670
      13   0.0033
 
       1      0.29854690
       2      0.30435213
       3      0.34159771
       4      0.37632997
       5      0.40566444
       6      0.41323345
       7      0.36622660
       8      0.34024390
       9      0.32059100
      10      0.31742770
      11      0.30678204
      12      0.30603654
      13   0.3414
 
