       1       75.465117
       2       132.81468
       3       141.94404
       4       155.72974
       5       141.43762
       6       111.35343
       7       120.39986
       8       124.85665
       9       107.98673
      10       106.75340
      11       102.62270
      12       110.43062
      13  1431.79
 
       1       53.153270
       2       87.142852
       3       89.674416
       4       97.338115
       5       88.307545
       6       67.754531
       7       68.987759
       8       72.291369
       9       68.744903
      10       71.307698
      11       69.026016
      12       77.990822
      13   911.72
 
       1       6.3581311
       2       10.657354
       3       10.493868
       4       10.329864
       5       9.1085823
       6       7.1670041
       7       6.6371927
       8       7.1812067
       9       7.9832504
      10       8.5064642
      11       7.7791122
      12       9.7127197
      13   101.91
 
       1       7.1477640
       2       11.630052
       3       12.764554
       4       11.872607
       5       11.924426
       6       12.683123
       7       16.290813
       8       14.817637
       9       11.756982
      10       10.372655
      11       9.1810579
      12       11.702288
      13   142.14
 
       1       7.0678844
       2       12.075098
       3       12.251101
       4       13.575632
       5       16.830376
       6       15.653264
       7       19.093326
       8       24.061786
       9       22.632467
      10       18.727305
      11       11.621404
      12       11.490563
      13   185.08
 
       1       6.3838259
       2       11.751524
       3       13.188728
       4       17.416187
       5       20.206861
       6       17.196430
       7       15.759507
       8       15.769638
       9       14.343158
      10       12.562234
      11       8.9060075
      12       8.8586443
      13    13.53
 
       1 0.0
       2 0.0
       3 0.0
       4 0.0
       5 0.0
       6 0.0
       7 0.0
       8 0.0
       9 0.0
      10 0.0
      11 0.0
      12 0.0
      13 0.0
 
       1     0.082175493
       2      0.15221469
       3      0.16810184
       4      0.22131282
       5      0.25728018
       6      0.21559225
       7      0.19162007
       8      0.19127154
       9      0.17611621
      10      0.15828478
      11      0.11287404
      12      0.11625694
      13   0.1703
 
       1      0.92709581
       2      0.92556678
       3      0.92597399
       4      0.92552540
       5      0.92572832
       6      0.92532445
       7      0.92485521
       8      0.92535645
       9      0.92496543
      10      0.92596477
      11      0.92638938
      12      0.92608246
      13   0.9257
 
       1    0.0064143118
       2     0.011741625
       3     0.013082686
       4     0.017226603
       5     0.020047748
       6     0.016973761
       7     0.015306410
       8     0.015305709
       9     0.014013973
      10     0.012447538
      11    0.0088607563
      12    0.0089321071
      13   0.0134
 
       1      0.64418925
       2      0.75950161
       3      0.73686012
       4      0.83095392
       5      0.78556109
       6      0.84596830
       7      0.81009944
       8      0.80389765
       9      0.83766161
      10      0.77924301
      11      0.70944161
      12      0.70194045
      13   0.7704
 
