       1       136.54081
       2       163.21069
       3       143.89442
       4       106.59553
       5       169.08809
       6       122.02407
       7       126.90129
       8       124.88312
       9       120.06479
      10       133.68086
      11       81.746343
      12       153.66350
      13  1582.29
 
       1       91.123214
       2       112.16922
       3       90.373199
       4       68.440936
       5       101.64162
       6       74.107351
       7       71.150321
       8       71.932083
       9       75.186641
      10       88.809264
      11       56.671903
      12       105.77400
      13  1007.38
 
       1       10.921302
       2       15.265435
       3       9.8272482
       4       7.2557608
       5       9.2312235
       6       6.7607721
       7       6.4373799
       8       7.1383619
       9       7.7203149
      10       10.227123
      11       6.6844188
      12       13.411971
      13   110.88
 
       1       11.255515
       2       16.995352
       3       12.204083
       4       8.4043691
       5       14.414981
       6       13.482702
       7       15.594157
       8       15.040901
       9       11.357882
      10       13.436381
      11       9.2856694
      12       15.820222
      13   157.29
 
       1       11.170469
       2       14.510261
       3       14.269565
       4       11.803202
       5       18.805394
       6       15.876669
       7       19.687619
       8       24.232470
       9       24.052646
      10       25.848903
      11       11.671227
      12       14.768656
      13   206.70
 
       1       9.4879715
       2       15.971087
       3       13.789138
       4       14.215900
       5       23.908580
       6       21.097137
       7       15.682503
       8       16.362061
       9       16.101880
      10       15.509699
      11       8.1598602
      12       11.175000
      13    15.12
 
       1 0.0
       2 0.0
       3 0.0
       4 0.0
       5 0.0
       6 0.0
       7 0.0
       8 0.0
       9 0.0
      10 0.0
      11 0.0
      12 0.0
      13 0.0
 
       1      0.12837357
       2      0.22325118
       3      0.18393103
       4      0.18688088
       5      0.31717617
       6      0.27997487
       7      0.19882234
       8      0.20975781
       9      0.20987627
      10      0.20777372
      11      0.10837726
      12      0.15383739
      13   0.2007
 
       1      0.88810949
       2      0.89018465
       3      0.88855566
       4      0.88797863
       5      0.88833103
       6      0.88804782
       7      0.88790314
       8      0.88812346
       9      0.88900881
      10      0.89050766
      11      0.89129225
      12      0.88967946
      13   0.8890
 
       1     0.014882657
       2     0.025276716
       3     0.021455471
       4     0.022057980
       5     0.037076479
       6     0.032733513
       7     0.023832713
       8     0.024985052
       9     0.024821312
      10     0.024181340
      11     0.012774618
      12     0.017621749
      13   0.0235
 
       1      0.69995867
       2      0.77387092
       3      0.75970335
       4      0.80338996
       5      0.85773426
       6      0.89393647
       7      0.82955973
       8      0.85114916
       9      0.83537478
      10      0.78933469
      11      0.67703899
      12      0.73306902
      13   0.7920
 
