       1       9.4422526
       2       13.375634
       3       20.282157
       4       23.272989
       5       35.786637
       6       34.678011
       7       49.849278
       8       35.110663
       9       21.797900
      10       9.6537491
      11       7.1284216
      12       8.4772325
      13   268.85
 
       1       6.5258925
       2       8.7206655
       3       12.699319
       4       13.954776
       5       18.625473
       6       17.790346
       7       25.609149
       8       18.806692
       9       12.155482
      10       6.4092344
      11       5.4007918
      12       6.3407373
      13   153.04
 
       1      0.83186586
       2       1.2123880
       3       2.0360124
       4       2.4311683
       5       2.8619427
       6       2.1579948
       7       3.1921024
       8       2.4046822
       9       1.4822586
      10      0.87801859
      11      0.69193750
      12      0.80843721
      13    20.99
 
       1      0.82845838
       2       1.2845576
       3       2.2954167
       4       4.0604614
       5       4.6551684
       6       8.6886628
       7       17.926447
       8       11.337238
       9       3.7323044
      10      0.60212383
      11      0.52196162
      12       1.1355740
      13    57.07
 
       1      0.10609396
       2      0.44722568
       3       1.3956101
       4       3.3397326
       5       3.4953258
       6       3.8161982
       7       6.0678565
       8       4.7276162
       9       2.2845857
      10      0.31861855
      11     0.091337709
      12      0.13004970
      13    26.22
 
       1      0.65023802
       2       1.2606934
       3       2.7993101
       4       3.1883791
       5       3.4756765
       6       2.9273478
       7       3.9775767
       8       2.9448305
       9       1.7914549
      10      0.85734445
      11      0.72142543
      12      0.68713225
      13     2.11
 
       1 0.0
       2 0.0
       3 0.0
       4 0.0
       5 0.0
       6 0.0
       7 0.0
       8 0.0
       9 0.0
      10 0.0
      11 0.0
      12 0.0
      13 0.0
 
       1     0.013777408
       2     0.026184876
       3     0.059677194
       4     0.065391653
       5     0.069205820
       6     0.055207160
       7     0.074386244
       8     0.055026462
       9     0.034004110
      10     0.018019300
      11     0.015857980
      12     0.015273287
      13   0.0418
 
       1      0.93222306
       2      0.93183273
       3      0.93169393
       4      0.93083986
       5      0.93016255
       6      0.92815089
       7      0.92688617
       8      0.92766655
       9      0.92769465
      10      0.93290871
      11      0.93395053
      12      0.93482033
      13   0.9307
 
       1   0.00097675803
       2    0.0018725905
       3    0.0041854663
       4    0.0047014634
       5    0.0050607315
       6    0.0041799916
       7    0.0056546957
       8    0.0042076180
       9    0.0025803379
      10    0.0012784469
      11    0.0010939973
      12    0.0010429576
      13   0.0031
 
       1      0.88003556
       2      0.86654045
       3      0.94458757
       4      0.96597215
       5      0.97607243
       6      0.97874008
       7      0.97523570
       8      0.97028170
       9      0.96624984
      10      0.93991589
      11      0.94709546
      12      0.91550445
      13   0.9439
 
