       1       495.74519
       2       429.95260
       3       479.67566
       4       474.99663
       5       500.68353
       6       493.84518
       7       573.00166
       8       544.95970
       9       511.49093
      10       466.10782
      11       478.37300
      12       505.26592
      13  5954.10
 
       1       298.03695
       2       262.82629
       3       294.12604
       4       295.90929
       5       308.32343
       6       302.90120
       7       347.30468
       8       333.71183
       9       317.71813
      10       291.09370
      11       291.54415
      12       304.78694
      13  3648.28
 
       1       38.396964
       2       32.693613
       3       37.184933
       4       35.947273
       5       37.471709
       6       36.670144
       7       43.228407
       8       41.287637
       9       38.907688
      10       34.923128
      11       36.211888
      12       38.175394
      13   451.10
 
       1       138.07266
       2       115.72277
       3       126.37062
       4       122.68208
       5       128.92315
       6       127.99843
       7       152.23586
       8       144.69347
       9       133.20920
      10       118.79727
      11       129.65174
      12       138.24070
      13  1576.60
 
       1       21.855617
       2       18.610141
       3       21.851123
       4       21.490584
       5       24.936943
       6       24.462733
       7       29.372569
       8       26.536140
       9       23.255252
      10       21.200264
      11       21.216662
      12       22.942182
      13   277.73
 
       1       6.1548267
       2       5.7995982
       3       5.8713971
       4       5.7699005
       5       5.8234302
       6       6.0767955
       7       6.9534480
       8       6.6369386
       9       6.3112221
      10       5.5746065
      11       6.0355417
      12       6.0540906
      13     6.09
 
       1 0.0
       2 0.0
       3 0.0
       4 0.0
       5 0.0
       6 0.0
       7 0.0
       8 0.0
       9 0.0
      10 0.0
      11 0.0
      12 0.0
      13 0.0
 
       1     0.025211747
       2     0.024321632
       3     0.024497850
       4     0.024185679
       5     0.024165620
       6     0.025025182
       7     0.028335185
       8     0.027411253
       9     0.026693445
      10     0.023500887
      11     0.024665977
      12     0.024787618
      13   0.0252
 
       1       1.0000000
       2       1.0000000
       3       1.0000000
       4       1.0000000
       5       1.0000000
       6       1.0000000
       7       1.0000000
       8       1.0000000
       9       1.0000000
      10       1.0000000
      11       1.0000000
      12       1.0000000
      13   1.0000
 
       1       0.0000000
       2       0.0000000
       3       0.0000000
       4       0.0000000
       5       0.0000000
       6       0.0000000
       7       0.0000000
       8       0.0000000
       9       0.0000000
      10       0.0000000
      11       0.0000000
      12       0.0000000
      13   0.0000
 
       1      0.72801827
       2      0.66411803
       3      0.66055734
       4      0.62980710
       5      0.61258295
       6      0.58917431
       7      0.63665651
       8      0.67124963
       9      0.66775704
      10      0.67815378
      11      0.70662282
      12      0.71321801
      13   0.6632
 
