       1       89.950623
       2       99.531845
       3       178.18285
       4       133.86424
       5       167.55838
       6       122.88687
       7       146.50647
       8       115.16904
       9       105.71953
      10       64.403578
      11       66.168075
      12       122.40323
      13  1412.34
 
       1       63.327151
       2       65.226022
       3       113.29141
       4       84.803994
       5       104.71825
       6       73.793552
       7       82.468561
       8       68.415432
       9       66.787316
      10       43.497276
      11       45.595964
      12       83.621428
      13   895.55
 
       1       8.4233890
       2       6.8514342
       3       12.139812
       4       8.5272458
       5       9.3755338
       6       6.8240288
       7       6.9609546
       8       6.5958063
       9       6.7047956
      10       5.2844321
      11       5.2256792
      12       10.095061
      13    93.01
 
       1       10.212405
       2       6.5548942
       3       15.462434
       4       9.7774183
       5       12.295003
       6       12.541620
       7       17.836268
       8       13.208694
       9       10.671084
      10       4.9923819
      11       5.7255285
      12       12.339671
      13   131.62
 
       1       7.4220577
       2       7.4172449
       3       15.111689
       4       12.126545
       5       18.741809
       6       14.088946
       7       21.492854
       8       21.500381
       9       22.739636
      10       11.670346
      11       7.8185797
      12       10.563428
      13   170.69
 
       1       6.5104029
       2       8.6385236
       3       16.713608
       4       16.669105
       5       24.747688
       6       19.792246
       7       19.487518
       8       15.859386
       9       14.739271
      10       7.8688433
      11       5.9813349
      12       8.5954917
      13    13.80
 
       1 0.0
       2 0.0
       3 0.0
       4 0.0
       5 0.0
       6 0.0
       7 0.0
       8 0.0
       9 0.0
      10 0.0
      11 0.0
      12 0.0
      13 0.0
 
       1     0.086357867
       2      0.11347443
       3      0.22396690
       4      0.21958183
       5      0.33214119
       6      0.26114481
       7      0.24622388
       8      0.20041772
       9      0.18865537
      10     0.098730727
      11     0.075010282
      12      0.11340187
      13   0.1799
 
       1      0.85164367
       2      0.85288482
       3      0.85301169
       4      0.85391928
       5      0.85276616
       6      0.85159052
       7      0.85116561
       8      0.85303682
       9      0.85181532
      10      0.85330159
      11      0.85338276
      12      0.85259647
      13   0.8526
 
       1     0.013319222
       2     0.017553866
       3     0.033973851
       4     0.033715401
       5     0.050444932
       6     0.040125451
       7     0.038487854
       8     0.031473232
       9     0.029457904
      10     0.015722266
      11     0.011958970
      12     0.017484928
      13   0.0278
 
       1      0.67004862
       2      0.63533188
       3      0.80841830
       4      0.82668045
       5      0.87495953
       6      0.88790863
       7      0.87531914
       8      0.82040932
       9      0.81163888
      10      0.68716033
      11      0.62807745
      12      0.69717926
      13   0.7686
 
