       1       487.03889
       2       423.22296
       3       483.26678
       4       473.08068
       5       524.52888
       6       501.53915
       7       530.30959
       8       557.59035
       9       471.87335
      10       485.17127
      11       470.03063
      12       495.76748
      13  5903.42
 
       1       295.56249
       2       256.13676
       3       297.59090
       4       293.40006
       5       323.00361
       6       306.44655
       7       319.40449
       8       338.61560
       9       289.30024
      10       299.69966
      11       288.52532
      12       301.26520
      13  3608.95
 
       1       37.919132
       2       32.609857
       3       37.181123
       4       35.803891
       5       39.119845
       6       37.530026
       7       39.757149
       8       42.744704
       9       36.222884
      10       37.134528
      11       34.884715
      12       37.357302
      13   448.27
 
       1       133.11772
       2       114.76467
       3       126.16044
       4       122.63110
       5       135.94380
       6       133.12466
       7       142.02621
       8       147.24775
       9       123.68850
      10       126.67836
      11       124.78370
      12       135.53047
      13  1565.70
 
       1       21.162250
       2       19.071632
       3       22.414646
       4       21.931203
       5       25.611917
       6       25.406783
       7       28.333649
       8       28.212054
       9       23.788899
      10       21.834919
      11       21.432591
      12       21.644908
      13   280.85
 
       1       6.0079302
       2       5.7671916
       3       5.8375554
       4       5.8366846
       5       6.2203574
       6       6.2297972
       7       6.3784005
       8       6.8689037
       9       5.9572865
      10       5.9043191
      11       5.6742622
      12       5.9822651
      13     6.06
 
       1 0.0
       2 0.0
       3 0.0
       4 0.0
       5 0.0
       6 0.0
       7 0.0
       8 0.0
       9 0.0
      10 0.0
      11 0.0
      12 0.0
      13 0.0
 
       1     0.024815629
       2     0.023805966
       3     0.024576126
       4     0.024244816
       5     0.025640856
       6     0.025514197
       7     0.025734559
       8     0.028114919
       9     0.024688366
      10     0.024475117
      11     0.023683547
      12     0.024657123
      13   0.0250
 
       1       1.0000000
       2       1.0000000
       3       1.0000000
       4       1.0000000
       5       1.0000000
       6       1.0000000
       7       1.0000000
       8       1.0000000
       9       1.0000000
      10       1.0000000
      11       1.0000000
      12       1.0000000
      13   1.0000
 
       1       0.0000000
       2       0.0000000
       3       0.0000000
       4       0.0000000
       5       0.0000000
       6       0.0000000
       7       0.0000000
       8       0.0000000
       9       0.0000000
      10       0.0000000
      11       0.0000000
      12       0.0000000
      13   0.0000
 
       1      0.67976205
       2      0.71086620
       3      0.66066298
       4      0.63503383
       5      0.58539912
       6      0.58770961
       7      0.63238612
       8      0.65515995
       9      0.66366399
      10      0.68573304
      11      0.67913275
      12      0.70751066
      13   0.6569
 
