       1       173.09152
       2       192.08501
       3       127.09212
       4       173.96011
       5       155.94207
       6       123.84564
       7       138.91513
       8       130.65492
       9       142.22297
      10       92.476918
      11       100.53548
      12       152.90807
      13  1703.73
 
       1       115.98094
       2       129.62092
       3       83.140032
       4       105.80025
       5       96.585892
       6       76.363394
       7       76.608199
       8       75.107708
       9       88.893656
      10       61.661700
      11       67.491712
      12       105.19231
      13  1082.45
 
       1       15.018493
       2       16.507666
       3       10.821656
       4       9.3083330
       5       9.3526746
       6       7.5352421
       7       6.7415996
       8       7.0051438
       9       8.9302209
      10       7.4505703
      11       7.5743455
      12       13.260550
      13   119.51
 
       1       17.344274
       2       16.889407
       3       14.315898
       4       9.9521694
       5       14.878416
       6       12.760122
       7       17.380615
       8       15.525250
       9       11.800993
      10       8.9432618
      11       8.8604141
      12       15.776444
      13   164.43
 
       1       14.610574
       2       16.029602
       3       14.444791
       4       11.094965
       5       19.970917
       6       16.572026
       7       20.934108
       8       25.941356
       9       29.934919
      10       20.233744
      11       13.405539
      12       17.080581
      13   220.25
 
       1       11.719213
       2       17.800469
       3       13.112957
       4       19.332478
       5       23.611410
       6       21.083647
       7       17.532803
       8       17.579025
       9       19.085312
      10       11.447332
      11       8.1791638
      12       10.398979
      13    15.91
 
       1 0.0
       2 0.0
       3 0.0
       4 0.0
       5 0.0
       6 0.0
       7 0.0
       8 0.0
       9 0.0
      10 0.0
      11 0.0
      12 0.0
      13 0.0
 
       1      0.16147262
       2      0.24625498
       3      0.17720949
       4      0.25515993
       5      0.31576478
       6      0.27848698
       7      0.22322238
       8      0.22444679
       9      0.24889353
      10      0.15021829
      11      0.10706340
      12      0.14083180
      13   0.2108
 
       1      0.88197250
       2      0.88363994
       3      0.88107403
       4      0.88242909
       5      0.88270825
       6      0.88055626
       7      0.88138149
       8      0.88164667
       9      0.88241348
      10      0.88307482
      11      0.88276502
      12      0.88215757
      13   0.8822
 
       1     0.019462955
       2     0.029615713
       3     0.021619543
       4     0.031460047
       5     0.038691384
       6     0.034424529
       7     0.028013906
       8     0.028168270
       9     0.030878413
      10     0.018669454
      11     0.013359311
      12     0.017195875
      13   0.0260
 
       1      0.72555859
       2      0.80776916
       3      0.78717767
       4      0.76044937
       5      0.85761753
       6      0.89573137
       7      0.85551256
       8      0.85375057
       9      0.83505367
      10      0.76552351
      11      0.66140551
      12      0.68522158
      13   0.7909
 
