       1       247.58964
       2       185.42987
       3       161.07038
       4       188.44024
       5       230.63500
       6       204.36535
       7       253.20016
       8       192.19976
       9       183.79308
      10       108.27974
      11       114.91322
      12       143.57735
      13  2213.49
 
       1       162.87450
       2       128.93485
       3       104.33287
       4       118.07006
       5       140.28219
       6       118.84843
       7       138.50708
       8       112.05197
       9       115.21905
      10       71.620172
      11       77.365664
      12       99.179270
      13  1387.29
 
       1       21.881316
       2       19.518686
       3       14.204515
       4       14.943364
       5       15.776842
       6       14.486227
       7       14.896903
       8       13.373183
       9       13.465345
      10       10.031936
      11       10.032173
      12       13.022467
      13   175.63
 
       1       30.008148
       2       25.570314
       3       18.968293
       4       22.956135
       5       30.485525
       6       44.528314
       7       51.131823
       8       35.958339
       9       22.247295
      10       13.131686
      11       14.658691
      12       19.076067
      13   328.72
 
       1       22.231802
       2       19.150742
       3       18.888227
       4       23.911666
       5       34.159599
       6       40.105641
       7       45.252983
       8       42.101440
       9       34.577261
      10       18.558353
      11       15.389363
      12       15.690714
      13   330.02
 
       1       18.007562
       2       19.001896
       3       17.720814
       4       25.426488
       5       35.456798
       6       31.380270
       7       31.406467
       8       24.603521
       9       23.985528
      10       13.079925
      11       12.119588
      12       11.888689
      13    22.01
 
       1 0.0
       2 0.0
       3 0.0
       4 0.0
       5 0.0
       6 0.0
       7 0.0
       8 0.0
       9 0.0
      10 0.0
      11 0.0
      12 0.0
      13 0.0
 
       1     0.022647144
       2     0.023902155
       3     0.021477457
       4     0.030775057
       5     0.043117721
       6     0.037981469
       7     0.036861287
       8     0.029028606
       9     0.028791483
      10     0.015742232
      11     0.014640542
      12     0.014638123
      13   0.0266
 
       1      0.89744969
       2      0.89757121
       3      0.89514293
       4      0.89472770
       5      0.89395856
       6      0.89513037
       7      0.89764642
       8      0.89929969
       9      0.89743841
      10      0.89683965
      11      0.89897042
      12      0.89669786
      13   0.8967
 
       1    0.0025742356
       2    0.0027189049
       3    0.0025097917
       4    0.0035910932
       5    0.0050096268
       6    0.0044182855
       7    0.0043510241
       8    0.0034254682
       9    0.0033677525
      10    0.0018516329
      11    0.0017184224
      12    0.0016926001
      13   0.0031
 
       1      0.30689127
       2      0.30509229
       3      0.31076020
       4      0.35928152
       5      0.39153908
       6      0.40565846
       7      0.36076822
       8      0.33638820
       9      0.32626180
      10      0.31135956
      11      0.28219183
      12      0.29241990
      13   0.3324
 
