       1       212.47245
       2       139.54734
       3       227.51564
       4       168.81338
       5       183.91054
       6       211.02383
       7       239.88354
       8       190.06236
       9       163.48306
      10       146.62123
      11       131.19250
      12       188.81123
      13  2203.34
 
       1       144.41604
       2       92.093091
       3       147.65965
       4       105.86042
       5       116.04845
       6       122.89413
       7       133.51422
       8       111.03523
       9       103.19893
      10       94.476446
      11       88.466464
      12       127.55701
      13  1387.22
 
       1       20.452520
       2       12.208536
       3       19.654454
       4       14.132067
       5       14.801962
       6       14.228976
       7       14.589943
       8       13.300657
       9       12.945501
      10       11.432462
      11       11.207473
      12       17.463287
      13   176.42
 
       1       27.261228
       2       17.707727
       3       26.864907
       4       23.009365
       5       26.578673
       6       40.451912
       7       49.919619
       8       36.872092
       9       20.347838
      10       15.628211
      11       15.857025
      12       23.815462
      13   324.31
 
       1       21.873533
       2       14.528398
       3       23.792794
       4       22.868226
       5       27.273289
       6       32.821806
       7       40.864455
       8       41.049868
       9       31.231804
      10       23.060110
      11       18.478679
      12       18.920633
      13   316.76
 
       1       16.478979
       2       14.771550
       3       26.096694
       4       23.733142
       5       29.480816
       6       29.454244
       7       28.956733
       8       24.092943
       9       21.269238
      10       16.292526
      11       13.435670
      12       14.917489
      13    21.58
 
       1 0.0
       2 0.0
       3 0.0
       4 0.0
       5 0.0
       6 0.0
       7 0.0
       8 0.0
       9 0.0
      10 0.0
      11 0.0
      12 0.0
      13 0.0
 
       1     0.019900077
       2     0.017499249
       3     0.031217612
       4     0.027773175
       5     0.034282734
       6     0.033498539
       7     0.032560403
       8     0.027086727
       9     0.024055643
      10     0.018670488
      11     0.015820563
      12     0.017849636
      13   0.0250
 
       1      0.93122737
       2      0.93078109
       3      0.93028163
       4      0.93130981
       5      0.92961652
       6      0.92934120
       7      0.93101545
       8      0.93242074
       9      0.93068510
      10      0.93093500
      11      0.93286637
      12      0.93146236
      13   0.9310
 
       1    0.0015075786
       2    0.0013478477
       3    0.0023824302
       4    0.0021508918
       5    0.0026624852
       6    0.0026272408
       7    0.0025617004
       8    0.0021355068
       9    0.0018962250
      10    0.0014648192
      11    0.0012226991
      12    0.0013611322
      13   0.0019
 
       1      0.28057882
       2      0.29024877
       3      0.34269309
       4      0.34070709
       5      0.37631769
       6      0.38408157
       7      0.35243183
       8      0.32974905
       9      0.32587760
      10      0.31184860
      11      0.29811810
      12      0.29170505
      13   0.3270
 
