       1       119.01783
       2       110.61897
       3       160.20919
       4       141.91660
       5       134.15712
       6       107.04395
       7       122.33237
       8       135.15679
       9       76.228293
      10       77.046610
      11       107.48429
      12       69.168979
      13  1360.38
 
       1       81.095912
       2       75.349663
       3       103.04854
       4       89.111961
       5       83.449490
       6       65.162546
       7       69.368266
       8       78.437434
       9       50.833330
      10       51.198860
      11       75.263349
      12       48.739290
      13   871.06
 
       1       10.396635
       2       9.7779601
       3       12.033443
       4       10.471636
       5       8.7648812
       6       6.6195543
       7       6.6979104
       8       7.5100627
       9       6.4603642
      10       6.1446929
      11       9.5244151
      12       5.9855105
      13   100.39
 
       1       9.7677841
       2       9.6671229
       3       12.810092
       4       13.248366
       5       11.323399
       6       11.335909
       7       16.173865
       8       15.663383
       9       8.9681563
      10       6.0344134
      11       9.5401229
      12       5.7281496
      13   130.26
 
       1       9.4135412
       2       9.2382417
       3       13.103901
       4       15.080294
       5       17.250903
       6       14.750975
       7       18.367665
       8       23.989076
       9       15.031081
      10       12.494320
      11       16.007527
      12       6.5058693
      13   171.23
 
       1       9.1488356
       2       11.180232
       3       15.662248
       4       17.314178
       5       19.043139
       6       16.516070
       7       14.986601
       8       16.781145
       9       10.994158
      10       8.8218805
      11       10.823412
      12       5.5198873
      13    13.07
 
       1 0.0
       2 0.0
       3 0.0
       4 0.0
       5 0.0
       6 0.0
       7 0.0
       8 0.0
       9 0.0
      10 0.0
      11 0.0
      12 0.0
      13 0.0
 
       1     0.096171308
       2      0.11656607
       3      0.16330757
       4      0.17698776
       5      0.19102538
       6      0.16297420
       7      0.14565204
       8      0.16437981
       9      0.10859496
      10     0.085915485
      11      0.11320675
      12     0.056297440
      13   0.1318
 
       1      0.93401953
       2      0.93290471
       3      0.93329920
       4      0.93260098
       5      0.93161724
       6      0.93007266
       7      0.93197855
       8      0.93243989
       9      0.93176677
      10      0.93245435
      11      0.93494293
      12      0.93500313
      13   0.9328
 
       1    0.0067454415
       2    0.0082137386
       3     0.011478653
       4     0.012624703
       5     0.013844473
       6     0.011958766
       7     0.010769644
       8     0.012070324
       9    0.0079727065
      10    0.0063945367
      11    0.0079700646
      12    0.0040615304
      13   0.0095
 
       1      0.72171472
       2      0.72666447
       3      0.74212710
       4      0.79227606
       5      0.79784647
       6      0.83227268
       7      0.77432423
       8      0.79432688
       9      0.80110545
      10      0.68789423
      11      0.68619759
      12      0.60137134
      13   0.7465
 
