       1       106.90763
       2       160.13203
       3       216.25085
       4       260.20182
       5       223.63914
       6       251.07710
       7       217.12462
       8       196.25567
       9       154.09608
      10       103.89981
      11       161.78444
      12       178.17861
      13  2229.55
 
       1       73.394242
       2       106.60735
       3       139.70223
       4       165.81200
       5       136.22978
       6       145.70535
       7       123.30662
       8       113.05306
       9       96.227128
      10       69.476525
      11       107.68198
      12       118.32283
      13  1395.52
 
       1       9.8934789
       2       15.103696
       3       18.606386
       4       20.856768
       5       16.703074
       6       16.517007
       7       14.539762
       8       12.547799
       9       11.413385
      10       9.5080762
      11       13.077275
      12       15.405682
      13   174.17
 
       1       13.760933
       2       18.878389
       3       26.309314
       4       33.571011
       5       32.218343
       6       45.168916
       7       45.320503
       8       31.985856
       9       21.600034
      10       12.895892
      11       19.303433
      12       20.573600
      13   321.59
 
       1       11.032527
       2       13.578189
       3       20.535609
       4       29.635350
       5       35.479558
       6       45.264429
       7       47.990177
       8       39.968029
       9       33.151053
      10       16.363994
      11       19.738196
      12       16.394696
      13   329.13
 
       1       9.1948844
       2       16.429820
       3       25.540611
       4       41.020641
       5       37.265538
       6       37.885730
       7       29.478102
       8       24.954225
       9       20.962432
      10       13.200060
      11       14.760720
      12       12.936609
      13    23.64
 
       1 0.0
       2 0.0
       3 0.0
       4 0.0
       5 0.0
       6 0.0
       7 0.0
       8 0.0
       9 0.0
      10 0.0
      11 0.0
      12 0.0
      13 0.0
 
       1    0.0087741765
       2     0.015889372
       3     0.025009112
       4     0.040632569
       5     0.036470025
       6     0.036038667
       7     0.027543933
       8     0.022882757
       9     0.019617129
      10     0.012352144
      11     0.014094194
      12     0.012480907
      13   0.0226
 
       1      0.88392702
       2      0.88167167
       3      0.88254617
       4      0.88336173
       5      0.88122726
       6      0.88222708
       7      0.88508612
       8      0.88482701
       9      0.88341965
      10      0.88315929
      11      0.88357694
      12      0.88507584
      13   0.8833
 
       1    0.0011775474
       2    0.0021027053
       3    0.0032812174
       4    0.0052762973
       5    0.0047820697
       6    0.0047920537
       7    0.0037015886
       8    0.0031153882
       9    0.0026433319
      10    0.0016775280
      11    0.0018801481
      12    0.0016519336
      13   0.0030
 
       1      0.25731703
       2      0.27902209
       3      0.32164651
       4      0.36449895
       5      0.39343030
       6      0.39537669
       7      0.35381616
       8      0.31463503
       9      0.30445588
      10      0.28314374
      11      0.28098871
      12      0.24852359
      13   0.3164
 
