       1       480.58310
       2       459.68904
       3       473.99571
       4       492.95350
       5       496.36877
       6       478.92064
       7       545.74808
       8       526.60571
       9       500.12356
      10       462.94476
      11       457.87251
      12       504.04702
      13  5879.85
 
       1       291.56694
       2       279.28512
       3       287.35093
       4       302.26784
       5       303.20876
       6       288.96825
       7       327.75234
       8       318.90266
       9       306.44823
      10       288.36474
      11       279.05795
      12       301.92552
      13  3575.10
 
       1       36.992332
       2       35.434854
       3       36.303378
       4       37.268257
       5       37.639677
       6       36.025802
       7       40.898565
       8       40.355877
       9       37.812043
      10       35.465505
      11       34.599777
      12       38.190690
      13   446.99
 
       1       129.68343
       2       122.94694
       3       128.16830
       4       128.67104
       5       130.89914
       6       128.32387
       7       148.14056
       8       140.89998
       9       133.26760
      10       118.36467
      11       122.83971
      12       138.33994
      13  1570.55
 
       1       22.431669
       2       21.412894
       3       22.155444
       4       23.913114
       5       25.185222
       6       26.219811
       7       28.814773
       8       25.825489
       9       23.393921
      10       20.424570
      11       21.697578
      12       24.601128
      13   286.08
 
       1       5.7579324
       2       6.1994584
       3       5.7736510
       4       5.9636390
       5       5.9429622
       6       5.9059620
       7       6.5859813
       8       6.5047440
       9       6.3871522
      10       5.5839786
      11       5.5721046
      12       6.0293991
      13     6.02
 
       1 0.0
       2 0.0
       3 0.0
       4 0.0
       5 0.0
       6 0.0
       7 0.0
       8 0.0
       9 0.0
      10 0.0
      11 0.0
      12 0.0
      13 0.0
 
       1     0.023943172
       2     0.025806989
       3     0.023768651
       4     0.024681882
       5     0.024348285
       6     0.023837712
       7     0.026743317
       8     0.026655566
       9     0.026190005
      10     0.023312849
      11     0.023117222
      12     0.024663921
      13   0.0248
 
       1       1.0000000
       2       1.0000000
       3       1.0000000
       4       1.0000000
       5       1.0000000
       6       1.0000000
       7       1.0000000
       8       1.0000000
       9       1.0000000
      10       1.0000000
      11       1.0000000
      12       1.0000000
      13   1.0000
 
       1       0.0000000
       2       0.0000000
       3       0.0000000
       4       0.0000000
       5       0.0000000
       6       0.0000000
       7       0.0000000
       8       0.0000000
       9       0.0000000
      10       0.0000000
      11       0.0000000
      12       0.0000000
      13   0.0000
 
       1      0.72747347
       2      0.70716871
       3      0.65537503
       4      0.64026807
       5      0.63864919
       6      0.62706149
       7      0.67207756
       8      0.68038737
       9      0.67206954
      10      0.69900272
      11      0.70512254
      12      0.70827923
      13   0.6777
 
