       1       227.57963
       2       140.61281
       3       209.44772
       4       191.79965
       5       191.39049
       6       196.31424
       7       215.94393
       8       183.92582
       9       119.24824
      10       110.41910
      11       135.69942
      12       188.37959
      13  2110.76
 
       1       153.64726
       2       93.823746
       3       131.61820
       4       122.27138
       5       118.02262
       6       114.96249
       7       119.44323
       8       105.04462
       9       76.233899
      10       72.946693
      11       89.340328
      12       129.53610
      13  1326.89
 
       1       20.806942
       2       12.844216
       3       16.818768
       4       18.146871
       5       15.426070
       6       14.273789
       7       13.248300
       8       12.175706
       9       9.7516450
      10       9.7753709
      11       10.821600
      12       17.885260
      13   171.97
 
       1       27.201570
       2       17.281112
       3       27.516801
       4       31.553134
       5       26.822917
       6       38.284405
       7       44.283755
       8       32.344375
       9       17.609344
      10       11.613809
      11       16.958071
      12       27.339764
      13   318.81
 
       1       24.839303
       2       14.807539
       3       19.012578
       4       24.994263
       5       31.224436
       6       33.364355
       7       38.678263
       8       35.881824
       9       23.801478
      10       16.098034
      11       14.478188
      12       18.409026
      13   295.59
 
       1       17.192656
       2       15.844391
       3       24.125888
       4       28.631334
       5       28.699696
       6       27.465408
       7       25.490219
       8       22.140277
       9       16.030171
      10       13.148779
      11       13.666358
      12       15.959932
      13    20.70
 
       1 0.0
       2 0.0
       3 0.0
       4 0.0
       5 0.0
       6 0.0
       7 0.0
       8 0.0
       9 0.0
      10 0.0
      11 0.0
      12 0.0
      13 0.0
 
       1     0.016682913
       2     0.015243275
       3     0.023165666
       4     0.027374454
       5     0.026668283
       6     0.024981973
       7     0.022818317
       8     0.019694370
       9     0.014356905
      10     0.011937218
      11     0.012777530
      12     0.015454909
      13   0.0193
 
       1      0.93926437
       2      0.93886547
       3      0.93879653
       4      0.93895485
       5      0.93743910
       6      0.93744367
       7      0.93839621
       8      0.93883107
       9      0.93856721
      10      0.93925869
      11      0.93963029
      12      0.94017626
      13   0.9388
 
       1    0.0011503968
       2    0.0010613447
       3    0.0016135561
       4    0.0019101139
       5    0.0019010328
       6    0.0018050810
       7    0.0016649018
       8    0.0014452256
       9    0.0010531370
      10   0.00087009347
      11   0.00091008792
      12    0.0010687509
      13   0.0014
 
       1      0.26064247
       2      0.28078652
       3      0.31642766
       4      0.34771528
       5      0.35992808
       6      0.36548113
       7      0.32855954
       8      0.30127264
       9      0.29961116
      10      0.27918961
      11      0.28938637
      12      0.28000955
      13   0.3091
 
