       1       15.266775
       2       11.307482
       3       20.634802
       4       26.394572
       5       35.843615
       6       49.815902
       7       41.711616
       8       29.869161
       9       17.454410
      10       14.743495
      11       8.7606871
      12       8.9503157
      13   280.75
 
       1       9.8076979
       2       7.2988629
       3       13.533424
       4       15.412972
       5       18.492449
       6       25.487361
       7       23.411658
       8       16.998870
       9       9.9988853
      10       9.0449459
      11       6.4963640
      12       6.1444139
      13   162.13
 
       1       1.2320158
       2      0.88656167
       3       2.4537965
       4       2.7981585
       5       2.9079059
       6       2.9184373
       7       3.3519350
       8       2.3533132
       9       1.3344327
      10       1.2354614
      11       1.0664399
      12      0.68664315
      13    23.23
 
       1      0.62378573
       2      0.82407746
       3       3.6119524
       4       3.4490720
       5       5.1671426
       6       11.191766
       7       13.796252
       8       8.1879627
       9       3.1295213
      10       1.3467290
      11       1.3571473
      12      0.79055274
      13    53.48
 
       1      0.12782315
       2      0.34089143
       3       2.3697253
       4       3.0045549
       5       3.5036623
       6       5.6941457
       7       6.3639048
       8       4.1938881
       9       2.1248761
      10      0.54725998
      11      0.31191720
      12      0.16100942
      13    28.74
 
       1      0.93609129
       2       1.0632775
       3       2.7716491
       4       3.2735928
       5       3.4093365
       6       3.9923590
       7       3.8585412
       8       2.6232479
       9       1.5270620
      10       1.2176867
      11       1.0461091
      12      0.48899711
      13     2.18
 
       1 0.0
       2 0.0
       3 0.0
       4 0.0
       5 0.0
       6 0.0
       7 0.0
       8 0.0
       9 0.0
      10 0.0
      11 0.0
      12 0.0
      13 0.0
 
       1     0.026008138
       2     0.028010233
       3     0.074830585
       4     0.089242194
       5     0.088043172
       6     0.098330211
       7     0.093776359
       8     0.063003370
       9     0.037674814
      10     0.032653203
      11     0.029255993
      12     0.013413224
      13   0.0562
 
       1      0.88314294
       2      0.87874345
       3      0.87973080
       4      0.88011827
       5      0.87785583
       6      0.87711912
       7      0.87821417
       8      0.87594300
       9      0.87486573
      10      0.87894438
      11      0.88198489
      12      0.88179471
      13   0.8790
 
       1    0.0031572200
       2    0.0035118014
       3    0.0092255952
       4     0.010934511
       5     0.010997359
       6     0.012465559
       7     0.012018147
       8    0.0081602153
       9    0.0048446549
      10    0.0040549596
      11    0.0035722788
      12    0.0016541847
      13   0.0070
 
       1      0.87611850
       2      0.88329579
       3      0.94763923
       4      0.97424105
       5      0.97873778
       6      0.98496164
       7      0.98037661
       8      0.97530242
       9      0.98120398
      10      0.95470077
      11      0.94694837
      12      0.87839629
      13   0.9468
 
