       1       463.01227
       2       463.27239
       3       467.43325
       4       457.89792
       5       528.96049
       6       483.56205
       7       520.30049
       8       491.84972
       9       447.42208
      10       459.24292
      11       477.95666
      12       465.95415
      13  5726.86
 
       1       276.73472
       2       278.57400
       3       284.77770
       4       285.57176
       5       324.15788
       6       294.51483
       7       313.41555
       8       298.68675
       9       274.67899
      10       284.32595
      11       291.48466
      12       282.04770
      13  3488.97
 
       1       35.248789
       2       36.339237
       3       35.517928
       4       34.355607
       5       39.426770
       6       36.116643
       7       39.276592
       8       37.092472
       9       35.265031
      10       34.249956
      11       35.915994
      12       35.138897
      13   433.94
 
       1       129.00483
       2       126.37070
       3       124.69502
       4       117.27188
       5       138.75576
       6       128.54576
       7       142.09290
       8       131.81799
       9       116.70381
      10       120.59045
      11       129.20824
      12       126.16514
      13  1531.22
 
       1       21.579300
       2       22.288476
       3       21.807611
       4       21.176666
       5       25.544517
       6       24.051076
       7       25.607447
       8       24.731043
       9       21.588445
      10       20.441115
      11       21.378838
      12       20.575469
      13   270.77
 
       1       5.6612366
       2       6.0203272
       3       5.5626812
       4       5.4787965
       5       6.2761130
       6       6.0979572
       7       6.4929202
       8       6.0267482
       9       5.8238594
      10       5.4867673
      11       5.8375486
      12       5.6191845
      13     5.87
 
       1 0.0
       2 0.0
       3 0.0
       4 0.0
       5 0.0
       6 0.0
       7 0.0
       8 0.0
       9 0.0
      10 0.0
      11 0.0
      12 0.0
      13 0.0
 
       1     0.023291577
       2     0.024782816
       3     0.023000806
       4     0.023044298
       5     0.025933775
       6     0.024797918
       7     0.026190171
       8     0.024737000
       9     0.023833481
      10     0.022707093
      11     0.024055700
      12     0.023071439
      13   0.0241
 
       1       1.0000000
       2       1.0000000
       3       1.0000000
       4       1.0000000
       5       1.0000000
       6       1.0000000
       7       1.0000000
       8       1.0000000
       9       1.0000000
      10       1.0000000
      11       1.0000000
      12       1.0000000
      13   1.0000
 
       1       0.0000000
       2       0.0000000
       3       0.0000000
       4       0.0000000
       5       0.0000000
       6       0.0000000
       7       0.0000000
       8       0.0000000
       9       0.0000000
      10       0.0000000
      11       0.0000000
      12       0.0000000
      13   0.0000
 
       1      0.71036814
       2      0.71975111
       3      0.67214311
       4      0.62716110
       5      0.61160070
       6      0.59697111
       7      0.62805939
       8      0.66366430
       9      0.66757631
      10      0.67577260
      11      0.69025442
      12      0.70093493
      13   0.6637
 
