       1       7.6329578
       2       10.154333
       3       21.096600
       4       22.813109
       5       33.959702
       6       43.175426
       7       40.716678
       8       21.822087
       9       16.422687
      10       12.797637
      11       6.8070469
      12       9.7457955
      13   247.14
 
       1       5.6223088
       2       7.5421298
       3       13.367712
       4       14.252292
       5       18.645753
       6       24.196912
       7       22.363873
       8       13.517458
       9       9.4459457
      10       8.1280057
      11       5.3864123
      12       7.1893260
      13   149.66
 
       1      0.67212515
       2       1.2009750
       3       2.3739671
       4       2.7238338
       5       2.8880364
       6       3.0841326
       7       3.0711324
       8       2.0530235
       9       1.2705195
      10       1.0997537
      11      0.79596302
      12       1.0259158
      13    22.26
 
       1      0.67302731
       2       2.0450858
       3       2.4887388
       4       4.2066677
       5       6.2898213
       6       7.5023471
       7       11.462393
       8       5.2559359
       9       2.5377433
      10       1.0129953
      11      0.98873931
      12       1.5495168
      13    46.01
 
       1     0.063130049
       2      0.53526388
       3       1.2893122
       4       3.5379986
       5       3.8575729
       6       5.9097945
       7       6.4172246
       8       3.6727339
       9       1.8005021
      10      0.53879679
      11      0.19520456
      12      0.35913148
      13    28.18
 
       1      0.48662052
       2       1.8131524
       3       2.4626122
       4       4.0696448
       5       4.0191480
       6       4.2780188
       7       3.4386493
       8       2.2981055
       9       1.3374815
      10       1.0900031
      11      0.91416924
      12      0.89461271
      13     2.26
 
       1 0.0
       2 0.0
       3 0.0
       4 0.0
       5 0.0
       6 0.0
       7 0.0
       8 0.0
       9 0.0
      10 0.0
      11 0.0
      12 0.0
      13 0.0
 
       1     0.013271932
       2     0.048677161
       3     0.064690081
       4      0.10710667
       5      0.10500873
       6      0.10626149
       7     0.082425274
       8     0.054867401
       9     0.032153473
      10     0.028334396
      11     0.025021068
      12     0.024872964
      13   0.0577
 
       1      0.85127337
       2      0.84769506
       3      0.84685445
       4      0.84663408
       5      0.84818883
       6      0.84583468
       7      0.84495675
       8      0.84452245
       9      0.84320205
      10      0.84864337
      11      0.85053956
      12      0.85140351
      13   0.8475
 
       1    0.0020523419
       2    0.0075432839
       3     0.010064248
       4     0.016630261
       5     0.016252288
       6     0.016757836
       7     0.013239199
       8    0.0089035958
       9    0.0052203180
      10    0.0044541280
      11    0.0038659760
      12    0.0037765115
      13   0.0091
 
       1      0.83141727
       2      0.93797211
       3      0.95065683
       4      0.97659128
       5      0.98544592
       6      0.98326414
       7      0.97638353
       8      0.97496168
       9      0.98425975
      10      0.94971428
      11      0.95043306
      12      0.93482805
      13   0.9530
 
