       1       200.09632
       2       168.14060
       3       238.56986
       4       145.92573
       5       177.52117
       6       191.51709
       7       215.68182
       8       180.57861
       9       124.41281
      10       126.24937
      11       118.52494
      12       155.85153
      13  2043.07
 
       1       135.61471
       2       114.21700
       3       155.68321
       4       94.276620
       5       107.84551
       6       113.33003
       7       120.20135
       8       105.64719
       9       78.331452
      10       83.757471
      11       79.828168
      12       105.99976
      13  1294.73
 
       1       18.656734
       2       16.888350
       3       20.999320
       4       13.050164
       5       13.285561
       6       13.471044
       7       13.439126
       8       12.648874
       9       10.231822
      10       11.116858
      11       9.8499076
      12       13.615867
      13   167.25
 
       1       24.264770
       2       21.560836
       3       30.887501
       4       19.970829
       5       23.273848
       6       34.612960
       7       42.914689
       8       33.078530
       9       16.501813
      10       15.449024
      11       13.906191
      12       20.122561
      13   296.54
 
       1       18.568958
       2       16.415618
       3       25.193360
       4       20.479900
       5       26.393893
       6       32.123089
       7       39.499303
       8       38.452080
       9       22.245677
      10       17.953075
      11       15.169152
      12       17.802859
      13   290.30
 
       1       15.113011
       2       17.645248
       3       25.857108
       4       22.631499
       5       24.170860
       6       26.994579
       7       26.057439
       8       22.835397
       9       16.039191
      10       15.212765
      11       12.524159
      12       13.163291
      13    19.85
 
       1 0.0
       2 0.0
       3 0.0
       4 0.0
       5 0.0
       6 0.0
       7 0.0
       8 0.0
       9 0.0
      10 0.0
      11 0.0
      12 0.0
      13 0.0
 
       1     0.018152136
       2     0.021075264
       3     0.031094094
       4     0.026324339
       5     0.027385845
       6     0.030535620
       7     0.028840495
       8     0.025562502
       9     0.017808557
      10     0.017581472
      11     0.014701553
      12     0.015554342
      13   0.0229
 
       1      0.93227949
       2      0.93055250
       3      0.93061884
       4      0.93055303
       5      0.92883877
       6      0.92934264
       7      0.93080561
       8      0.93132831
       9      0.93033053
      10      0.93055649
      11      0.93170777
      12      0.93137112
      13   0.9307
 
       1    0.0013801611
       2    0.0016117746
       3    0.0023597460
       4    0.0020489000
       5    0.0021614826
       6    0.0024047315
       7    0.0022939405
       8    0.0020228772
       9    0.0014245184
      10    0.0013739358
      11    0.0011396659
      12    0.0011965127
      13   0.0018
 
       1      0.27327228
       2      0.30432100
       3      0.33601671
       4      0.36456601
       5      0.36618653
       6      0.39127560
       7      0.33892998
       8      0.32179978
       9      0.31408869
      10      0.31946290
      11      0.32332679
      12      0.30502249
      13   0.3299
 
