       1       10.195217
       2       15.733878
       3       19.169418
       4       22.760890
       5       41.876068
       6       47.707956
       7       44.762444
       8       28.300998
       9       20.994022
      10       9.5478816
      11       9.1085133
      12       12.554958
      13   282.71
 
       1       7.0253404
       2       11.035001
       3       11.719025
       4       14.016987
       5       21.654497
       6       24.661983
       7       24.390843
       8       16.583800
       9       11.923881
      10       6.6561761
      11       6.6588604
      12       8.7466951
      13   165.07
 
       1      0.88524469
       2       1.7962082
       3       2.0114098
       4       2.7597534
       5       3.0070609
       6       3.0265587
       7       3.2914168
       8       2.4217269
       9       1.4515192
      10       1.0612381
      11      0.91342378
      12       1.1623404
      13    23.79
 
       1       1.0310961
       2       2.0266660
       3       2.6901467
       4       4.4239821
       5       6.4025705
       6       13.005520
       7       15.845192
       8       8.2550341
       9       2.8189940
      10      0.73736054
      11      0.88168817
      12       1.4855674
      13    59.60
 
       1      0.11669991
       2      0.99434401
       3       1.4858779
       4       2.4756613
       5       3.6920059
       6       6.4985884
       7       7.1318104
       8       5.2823203
       9       1.7769704
      10      0.36093186
      11      0.22380291
      12      0.66164165
      13    30.70
 
       1      0.70394626
       2       2.1272950
       3       2.2069305
       4       3.7166394
       5       3.9006477
       6       4.0528768
       7       4.0508730
       8       2.6637312
       9       1.7416873
      10       1.0976441
      11      0.98962906
      12      0.82459316
      13     2.34
 
       1 0.0
       2 0.0
       3 0.0
       4 0.0
       5 0.0
       6 0.0
       7 0.0
       8 0.0
       9 0.0
      10 0.0
      11 0.0
      12 0.0
      13 0.0
 
       1     0.015017742
       2     0.047389225
       3     0.046097073
       4     0.078130497
       5     0.080666044
       6     0.079354383
       7     0.078402877
       8     0.050846852
       9     0.033665449
      10     0.024176420
      11     0.022434222
      12     0.018127620
      13   0.0479
 
       1      0.87228654
       2      0.87168396
       3      0.86691321
       4      0.86694179
       5      0.86926426
       6      0.86741744
       7      0.86694501
       8      0.86787772
       9      0.86593529
      10      0.87431296
      11      0.87472322
      12      0.87363624
      13   0.8698
 
       1    0.0020179266
       2    0.0061716313
       3    0.0062486144
       4     0.010535418
       5     0.010865387
       6     0.010994683
       7     0.010953736
       8    0.0072005056
       9    0.0047678771
      10    0.0031778684
      11    0.0029058041
      12    0.0023879490
      13   0.0065
 
       1      0.85218207
       2      0.94406592
       3      0.94095637
       4      0.96848957
       5      0.98419211
       6      0.98048603
       7      0.97887116
       8      0.97043605
       9      0.98115073
      10      0.95558994
      11      0.94525765
      12      0.87969396
      13   0.9484
 
