       1       168.37589
       2       193.87527
       3       206.74324
       4       198.53118
       5       156.44353
       6       196.11244
       7       233.15342
       8       192.57270
       9       174.55707
      10       115.84446
      11       122.05332
      12       120.14978
      13  2078.41
 
       1       115.88616
       2       127.97184
       3       138.78228
       4       123.46769
       5       99.038642
       6       113.78950
       7       129.22704
       8       112.25127
       9       110.53235
      10       77.413363
      11       82.682087
      12       83.538341
      13  1314.58
 
       1       15.925844
       2       16.648111
       3       20.188634
       4       15.951252
       5       14.116781
       6       13.463870
       7       14.140733
       8       12.961218
       9       14.340578
      10       10.769036
      11       10.125161
      12       10.835078
      13   169.47
 
       1       21.756526
       2       21.441342
       3       28.271614
       4       25.328727
       5       25.428416
       6       36.929186
       7       49.419972
       8       34.001827
       9       22.967482
      10       16.198931
      11       13.320409
      12       15.774656
      13   310.84
 
       1       16.215563
       2       17.150621
       3       21.519550
       4       21.862299
       5       28.695708
       6       29.824886
       7       40.064479
       8       35.641030
       9       32.586547
      10       18.927194
      11       15.099106
      12       13.144187
      13   290.73
 
       1       13.802180
       2       20.641142
       3       26.795032
       4       28.567521
       5       24.445334
       6       25.235497
       7       28.333484
       8       24.040057
       9       22.742572
      10       14.278050
      11       12.617534
      12       10.966103
      13    21.04
 
       1 0.0
       2 0.0
       3 0.0
       4 0.0
       5 0.0
       6 0.0
       7 0.0
       8 0.0
       9 0.0
      10 0.0
      11 0.0
      12 0.0
      13 0.0
 
       1     0.013169476
       2     0.019813786
       3     0.026172637
       4     0.027073952
       5     0.022641027
       6     0.022687681
       7     0.025451461
       8     0.021639597
       9     0.020714713
      10     0.013200507
      11     0.011869166
      12     0.010418427
      13   0.0196
 
       1      0.93916408
       2      0.93800656
       3      0.93902660
       4      0.93847546
       5      0.93728434
       6      0.93621104
       7      0.93818498
       8      0.94032935
       9      0.93876486
      10      0.93890899
      11      0.94015471
      12      0.93997626
      13   0.9387
 
       1   0.00092139120
       2    0.0013780395
       3    0.0017993936
       4    0.0019036668
       5    0.0016199159
       6    0.0016547364
       7    0.0018496109
       8    0.0015741112
       9    0.0014969066
      10   0.00094775357
      11   0.00084144651
      12   0.00073313525
      13   0.0014
 
       1      0.25823318
       2      0.26601151
       3      0.32048080
       4      0.34058911
       5      0.35371829
       6      0.34736556
       7      0.33093339
       8      0.30142777
       9      0.31322806
      10      0.30457282
      11      0.28383070
      12      0.26543461
      13   0.3072
 
