       1       507.59390
       2       432.45200
       3       487.61904
       4       470.71502
       5       508.03912
       6       494.82691
       7       544.38870
       8       525.76632
       9       455.63716
      10       464.12973
      11       471.47116
      12       470.83973
      13  5833.48
 
       1       300.35765
       2       263.57394
       3       298.00925
       4       290.84721
       5       309.85326
       6       300.14194
       7       328.19755
       8       320.93555
       9       278.57194
      10       288.41941
      11       288.94694
      12       284.52938
      13  3552.38
 
       1       38.744877
       2       32.875370
       3       37.497114
       4       35.227436
       5       38.668783
       6       37.089195
       7       40.883168
       8       40.324195
       9       34.483062
      10       35.030164
      11       35.305395
      12       35.181751
      13   441.31
 
       1       142.99474
       2       116.29227
       3       130.21325
       4       122.05891
       5       133.01868
       6       131.41475
       7       148.29672
       8       138.57054
       9       122.47255
      10       119.03545
      11       126.90706
      12       129.85464
      13  1561.13
 
       1       25.125902
       2       19.616140
       3       22.736154
       4       22.584186
       5       26.285688
       6       24.809655
       7       27.010265
       8       25.947735
       9       21.943891
      10       20.393714
      11       20.375477
      12       21.088720
      13   277.92
 
       1       6.1697610
       2       5.7701265
       3       5.9418475
       4       5.6783853
       5       6.0245643
       6       6.1883628
       7       6.7262371
       8       6.4350455
       9       5.7966260
      10       5.6199321
      11       5.8129088
      12       5.6536146
      13     5.98
 
       1 0.0
       2 0.0
       3 0.0
       4 0.0
       5 0.0
       6 0.0
       7 0.0
       8 0.0
       9 0.0
      10 0.0
      11 0.0
      12 0.0
      13 0.0
 
       1     0.024943060
       2     0.023858313
       3     0.024696549
       4     0.023694694
       5     0.024659024
       6     0.025185925
       7     0.027279285
       8     0.026504814
       9     0.023779102
      10     0.023401708
      11     0.023956195
      12     0.023407018
      13   0.0246
 
       1       1.0000000
       2       1.0000000
       3       1.0000000
       4       1.0000000
       5       1.0000000
       6       1.0000000
       7       1.0000000
       8       1.0000000
       9       1.0000000
      10       1.0000000
      11       1.0000000
      12       1.0000000
      13   1.0000
 
       1       0.0000000
       2       0.0000000
       3       0.0000000
       4       0.0000000
       5       0.0000000
       6       0.0000000
       7       0.0000000
       8       0.0000000
       9       0.0000000
      10       0.0000000
      11       0.0000000
      12       0.0000000
      13   0.0000
 
       1      0.71157974
       2      0.69480348
       3      0.67271449
       4      0.65659415
       5      0.62094415
       6      0.60403182
       7      0.65606675
       8      0.67437782
       9      0.67074417
      10      0.68506671
      11      0.69829747
      12      0.71972114
      13   0.6721
 
