       1       9.1839252
       2       10.676407
       3       17.360608
       4       25.783792
       5       41.996789
       6       43.833165
       7       36.989256
       8       27.585912
       9       17.464569
      10       12.937521
      11       7.2924879
      12       7.2482536
      13   258.35
 
       1       6.1122966
       2       7.1166938
       3       12.102745
       4       16.003289
       5       23.685365
       6       24.109777
       7       19.779796
       8       16.059410
       9       10.102109
      10       8.4745620
      11       5.4299197
      12       5.6467666
      13   154.62
 
       1      0.74425025
       2      0.94601697
       3       2.3813462
       4       3.1399364
       5       3.6688234
       6       3.4414092
       7       2.7647861
       8       2.3434870
       9       1.3215871
      10       1.2442394
      11      0.78832512
      12      0.81289031
      13    23.60
 
       1      0.87330305
       2       1.2693932
       3       3.3711960
       4       4.6789959
       5       7.0617904
       6       10.700138
       7       11.808997
       8       8.9071423
       9       2.6519726
      10       1.2791685
      11      0.91667105
      12       1.4313580
      13    54.95
 
       1      0.20011429
       2      0.50114165
       3       1.8226484
       4       3.7708199
       5       5.0146475
       6       7.2561111
       7       6.6190860
       8       5.2103778
       9       2.4980349
      10      0.60344088
      11      0.34571167
      12      0.50390219
      13    34.35
 
       1      0.66305015
       2       1.2790681
       3       3.0364806
       4       4.3536871
       5       4.9603419
       6       4.2596138
       7       3.0788057
       8       2.6993987
       9       1.5140182
      10       1.2665769
      11      0.89111751
      12      0.76446771
      13     2.40
 
       1 0.0
       2 0.0
       3 0.0
       4 0.0
       5 0.0
       6 0.0
       7 0.0
       8 0.0
       9 0.0
      10 0.0
      11 0.0
      12 0.0
      13 0.0
 
       1     0.018279030
       2     0.033230744
       3     0.082006008
       4      0.11710880
       5      0.12869644
       6      0.10450944
       7     0.072560933
       8     0.064454476
       9     0.036855232
      10     0.033636761
      11     0.025234512
      12     0.021644865
      13   0.0615
 
       1      0.85226835
       2      0.84582173
       3      0.84911026
       4      0.84834184
       5      0.84853027
       6      0.84600284
       7      0.84337229
       8      0.84540190
       9      0.84606675
      10      0.84905219
      11      0.85442443
      12      0.85482439
      13   0.8486
 
       1    0.0027862476
       2    0.0052408096
       3     0.012610755
       4     0.017965141
       5     0.019994513
       6     0.016590773
       7     0.011767691
       8     0.010417670
       9    0.0059394903
      10    0.0052258495
      11    0.0038169634
      12    0.0032727799
      13   0.0096
 
       1      0.84860503
       2      0.88168757
       3      0.95261003
       4      0.97973977
       5      0.98650735
       6      0.98172268
       7      0.97419102
       8      0.96884989
       9      0.97683862
      10      0.96432129
      11      0.95282991
      12      0.92695953
      13   0.9496
 
