       1       147.20101
       2       101.23672
       3       170.22720
       4       224.64655
       5       214.90988
       6       230.74534
       7       240.32521
       8       188.48764
       9       148.91944
      10       105.67688
      11       102.02134
      12       151.25956
      13  2025.66
 
       1       101.84078
       2       68.114448
       3       107.16313
       4       139.51043
       5       130.00956
       6       133.58371
       7       131.54635
       8       109.53194
       9       93.994174
      10       69.938165
      11       69.336528
      12       99.725019
      13  1254.29
 
       1       13.607288
       2       9.4307882
       3       13.689888
       4       16.988906
       5       15.410456
       6       15.430503
       7       14.564688
       8       12.701488
       9       11.505699
      10       9.8411477
      11       9.1058836
      12       12.116116
      13   154.39
 
       1       18.727618
       2       15.165789
       3       18.748216
       4       31.986876
       5       29.784587
       6       46.046695
       7       50.037282
       8       32.675246
       9       19.135594
      10       13.312645
      11       13.442935
      12       17.953536
      13   307.02
 
       1       14.388131
       2       11.459386
       3       17.630166
       4       28.278801
       5       33.113538
       6       43.101618
       7       47.887835
       8       41.536883
       9       30.963936
      10       15.780210
      11       12.905336
      12       13.943888
      13   310.99
 
       1       13.237497
       2       12.841109
       3       18.989814
       4       32.548188
       5       32.698043
       6       36.368462
       7       30.572963
       8       24.364666
       9       20.586452
      10       13.252967
      11       11.095047
      12       11.451885
      13    21.50
 
       1 0.0
       2 0.0
       3 0.0
       4 0.0
       5 0.0
       6 0.0
       7 0.0
       8 0.0
       9 0.0
      10 0.0
      11 0.0
      12 0.0
      13 0.0
 
       1     0.016458101
       2     0.015834564
       3     0.022766629
       4     0.039622624
       5     0.039911226
       6     0.043800200
       7     0.035682450
       8     0.028421944
       9     0.024202704
      10     0.015757365
      11     0.013327664
      12     0.013858978
      13   0.0258
 
       1      0.88991620
       2      0.88945950
       3      0.88814203
       4      0.88821944
       5      0.88805921
       6      0.88740657
       7      0.89041815
       8      0.89227346
       9      0.88992454
      10      0.88882756
      11      0.89021587
      12      0.89007575
      13   0.8894
 
       1    0.0020007906
       2    0.0019406540
       3    0.0028195040
       4    0.0048460634
       5    0.0048779693
       6    0.0053739563
       7    0.0044426612
       8    0.0035483631
       9    0.0030220727
      10    0.0019660591
      11    0.0016560400
      12    0.0017058755
      13   0.0032
 
       1      0.28238219
       2      0.31438929
       3      0.32062836
       4      0.37703313
       5      0.39675736
       6      0.40788596
       7      0.36627227
       8      0.33812235
       9      0.32861611
      10      0.31437534
      11      0.31297057
      12      0.31848294
      13   0.3398
 
