       1       157.94620
       2       165.55925
       3       245.33546
       4       194.39554
       5       214.18488
       6       227.57090
       7       240.87131
       8       194.97418
       9       146.30826
      10       137.35559
      11       110.41148
      12       123.33495
      13  2158.25
 
       1       107.01177
       2       109.96151
       3       150.02013
       4       131.07725
       5       132.90920
       6       133.16790
       7       132.20758
       8       114.14989
       9       91.539190
      10       90.285324
      11       74.876042
      12       84.060842
      13  1351.27
 
       1       14.099866
       2       14.164209
       3       17.114579
       4       19.199994
       5       16.226172
       6       15.477948
       7       14.175163
       8       13.474059
       9       11.191105
      10       11.068178
      11       9.6933665
      12       10.894286
      13   166.78
 
       1       18.257129
       2       18.730317
       3       24.206371
       4       32.239836
       5       32.956736
       6       41.597378
       7       50.629253
       8       35.831152
       9       19.379570
      10       14.244915
      11       13.823128
      12       15.740185
      13   317.64
 
       1       14.824355
       2       17.215942
       3       19.638186
       4       30.473877
       5       36.892667
       6       38.760954
       7       44.212643
       8       42.280086
       9       29.536717
      10       21.205975
      11       14.903025
      12       13.626896
      13   323.57
 
       1       12.850301
       2       17.304006
       3       26.186553
       4       37.836113
       5       36.038451
       6       35.817016
       7       30.337973
       8       26.365514
       9       20.078038
      10       16.047474
      11       11.839140
      12       10.471440
      13    23.43
 
       1 0.0
       2 0.0
       3 0.0
       4 0.0
       5 0.0
       6 0.0
       7 0.0
       8 0.0
       9 0.0
      10 0.0
      11 0.0
      12 0.0
      13 0.0
 
       1     0.015904966
       2     0.021394705
       3     0.032082576
       4     0.048293686
       5     0.044376609
       6     0.043128446
       7     0.035468086
       8     0.031020863
       9     0.023614819
      10     0.019032056
      11     0.014306549
      12     0.012726765
      13   0.0284
 
       1      0.89006922
       2      0.88817589
       3      0.88838431
       4      0.89030800
       5      0.88980947
       6      0.88836390
       7      0.88992188
       8      0.89103846
       9      0.88942034
      10      0.88973015
      11      0.89065350
      12      0.89197661
      13   0.8898
 
       1    0.0019346131
       2    0.0026043000
       3    0.0039118775
       4    0.0057663399
       5    0.0054105975
       6    0.0052997912
       7    0.0044109194
       8    0.0038573114
       9    0.0029464448
      10    0.0023714085
      11    0.0017679009
      12    0.0015671758
      13   0.0035
 
       1      0.29221872
       2      0.30366392
       3      0.34304917
       4      0.38776609
       5      0.41116645
       6      0.40360403
       7      0.37113902
       8      0.34001107
       9      0.33808777
      10      0.30443258
      11      0.30527935
      12      0.30129588
      13   0.3418
 
