       1       142.38945
       2       124.01591
       3       162.71130
       4       136.30625
       5       180.98551
       6       114.87752
       7       126.02989
       8       111.35778
       9       97.061750
      10       86.917823
      11       88.473390
      12       119.16090
      13  1490.29
 
       1       96.196347
       2       84.390093
       3       106.01123
       4       84.656121
       5       110.82088
       6       69.722747
       7       70.936483
       8       65.564155
       9       61.038799
      10       58.349087
      11       59.791991
      12       83.193028
      13   950.67
 
       1       12.103610
       2       10.777136
       3       12.903423
       4       8.0096839
       5       9.2898454
       6       6.8257764
       7       6.3045906
       8       6.4158966
       9       6.7085471
      10       6.9261642
      11       6.6229799
      12       10.200539
      13   103.09
 
       1       14.490853
       2       11.634802
       3       14.272198
       4       9.2415115
       5       14.599786
       6       13.527119
       7       13.863753
       8       13.064651
       9       8.8711576
      10       7.7440236
      11       7.1575279
      12       11.737224
      13   140.20
 
       1       13.404287
       2       11.786512
       3       16.393924
       4       12.338556
       5       19.709996
       6       16.974842
       7       19.298918
       8       21.531739
       9       20.133862
      10       15.995251
      11       11.671407
      12       13.554926
      13   192.79
 
       1       9.5146973
       2       11.718762
       3       16.477030
       4       15.900596
       5       25.054413
       6       18.813564
       7       16.732768
       8       15.368963
       9       12.809949
      10       10.693968
      11       7.9320139
      12       8.7201214
      13    14.14
 
       1 0.0
       2 0.0
       3 0.0
       4 0.0
       5 0.0
       6 0.0
       7 0.0
       8 0.0
       9 0.0
      10 0.0
      11 0.0
      12 0.0
      13 0.0
 
       1      0.10119867
       2      0.12635309
       3      0.17737345
       4      0.16400302
       5      0.26611414
       6      0.19740623
       7      0.16941042
       8      0.15595989
       9      0.12769343
      10      0.10882020
      11     0.081413134
      12     0.093856654
      13   0.1475
 
       1      0.82877088
       2      0.83091812
       3      0.83255155
       4      0.83210972
       5      0.83287799
       6      0.83198089
       7      0.83185932
       8      0.83169184
       9      0.82984005
      10      0.83074845
      11      0.83152994
      12      0.83322613
      13   0.8315
 
       1     0.017746734
       2     0.022012532
       3     0.030775103
       4     0.029269542
       5     0.046547573
       6     0.034860764
       7     0.030454307
       8     0.028036094
       9     0.023274355
      10     0.019688175
      11     0.014679649
      12     0.016398553
      13   0.0261
 
       1      0.66178280
       2      0.69174688
       3      0.80849407
       4      0.70677196
       5      0.82116433
       6      0.84619989
       7      0.81840656
       8      0.79677178
       9      0.75852114
      10      0.73262164
      11      0.64157853
      12      0.67963131
      13   0.7470
 
