       1       130.26804
       2       111.47584
       3       152.33650
       4       127.75747
       5       124.87435
       6       96.582998
       7       106.88413
       8       114.21700
       9       111.07465
      10       86.697869
      11       143.86367
      12       136.69290
      13  1442.73
 
       1       91.188612
       2       74.316319
       3       96.310554
       4       77.453986
       5       77.894268
       6       59.310068
       7       60.918861
       8       67.346709
       9       71.522568
      10       54.568091
      11       97.834429
      12       94.142388
      13   922.81
 
       1       12.903214
       2       10.139805
       3       11.041518
       4       7.9416022
       5       9.1136482
       6       6.6873843
       7       6.2792700
       8       7.2716509
       9       9.3461807
      10       5.9344019
      11       12.257469
      12       12.456621
      13   111.37
 
       1       14.655859
       2       10.510527
       3       12.878569
       4       9.7610755
       5       12.471571
       6       11.158970
       7       13.793869
       8       14.799522
       9       12.445398
      10       6.3269679
      11       15.805639
      12       15.696218
      13   150.30
 
       1       12.784755
       2       9.6386871
       3       13.703997
       4       12.352351
       5       16.711349
       6       10.655476
       7       15.808759
       8       22.119819
       9       22.137771
      10       11.536221
      11       19.744839
      12       13.934907
      13   181.13
 
       1       10.568874
       2       10.796044
       3       15.303961
       4       14.600281
       5       16.565693
       6       13.835904
       7       13.364353
       8       14.692519
       9       14.746551
      10       8.2574618
      11       13.182656
      12       10.972322
      13    13.07
 
       1 0.0
       2 0.0
       3 0.0
       4 0.0
       5 0.0
       6 0.0
       7 0.0
       8 0.0
       9 0.0
      10 0.0
      11 0.0
      12 0.0
      13 0.0
 
       1      0.11439782
       2      0.11471294
       3      0.15931508
       4      0.14859080
       5      0.16978211
       6      0.13813248
       7      0.13149062
       8      0.14506892
       9      0.14873507
      10     0.080617215
      11      0.13922214
      12      0.11864755
      13   0.1341
 
       1      0.87208492
       2      0.87218964
       3      0.87220552
       4      0.87168944
       5      0.87233258
       6      0.86841546
       7      0.87071572
       8      0.87256820
       9      0.87160106
      10      0.86990589
      11      0.87280370
      12      0.87461297
      13   0.8718
 
       1     0.014998739
       2     0.015203964
       3     0.021354057
       4     0.020216036
       5     0.023022868
       6     0.019103970
       7     0.018261359
       8     0.020086613
       9     0.020352533
      10     0.011356294
      11     0.018496944
      12     0.015566206
      13   0.0182
 
       1      0.72626806
       2      0.74568385
       3      0.71919154
       4      0.74820736
       5      0.77094390
       6      0.80484951
       7      0.76601432
       8      0.76415351
       9      0.82031297
      10      0.68284261
      11      0.76915475
      12      0.70458153
      13   0.7519
 
