       1       12.596572
       2       11.210926
       3       18.097012
       4       21.278295
       5       42.078007
       6       47.988135
       7       43.765484
       8       27.036153
       9       21.644118
      10       9.2829198
      11       6.8721676
      12       8.9668569
      13   270.82
 
       1       8.5814394
       2       7.4912789
       3       12.032470
       4       13.876143
       5       22.295670
       6       25.336148
       7       23.322505
       8       15.232196
       9       11.948098
      10       6.3416755
      11       5.1543793
      12       6.5724930
      13   158.18
 
       1       1.1179661
       2       1.0073535
       3       1.9111766
       4       2.8268325
       5       3.1832787
       6       3.3347877
       7       3.2466000
       8       2.1434029
       9       1.4954888
      10      0.96326797
      11      0.75796948
      12      0.88435998
      13    22.87
 
       1      0.78604333
       2      0.69470605
       3       2.9825336
       4       3.5696083
       5       7.8406217
       6       12.985469
       7       14.169084
       8       6.3569474
       9       3.4021919
      10       1.1315686
      11      0.97666319
      12      0.86690152
      13    55.76
 
       1      0.22911817
       2      0.28479268
       3       1.9201125
       4       3.0579352
       5       4.9803424
       6       6.6721533
       7       6.9516507
       8       4.4638371
       9       2.1446847
      10      0.43394540
      11      0.17930914
      12      0.14876348
      13    31.47
 
       1      0.87530008
       2      0.98677713
       3       2.5349756
       4       4.3806193
       5       4.2663028
       6       4.4893416
       7       3.7416383
       8       2.4143757
       9       1.7036457
      10      0.99993688
      11      0.80992648
      12      0.72139404
      13     2.33
 
       1 0.0
       2 0.0
       3 0.0
       4 0.0
       5 0.0
       6 0.0
       7 0.0
       8 0.0
       9 0.0
      10 0.0
      11 0.0
      12 0.0
      13 0.0
 
       1     0.019537351
       2     0.020874917
       3     0.053634723
       4     0.092936438
       5     0.088159294
       6     0.088844351
       7     0.071651009
       8     0.045761150
       9     0.032783590
      10     0.020542712
      11     0.017479408
      12     0.015949078
      13   0.0473
 
       1      0.87507908
       2      0.87097236
       3      0.87118438
       4      0.86780569
       5      0.86893749
       6      0.86763756
       7      0.86762505
       8      0.86407140
       9      0.86596268
      10      0.86969769
      11      0.86984884
      12      0.87373088
      13   0.8694
 
       1    0.0025445807
       2    0.0028148796
       3    0.0071884408
       4     0.012457894
       5     0.011915269
       6     0.012234174
       7     0.010076749
       8    0.0065150122
       9    0.0046476153
      10    0.0028267234
      11    0.0023541274
      12    0.0021039798
      13   0.0065
 
       1      0.88673752
       2      0.84888555
       3      0.93092241
       4      0.97866457
       5      0.98069131
       6      0.98218396
       7      0.97520927
       8      0.97115484
       9      0.95485549
      10      0.94736811
      11      0.94029991
      12      0.88177254
      13   0.9399
 
