       1       109.58089
       2       135.73923
       3       163.02681
       4       166.76231
       5       124.95273
       6       125.57727
       7       119.58438
       8       137.93515
       9       92.264905
      10       84.333646
      11       94.651984
      12       87.967434
      13  1442.38
 
       1       73.275486
       2       92.005172
       3       103.64031
       4       106.04402
       5       77.112034
       6       75.059278
       7       66.603669
       8       78.944471
       9       60.112384
      10       54.095447
      11       64.370692
      12       61.344281
      13   912.61
 
       1       8.1585636
       2       11.956172
       3       10.763784
       4       12.667943
       5       8.4585257
       6       7.7014518
       7       6.4215370
       8       7.5061543
       9       7.3350137
      10       5.8994018
      11       7.6729728
      12       7.9141479
      13   102.46
 
       1       8.3802182
       2       13.972694
       3       13.630302
       4       19.036655
       5       11.214465
       6       15.683654
       7       14.959554
       8       16.760494
       9       9.4571698
      10       6.2308292
      11       7.7657194
      12       8.1595390
      13   145.25
 
       1       7.5276593
       2       12.452976
       3       12.757846
       4       17.933890
       5       14.782844
       6       17.663276
       7       19.905082
       8       26.782057
       9       19.214118
      10       12.354165
      11       12.549705
      12       13.198742
      13   187.12
 
       1       8.2207309
       2       13.261941
       3       16.873906
       4       22.496048
       5       17.790536
       6       19.084674
       7       14.338339
       8       17.163448
       9       12.605141
      10       8.4984591
      11       8.3746072
      12       6.5560345
      13    13.77
 
       1 0.0
       2 0.0
       3 0.0
       4 0.0
       5 0.0
       6 0.0
       7 0.0
       8 0.0
       9 0.0
      10 0.0
      11 0.0
      12 0.0
      13 0.0
 
       1     0.085989902
       2      0.14133242
       3      0.17526546
       4      0.23481010
       5      0.18163881
       6      0.19028374
       7      0.13876726
       8      0.16790785
       9      0.12423693
      10     0.082267363
      11     0.084396073
      12     0.067577369
      13   0.1395
 
       1      0.93488947
       2      0.93406083
       3      0.93419120
       4      0.93398499
       5      0.93328118
       6      0.93138617
       7      0.93159792
       8      0.93169952
       9      0.93328460
      10      0.93273126
      11      0.93244617
      12      0.93361428
      13   0.9331
 
       1    0.0060484668
       2    0.0097901404
       3     0.012369691
       4     0.016460777
       5     0.013001174
       6     0.013826530
       7     0.010299041
       8     0.012339248
       9    0.0091252850
      10    0.0061472229
      11    0.0061186396
      12    0.0048228152
      13   0.0100
 
       1      0.65885838
       2      0.67138999
       3      0.73758200
       4      0.79528043
       5      0.79773129
       6      0.85072973
       7      0.78479883
       8      0.84000526
       9      0.74424370
      10      0.64860973
      11      0.67789668
      12      0.62870509
      13   0.7363
 
