       1       10.831480
       2       15.258611
       3       22.804604
       4       25.577669
       5       34.328769
       6       37.372570
       7       41.189520
       8       27.771802
       9       21.237857
      10       10.742900
      11       8.3785223
      12       10.792622
      13   266.29
 
       1       7.0431852
       2       9.5908375
       3       13.900493
       4       15.185273
       5       19.060113
       6       19.404460
       7       21.293541
       8       14.996105
       9       12.276952
      10       7.0274132
      11       6.1515880
      12       7.8578646
      13   153.79
 
       1      0.87004982
       2       1.1969901
       3       2.0482682
       4       2.5478083
       5       2.8254567
       6       2.3454365
       7       2.5480465
       8       1.9539515
       9       1.6311389
      10       1.0496966
      11      0.85112038
      12       1.0425864
      13    20.91
 
       1      0.56790998
       2      0.95533269
       3       2.8896431
       4       3.7456930
       5       5.2928516
       6       9.3210842
       7       13.554900
       8       7.5185514
       9       3.8648629
      10       1.1099336
      11       1.0264824
      12       1.2012469
      13    51.05
 
       1      0.19069087
       2      0.42151741
       3       1.6759381
       4       2.7291763
       5       3.5472238
       6       4.2439001
       7       5.5050389
       8       4.1402746
       9       2.6140183
      10      0.72698981
      11      0.11002144
      12      0.42488132
      13    26.33
 
       1      0.80933114
       2       1.3903703
       3       2.5097933
       4       3.1862022
       5       3.6259514
       6       3.2008830
       7       3.3653039
       8       2.2641734
       9       1.9025559
      10       1.1330684
      11      0.90120173
      12      0.91056052
      13     2.10
 
       1 0.0
       2 0.0
       3 0.0
       4 0.0
       5 0.0
       6 0.0
       7 0.0
       8 0.0
       9 0.0
      10 0.0
      11 0.0
      12 0.0
      13 0.0
 
       1     0.017243357
       2     0.028112411
       3     0.051490121
       4     0.065799143
       5     0.072843442
       6     0.060397189
       7     0.062616136
       8     0.041874841
       9     0.036347321
      10     0.022797886
      11     0.019144112
      12     0.019774728
      13   0.0415
 
       1      0.93298505
       2      0.93038797
       3      0.93113291
       4      0.93037604
       5      0.92972834
       6      0.92808986
       7      0.92715876
       8      0.92748748
       9      0.92744861
      10      0.93081181
      11      0.93146571
      12      0.93402256
      13   0.9301
 
       1    0.0012156159
       2    0.0020511402
       3    0.0036983864
       4    0.0047025456
       5    0.0052959172
       6    0.0045656420
       7    0.0047764338
       8    0.0032215640
       9    0.0027464034
      10    0.0016731421
      11    0.0013573538
      12    0.0013730197
      13   0.0031
 
       1      0.83473935
       2      0.82640697
       3      0.90129548
       4      0.96815162
       5      0.97859170
       6      0.97697829
       7      0.97257936
       8      0.96757135
       9      0.96856634
      10      0.93034407
      11      0.92882917
      12      0.91351111
      13   0.9306
 
