       1       88.740919
       2       80.519885
       3       130.39638
       4       123.72780
       5       128.62200
       6       121.41925
       7       104.46371
       8       117.94948
       9       144.09421
      10       124.67218
      11       108.14974
      12       130.87048
      13  1403.63
 
       1       62.149279
       2       53.453906
       3       81.427959
       4       76.685924
       5       80.044292
       6       73.978456
       7       60.049143
       8       68.165708
       9       87.138584
      10       83.174110
      11       73.801806
      12       88.360394
      13   888.43
 
       1       8.1154527
       2       6.2790965
       3       9.0725750
       4       8.5910940
       5       9.0913419
       6       8.2903419
       7       6.3000781
       8       7.0950816
       9       9.4556781
      10       10.655277
      11       9.4171772
      12       10.798010
      13   103.16
 
       1       8.3361389
       2       6.3323920
       3       9.7300607
       4       9.8104652
       5       11.589722
       6       16.292301
       7       14.148647
       8       13.590467
       9       13.294223
      10       12.878925
      11       9.9943935
      12       12.546712
      13   138.54
 
       1       8.0481103
       2       6.1969355
       3       12.167583
       4       13.236069
       5       15.971785
       6       18.150717
       7       16.559300
       8       22.343449
       9       24.471669
      10       27.187056
      11       14.060083
      12       11.590738
      13   189.98
 
       1       7.6846043
       2       7.3955777
       3       12.290717
       4       14.899243
       5       18.669418
       6       18.189745
       7       13.438248
       8       14.156079
       9       16.918515
      10       14.729001
      11       10.530088
      12       9.3593131
      13    13.19
 
       1 0.0
       2 0.0
       3 0.0
       4 0.0
       5 0.0
       6 0.0
       7 0.0
       8 0.0
       9 0.0
      10 0.0
      11 0.0
      12 0.0
      13 0.0
 
       1     0.082325344
       2     0.075221794
       3      0.12571936
       4      0.15267710
       5      0.19253081
       6      0.18460330
       7      0.13196971
       8      0.13888060
       9      0.16965825
      10      0.15267345
      11      0.10930599
      12     0.098649462
      13   0.1345
 
       1      0.87465512
       2      0.87188325
       3      0.87153458
       4      0.87250230
       5      0.87271623
       6      0.86931452
       7      0.87045032
       8      0.87281149
       9      0.87166583
      10      0.87413989
      11      0.87297943
      12      0.87276981
      13   0.8723
 
       1     0.010915764
       2     0.010318150
       3     0.017075946
       4     0.020704458
       5     0.026007289
       6     0.025184138
       7     0.018351643
       8     0.019333363
       9     0.023240502
      10     0.020541526
      11     0.014762530
      12     0.013152922
      13   0.0183
 
       1      0.63884609
       2      0.65328936
       3      0.67639458
       4      0.74626028
       5      0.78223065
       6      0.86078619
       7      0.76700430
       8      0.74299007
       9      0.78977244
      10      0.78895842
      11      0.76321408
      12      0.71233010
      13   0.7435
 
