       1       8.1938416
       2       11.303480
       3       16.635101
       4       24.425788
       5       32.717156
       6       45.597924
       7       43.490915
       8       26.357526
       9       20.122649
      10       10.323350
      11       7.5520671
      12       6.8510278
      13   253.57
 
       1       5.6049737
       2       8.0328996
       3       10.647488
       4       14.318750
       5       17.936621
       6       23.114007
       7       22.922913
       8       14.855374
       9       11.573888
      10       6.6766710
      11       5.3859078
      12       5.0333293
      13   146.10
 
       1      0.77420764
       2       1.2329164
       3       1.7570658
       4       2.5634914
       5       2.6657027
       6       2.9688117
       7       2.9511357
       8       1.9995155
       9       1.5038811
      10      0.93424967
      11      0.67921076
      12      0.62738587
      13    20.66
 
       1      0.75134944
       2       1.5312077
       3       2.6087375
       4       3.9977096
       5       4.2618755
       6       11.054432
       7       13.427234
       8       5.6324326
       9       3.3287960
      10      0.73054888
      11      0.81724630
      12      0.91233751
      13    49.05
 
       1      0.25647046
       2      0.85950874
       3       1.2748322
       4       3.2052439
       5       3.3459438
       6       5.9296771
       7       5.9026063
       8       3.9303065
       9       1.7135108
      10      0.32859529
      11      0.12940511
      12      0.39910472
      13    27.28
 
       1      0.72886382
       2       1.5508260
       3       2.6954300
       4       2.9364648
       5       3.4800070
       6       3.6226867
       7       3.5794086
       8       2.3434304
       9       1.7850074
      10      0.92900506
      11      0.77627323
      12      0.54215658
      13     2.08
 
       1 0.0
       2 0.0
       3 0.0
       4 0.0
       5 0.0
       6 0.0
       7 0.0
       8 0.0
       9 0.0
      10 0.0
      11 0.0
      12 0.0
      13 0.0
 
       1     0.019383898
       2     0.040805382
       3     0.070475497
       4     0.072814944
       5     0.086123944
       6     0.085676091
       7     0.082748774
       8     0.054400153
       9     0.042118575
      10     0.024064357
      11     0.021532301
      12     0.014658232
      13   0.0512
 
       1      0.92668657
       2      0.92424070
       3      0.92352155
       4      0.92297762
       5      0.92240338
       6      0.92165916
       7      0.92124024
       8      0.92088688
       9      0.92118927
      10      0.92466466
      11      0.92670055
      12      0.92487239
      13   0.9234
 
       1    0.0014974451
       2    0.0031695182
       3    0.0054661719
       4    0.0057948858
       5    0.0068570701
       6    0.0069412241
       7    0.0067870742
       8    0.0044793700
       9    0.0034535501
      10    0.0018831897
      11    0.0016310007
      12    0.0011298491
      13   0.0041
 
       1      0.84312687
       2      0.91984207
       3      0.96517010
       4      0.96595331
       5      0.97975135
       6      0.98261959
       7      0.97909837
       8      0.97726620
       9      0.98066702
      10      0.97472617
      11      0.95419849
      12      0.93123547
      13   0.9545
 
