       1       149.80562
       2       78.503049
       3       116.70039
       4       150.26050
       5       148.86136
       6       131.62653
       7       162.57387
       8       136.93831
       9       154.14032
      10       91.906618
      11       107.02142
      12       113.05939
      13  1541.40
 
       1       101.68425
       2       53.273559
       3       74.448403
       4       92.367422
       5       91.842110
       6       78.544025
       7       89.909740
       8       78.948266
       9       95.639963
      10       63.674947
      11       71.951342
      12       78.505376
      13   970.79
 
       1       12.944076
       2       6.9567647
       3       8.3324011
       4       8.9900110
       5       9.2925066
       6       7.3356540
       7       7.5777362
       8       7.8162984
       9       9.8687317
      10       8.4298885
      11       8.1760500
      12       9.8863355
      13   105.61
 
       1       14.762946
       2       7.1597259
       3       8.8313977
       4       10.600640
       5       13.246725
       6       12.725315
       7       19.126779
       8       16.791706
       9       12.085512
      10       9.5180580
      11       10.036370
      12       11.048897
      13   145.93
 
       1       10.913715
       2       8.4419056
       3       10.608936
       4       14.868844
       5       18.389763
       6       16.811566
       7       25.438124
       8       28.079402
       9       27.819314
      10       20.426907
      11       13.831124
      12       12.692191
      13   208.32
 
       1       10.480901
       2       7.5525781
       3       10.833499
       4       18.651371
       5       21.931112
       6       22.128116
       7       21.571445
       8       18.840152
       9       18.584613
      10       11.936321
      11       9.3058311
      12       8.4654839
      13    15.02
 
       1 0.0
       2 0.0
       3 0.0
       4 0.0
       5 0.0
       6 0.0
       7 0.0
       8 0.0
       9 0.0
      10 0.0
      11 0.0
      12 0.0
      13 0.0
 
       1      0.11230822
       2     0.078770196
       3      0.11066647
       4      0.19309921
       5      0.23147155
       6      0.22816836
       7      0.21869269
       8      0.19116980
       9      0.18995438
      10      0.12348294
      11     0.096393644
      12     0.089209263
      13   0.1553
 
       1      0.87220029
       2      0.87165762
       3      0.87218846
       4      0.87181951
       5      0.87325127
       6      0.87134780
       7      0.87256530
       8      0.87326262
       9      0.87257418
      10      0.87417924
      11      0.87275661
      12      0.87278639
      13   0.8725
 
       1     0.014797245
       2     0.010626664
       3     0.015059115
       4     0.025964817
       5     0.030807011
       6     0.030811325
       7     0.029693992
       8     0.025981406
       9     0.025719194
      10     0.016731328
      11     0.013046750
      12     0.011946390
      13   0.0209
 
       1      0.72501846
       2      0.66398115
       3      0.68262912
       4      0.77974677
       5      0.83278278
       6      0.85527531
       7      0.82769190
       8      0.82739718
       9      0.82808930
      10      0.75474341
      11      0.68506198
      12      0.67003954
      13   0.7610
 
