       1       122.25978
       2       145.45581
       3       115.28537
       4       113.74533
       5       137.46106
       6       109.99245
       7       117.87910
       8       103.53477
       9       120.89765
      10       113.03968
      11       89.348836
      12       147.45275
      13  1436.35
 
       1       78.069360
       2       99.649858
       3       74.099353
       4       71.129481
       5       83.415102
       6       68.681318
       7       66.328381
       8       61.326837
       9       74.048106
      10       74.136270
      11       60.776478
      12       98.636909
      13   910.30
 
       1       8.4498333
       2       14.620984
       3       8.6528374
       4       9.0623122
       5       9.0345400
       6       8.1198580
       7       6.5182757
       8       6.8851346
       9       8.5565975
      10       9.1747033
      11       7.2585095
      12       11.669336
      13   108.00
 
       1       8.3073376
       2       18.047987
       3       9.4505272
       4       11.725172
       5       11.151009
       6       12.655677
       7       15.125884
       8       14.295980
       9       12.093988
      10       11.554456
      11       6.9661045
      12       13.231970
      13   144.61
 
       1       8.4670205
       2       14.696881
       3       11.825133
       4       13.341436
       5       13.781559
       6       16.257732
       7       18.027563
       8       20.704282
       9       23.986546
      10       23.085332
      11       11.607240
      12       16.184079
      13   191.96
 
       1       8.1914044
       2       14.383253
       3       11.970805
       4       13.359611
       5       16.711161
       6       17.670330
       7       14.150653
       8       13.601868
       9       14.708179
      10       12.607491
      11       7.9313525
      12       9.9985217
      13    12.94
 
       1 0.0
       2 0.0
       3 0.0
       4 0.0
       5 0.0
       6 0.0
       7 0.0
       8 0.0
       9 0.0
      10 0.0
      11 0.0
      12 0.0
      13 0.0
 
       1     0.084876779
       2      0.15522159
       3      0.12351528
       4      0.13700287
       5      0.17107574
       6      0.17887501
       7      0.13960186
       8      0.13441411
       9      0.14619786
      10      0.12757294
      11     0.081392556
      12      0.10666701
      13   0.1322
 
       1      0.87094239
       2      0.87239891
       3      0.87238420
       4      0.87178621
       5      0.87138834
       6      0.86989931
       7      0.87109169
       8      0.87281397
       9      0.87142684
      10      0.87273296
      11      0.87371042
      12      0.87382919
      13   0.8720
 
       1     0.011462562
       2     0.020300522
       3     0.016685078
       4     0.018551549
       5     0.023189223
       6     0.024490337
       7     0.019329782
       8     0.018612808
       9     0.020183897
      10     0.017482036
      11     0.011084507
      12     0.014110700
      13   0.0180
 
       1      0.66703828
       2      0.77813308
       3      0.73678253
       4      0.78025492
       5      0.77924805
       6      0.82608211
       7      0.76932505
       8      0.78203451
       9      0.78045456
      10      0.73807144
      11      0.66926699
      12      0.68990478
      13   0.7497
 
