       1       71.236731
       2       62.009686
       3       60.413050
       4       41.363210
       5       28.098164
       6       19.089672
       7       18.118922
       8       11.713985
       9       12.335107
      10       29.631991
      11       52.371718
      12       70.645031
      13   477.03
 
       1       35.829160
       2       32.419201
       3       33.502498
       4       24.922295
       5       18.694334
       6       12.232717
       7       12.229127
       8       8.2006423
       9       8.2367411
      10       15.954795
      11       26.709050
      12       35.658922
      13   264.59
 
       1       6.4953795
       2       5.5679196
       3       5.0439508
       4       2.9325798
       5       1.6727345
       6       1.0981740
       7      0.92914447
       8      0.62068431
       9      0.82784625
      10       2.3474357
      11       4.4060867
      12       6.3375115
      13    38.28
 
       1       21.383461
       2       19.870252
       3       16.975224
       4       11.586413
       5       7.2773141
       6       6.4380667
       7       5.4237046
       8       3.2741888
       9       3.1547745
      10       8.9328053
      11       16.487089
      12       22.979120
      13   143.78
 
       1       3.8837529
       2       3.1683897
       3       2.9190324
       4       1.8137985
       5       1.4306724
       6       1.5024694
       7       1.4394389
       8      0.90373701
       9      0.75849288
      10       1.6994275
      11       2.9434199
      12       3.5115175
      13    25.97
 
       1      0.97249902
       2      0.95033937
       3      0.77602504
       4      0.50175244
       5      0.29973213
       6      0.22382666
       7      0.18015363
       8      0.11491412
       9      0.14656848
      10      0.37128067
      11      0.69650908
      12      0.91125393
      13     0.51
 
       1 0.0
       2 0.0
       3 0.0
       4 0.0
       5 0.0
       6 0.0
       7 0.0
       8 0.0
       9 0.0
      10 0.0
      11 0.0
      12 0.0
      13 0.0
 
       1     0.025097379
       2     0.024807145
       3     0.021124581
       4     0.013776028
       5    0.0086915180
       6    0.0061041360
       7    0.0052771525
       8    0.0035589531
       9    0.0044589798
      10    0.0096354882
      11     0.017616918
      12     0.023273747
      13   0.0136
 
       1       1.0000000
       2       1.0000000
       3       1.0000000
       4       1.0000000
       5       1.0000000
       6       1.0000000
       7       1.0000000
       8       1.0000000
       9       1.0000000
      10       1.0000000
      11       1.0000000
      12       1.0000000
      13   1.0000
 
       1       0.0000000
       2       0.0000000
       3       0.0000000
       4       0.0000000
       5       0.0000000
       6       0.0000000
       7       0.0000000
       8       0.0000000
       9       0.0000000
      10       0.0000000
      11       0.0000000
      12       0.0000000
      13   0.0000
 
       1      0.65168113
       2      0.66246409
       3      0.58173114
       4      0.47765112
       5      0.36415679
       6      0.32883980
       7      0.46271906
       8      0.51712712
       9      0.54018100
      10      0.54170119
      11      0.59093669
      12      0.68929987
      13   0.5340
 
