       1       457.81792
       2       428.42583
       3       517.37031
       4       477.30288
       5       514.45696
       6       519.06304
       7       531.85962
       8       520.87287
       9       454.79325
      10       456.78899
      11       429.61150
      12       455.10950
      13  5763.47
 
       1       273.04806
       2       261.06544
       3       313.05476
       4       293.38284
       5       312.26132
       6       316.43395
       7       323.41301
       8       315.54204
       9       282.14192
      10       282.48144
      11       262.34642
      12       275.86403
      13  3511.04
 
       1       35.878237
       2       32.804884
       3       39.395352
       4       36.048264
       5       37.905989
       6       38.647747
       7       39.926997
       8       39.690865
       9       34.473301
      10       34.437639
      11       32.133661
      12       34.483795
      13   435.83
 
       1       125.94697
       2       113.58692
       3       139.89182
       4       126.45979
       5       135.88295
       6       138.67758
       7       141.46835
       8       138.40229
       9       117.37727
      10       121.12544
      11       115.42272
      12       124.82510
      13  1539.07
 
       1       21.971056
       2       21.315626
       3       23.971158
       4       23.112452
       5       26.572034
       6       25.808605
       7       26.749571
       8       28.033631
       9       20.228846
      10       19.767453
      11       18.726847
      12       20.640032
      13   276.90
 
       1       5.6781000
       2       5.5932570
       3       6.1399459
       4       5.8143094
       5       5.9577574
       6       6.4540485
       7       6.5880479
       8       6.3376696
       9       5.8668734
      10       5.5531711
      11       5.3371158
      12       5.4790419
      13     5.90
 
       1 0.0
       2 0.0
       3 0.0
       4 0.0
       5 0.0
       6 0.0
       7 0.0
       8 0.0
       9 0.0
      10 0.0
      11 0.0
      12 0.0
      13 0.0
 
       1     0.023254363
       2     0.023196075
       3     0.025378423
       4     0.024138917
       5     0.024241865
       6     0.026430404
       7     0.026905060
       8     0.025832313
       9     0.024516932
      10     0.022869157
      11     0.021838431
      12     0.022685472
      13   0.0243
 
       1       1.0000000
       2       1.0000000
       3       1.0000000
       4       1.0000000
       5       1.0000000
       6       1.0000000
       7       1.0000000
       8       1.0000000
       9       1.0000000
      10       1.0000000
      11       1.0000000
      12       1.0000000
      13   1.0000
 
       1       0.0000000
       2       0.0000000
       3       0.0000000
       4       0.0000000
       5       0.0000000
       6       0.0000000
       7       0.0000000
       8       0.0000000
       9       0.0000000
      10       0.0000000
      11       0.0000000
      12       0.0000000
      13   0.0000
 
       1      0.68988304
       2      0.69898670
       3      0.67561423
       4      0.63617093
       5      0.61334079
       6      0.59817924
       7      0.63530078
       8      0.65649462
       9      0.66881358
      10      0.67750979
      11      0.67668237
      12      0.69132336
      13   0.6599
 
