       1       128.21704
       2       187.43259
       3       167.57319
       4       214.34810
       5       229.38380
       6       237.85831
       7       227.51940
       8       191.11546
       9       157.14832
      10       158.82086
      11       130.42439
      12       167.57394
      13  2197.42
 
       1       85.497807
       2       122.79370
       3       111.83837
       4       133.67631
       5       142.00155
       6       138.60175
       7       126.02874
       8       111.59118
       9       99.440856
      10       104.92924
      11       88.564806
      12       114.56089
      13  1379.53
 
       1       10.304413
       2       16.119569
       3       16.095936
       4       16.952172
       5       18.285643
       6       16.150430
       7       13.987790
       8       12.961749
       9       12.583772
      10       13.362550
      11       11.023897
      12       14.786036
      13   172.61
 
       1       15.963025
       2       20.441868
       3       24.536262
       4       28.234798
       5       33.391624
       6       50.153655
       7       45.593694
       8       33.459203
       9       22.094951
      10       15.800824
      11       14.809423
      12       21.322031
      13   325.80
 
       1       12.947842
       2       16.141704
       3       20.605124
       4       21.816915
       5       35.210228
       6       41.263049
       7       40.727315
       8       39.003509
       9       31.065728
      10       25.681699
      11       15.862944
      12       15.361673
      13   315.69
 
       1       11.528370
       2       18.169518
       3       20.714882
       4       30.914551
       5       35.181972
       6       34.126991
       7       27.901416
       8       24.046384
       9       21.144952
      10       17.884939
      11       12.917635
      12       13.665794
      13    22.35
 
       1 0.0
       2 0.0
       3 0.0
       4 0.0
       5 0.0
       6 0.0
       7 0.0
       8 0.0
       9 0.0
      10 0.0
      11 0.0
      12 0.0
      13 0.0
 
       1     0.013627283
       2     0.021507245
       3     0.024612092
       4     0.036563696
       5     0.041760885
       6     0.039436067
       7     0.031232507
       8     0.026851443
       9     0.024052440
      10     0.020781688
      11     0.015142994
      12     0.016203229
      13   0.0260
 
       1      0.93122712
       2      0.93105341
       3      0.93105378
       4      0.93100901
       5      0.93000228
       6      0.93027289
       7      0.93136965
       8      0.93243701
       9      0.93122713
      10      0.93126598
      11      0.93252492
      12      0.93212669
      13   0.9313
 
       1    0.0010518589
       2    0.0016524720
       3    0.0018878789
       4    0.0028101102
       5    0.0031967546
       6    0.0030573666
       7    0.0024650359
       8    0.0021274561
       9    0.0018876631
      10    0.0016151456
      11    0.0011745586
      12    0.0012449742
      13   0.0020
 
       1      0.27972290
       2      0.30265904
       3      0.32368498
       4      0.35807735
       5      0.39143415
       6      0.40078758
       7      0.35181158
       8      0.31878479
       9      0.31898236
      10      0.30913071
      11      0.27594862
      12      0.27106062
      13   0.3252
 
