       1       143.95247
       2       163.02883
       3       166.15650
       4       186.62476
       5       178.48901
       6       187.10196
       7       219.15514
       8       188.96081
       9       146.01748
      10       107.49152
      11       113.27620
      12       161.36656
      13  1961.62
 
       1       99.135922
       2       108.41403
       3       108.51704
       4       116.66255
       5       111.94731
       6       107.85878
       7       121.34370
       8       109.88081
       9       90.600945
      10       69.832127
      11       78.325610
      12       108.92926
      13  1231.45
 
       1       13.826258
       2       14.581094
       3       15.355837
       4       15.300059
       5       14.670060
       6       12.868963
       7       13.332703
       8       12.907529
       9       11.261668
      10       8.8483064
      11       10.594163
      12       14.184496
      13   157.73
 
       1       18.383091
       2       20.368191
       3       22.175350
       4       22.736809
       5       25.284604
       6       36.063554
       7       42.086796
       8       33.311261
       9       20.475652
      10       10.817371
      11       15.125231
      12       19.537014
      13   286.36
 
       1       13.375599
       2       15.925134
       3       18.791405
       4       25.688810
       5       27.821715
       6       31.181767
       7       40.200985
       8       37.990144
       9       28.494706
      10       16.681860
      11       16.559852
      12       14.980400
      13   287.69
 
       1       12.488200
       2       19.099021
       3       20.115232
       4       25.122434
       5       27.225068
       6       24.822806
       7       26.634849
       8       23.524739
       9       19.143500
      10       12.606394
      11       12.593251
      12       13.228706
      13    19.72
 
       1 0.0
       2 0.0
       3 0.0
       4 0.0
       5 0.0
       6 0.0
       7 0.0
       8 0.0
       9 0.0
      10 0.0
      11 0.0
      12 0.0
      13 0.0
 
       1     0.012028960
       2     0.018584269
       3     0.019046798
       4     0.023236560
       5     0.025157776
       6     0.022347978
       7     0.023816051
       8     0.021074544
       9     0.017220636
      10     0.011312489
      11     0.011791882
      12     0.012664501
      13   0.0182
 
       1      0.93940110
       2      0.93937140
       3      0.93855864
       4      0.93825819
       5      0.93729721
       6      0.93766769
       7      0.93875225
       8      0.93938218
       9      0.93806379
      10      0.93824146
      11      0.94079941
      12      0.93950391
      13   0.9388
 
       1   0.00083663014
       2    0.0012806520
       3    0.0013411893
       4    0.0016629266
       5    0.0018024215
       6    0.0016266623
       7    0.0017376835
       8    0.0015388268
       9    0.0012570464
      10   0.00083086332
      11   0.00083868453
      12   0.00088429044
      13   0.0013
 
       1      0.26377217
       2      0.28354364
       3      0.31250759
       4      0.31552733
       5      0.35654773
       6      0.35607883
       7      0.32755849
       8      0.30571556
       9      0.31435669
      10      0.28388894
      11      0.26095553
      12      0.27325373
      13   0.3045
 
