       1       11.976510
       2       13.040679
       3       19.450586
       4       22.318715
       5       35.882078
       6       47.574964
       7       33.767501
       8       23.371104
       9       17.267640
      10       7.2750920
      11       9.8877657
      12       6.4603999
      13   248.27
 
       1       8.8428017
       2       8.2082190
       3       12.440416
       4       14.331605
       5       19.792124
       6       24.265057
       7       19.638817
       8       13.126405
       9       9.9633052
      10       5.0233536
      11       6.7310197
      12       5.1535372
      13   147.52
 
       1       1.1629680
       2       1.0901803
       3       2.0261497
       4       2.7835439
       5       3.0129380
       6       3.1035659
       7       2.9185081
       8       1.8800065
       9       1.3386944
      10      0.78364712
      11      0.91400642
      12      0.69401958
      13    21.71
 
       1       1.0403844
       2       1.0165832
       3       3.7146576
       4       4.0113222
       5       5.6697636
       6       11.450671
       7       9.8806034
       8       5.6849246
       9       2.5029390
      10      0.78083421
      11      0.63182910
      12       1.2573058
      13    47.64
 
       1      0.13007799
       2      0.35252267
       3       1.6349184
       4       3.4546821
       5       4.6054530
       6       6.5042591
       7       5.5886506
       8       3.5350046
       9       1.4235134
      10      0.31932438
      11      0.13372862
      12      0.21164689
      13    27.89
 
       1      0.91992502
       2       1.2172672
       3       2.7998692
       4       3.8643485
       5       4.1881991
       6       3.8074780
       7       3.3497381
       8       1.9577429
       9       1.4501719
      10      0.90162122
      11      0.78358896
      12      0.61788647
      13     2.15
 
       1 0.0
       2 0.0
       3 0.0
       4 0.0
       5 0.0
       6 0.0
       7 0.0
       8 0.0
       9 0.0
      10 0.0
      11 0.0
      12 0.0
      13 0.0
 
       1     0.026569943
       2     0.032144811
       3     0.074616518
       4      0.10471474
       5      0.11183419
       6     0.092703477
       7     0.080545800
       8     0.046005740
       9     0.035687008
      10     0.023742570
      11     0.021743451
      12     0.017312666
      13   0.0556
 
       1      0.85624049
       2      0.85031309
       3      0.84860469
       4      0.85063391
       5      0.85130283
       6      0.84596415
       7      0.84474956
       8      0.84347674
       9      0.84489864
      10      0.84878156
      11      0.85326719
      12      0.85148880
      13   0.8491
 
       1    0.0039293835
       2    0.0049860144
       3     0.011511496
       4     0.015954040
       5     0.017110871
       6     0.014736206
       7     0.012934377
       8    0.0075120435
       9    0.0057130631
      10    0.0037307409
      11    0.0033105366
      12    0.0026401361
      13   0.0087
 
       1      0.93978318
       2      0.91427045
       3      0.93484637
       4      0.97901784
       5      0.98157463
       6      0.98674946
       7      0.96831893
       8      0.95749820
       9      0.97906492
      10      0.95919317
      11      0.92112551
      12      0.91011868
      13   0.9526
 
