       1       172.88086
       2       114.74633
       3       203.06687
       4       191.89549
       5       203.68468
       6       212.19249
       7       203.26708
       8       189.89779
       9       156.64787
      10       116.94426
      11       104.60870
      12       155.18992
      13  2025.02
 
       1       116.07067
       2       78.972243
       3       127.42310
       4       120.27360
       5       124.90173
       6       124.19050
       7       113.15466
       8       109.09671
       9       98.361664
      10       76.182519
      11       69.932012
      12       104.00007
      13  1262.56
 
       1       15.984916
       2       11.704087
       3       15.727867
       4       17.526630
       5       16.197606
       6       15.371930
       7       12.967904
       8       12.826872
       9       12.807095
      10       10.483611
      11       9.3306328
      12       13.215038
      13   164.14
 
       1       20.966991
       2       15.724776
       3       25.908126
       4       28.525611
       5       29.308942
       6       44.800378
       7       42.751469
       8       33.009937
       9       20.368431
      10       15.160134
      11       13.538370
      12       18.973933
      13   309.04
 
       1       19.394231
       2       12.670115
       3       18.600175
       4       26.449046
       5       29.309542
       6       35.764478
       7       34.504731
       8       36.844909
       9       30.336906
      10       19.737040
      11       14.111940
      12       17.286460
      13   295.01
 
       1       14.143963
       2       13.215244
       3       23.880189
       4       29.932918
       5       29.240626
       6       29.384034
       7       24.091988
       8       22.702827
       9       20.701452
      10       13.823758
      11       11.081241
      12       12.460393
      13    20.39
 
       1 0.0
       2 0.0
       3 0.0
       4 0.0
       5 0.0
       6 0.0
       7 0.0
       8 0.0
       9 0.0
      10 0.0
      11 0.0
      12 0.0
      13 0.0
 
       1     0.013851311
       2     0.012738548
       3     0.022867956
       4     0.029049901
       5     0.027543773
       6     0.027285705
       7     0.021714897
       8     0.020501418
       9     0.019039834
      10     0.012784676
      11     0.010477125
      12     0.011940801
      13   0.0191
 
       1      0.88477298
       2      0.88128489
       3      0.88111545
       4      0.88289282
       5      0.87961167
       6      0.87996134
       7      0.88207122
       8      0.88508246
       9      0.88187334
      10      0.88339187
      11      0.88353604
      12      0.88438968
      13   0.8825
 
       1    0.0018171442
       2    0.0016966022
       3    0.0030466731
       4    0.0038333928
       5    0.0036992135
       6    0.0036895991
       7    0.0029846888
       8    0.0028193983
       9    0.0025951956
      10    0.0017456277
      11    0.0014135141
      12    0.0015904651
      13   0.0026
 
       1      0.26266450
       2      0.28303604
       3      0.31382731
       4      0.35955062
       5      0.35814156
       6      0.37390598
       7      0.31547416
       8      0.29943316
       9      0.30956668
      10      0.29428466
      11      0.27322252
      12      0.27521188
      13   0.3099
 
