       1       10.693445
       2       11.975233
       3       12.676074
       4       23.719666
       5       40.845294
       6       41.857324
       7       45.058418
       8       30.665342
       9       19.153830
      10       9.7309442
      11       9.7053020
      12       7.8507144
      13   263.93
 
       1       7.4952732
       2       7.9203004
       3       8.9823703
       4       16.118615
       5       22.010809
       6       21.434616
       7       22.538232
       8       17.326963
       9       10.915049
      10       6.3358885
      11       6.4709840
      12       6.3782273
      13   153.93
 
       1      0.92931306
       2       1.0996284
       3       1.6640304
       4       3.5018902
       5       3.2881966
       6       2.6402430
       7       2.7304154
       8       2.3462841
       9       1.3743517
      10      0.88680088
      11      0.81772083
      12      0.82773322
      13    22.11
 
       1      0.78519166
       2       1.0883610
       3       2.3410433
       4       6.3507393
       5       6.4383697
       6       10.617624
       7       14.810714
       8       8.3242275
       9       3.4881257
      10       1.0856536
      11      0.51531641
      12       1.3348211
      13    57.18
 
       1      0.18950588
       2      0.41702430
       3       1.7576119
       4       4.1672979
       5       5.1270656
       6       5.5698734
       7       5.2310752
       8       3.5492399
       9       2.1060006
      10      0.47502898
      11      0.11938176
      12      0.23434938
      13    28.94
 
       1      0.76120993
       2       1.1739433
       3       2.3046714
       4       5.2761813
       5       4.1865941
       6       3.7280214
       7       3.5721946
       8       2.7665489
       9       1.6292935
      10       1.0498999
      11      0.67616564
      12      0.78659220
      13     2.33
 
       1 0.0
       2 0.0
       3 0.0
       4 0.0
       5 0.0
       6 0.0
       7 0.0
       8 0.0
       9 0.0
      10 0.0
      11 0.0
      12 0.0
      13 0.0
 
       1     0.016344056
       2     0.023970533
       3     0.047854091
       4      0.11045644
       5     0.084411313
       6     0.071547641
       7     0.066419201
       8     0.052009209
       9     0.031010846
      10     0.021216730
      11     0.014707283
      12     0.017395784
      13   0.0464
 
       1      0.93319486
       2      0.93113646
       3      0.93010378
       4      0.93010991
       5      0.93058837
       6      0.92792594
       7      0.92776264
       8      0.92810704
       9      0.92700945
      10      0.93027481
      11      0.93413683
      12      0.93443624
      13   0.9304
 
       1    0.0011457554
       2    0.0017367891
       3    0.0034234945
       4    0.0078380163
       5    0.0061095337
       6    0.0053437785
       7    0.0050690395
       8    0.0039581683
       9    0.0023495328
      10    0.0015535196
      11    0.0010224209
      12    0.0011953158
      13   0.0034
 
       1      0.88900953
       2      0.83326184
       3      0.94541142
       4      0.98078912
       5      0.98406782
       6      0.98141110
       7      0.97513442
       8      0.96325291
       9      0.97787113
      10      0.94594183
      11      0.91671227
      12      0.91477045
      13   0.9423
 
