       1       487.33044
       2       450.41516
       3       488.72328
       4       434.18361
       5       510.13270
       6       508.67188
       7       565.24115
       8       555.19317
       9       472.95675
      10       464.63942
      11       432.43205
      12       472.87645
      13  5842.80
 
       1       291.93339
       2       273.98272
       3       299.81680
       4       268.89890
       5       312.94354
       6       307.97590
       7       343.38508
       8       342.21948
       9       294.26238
      10       288.77027
      11       269.74689
      12       285.21558
      13  3579.15
 
       1       36.968107
       2       34.530415
       3       37.355509
       4       32.663875
       5       38.050362
       6       38.313301
       7       42.773618
       8       42.385597
       9       36.424131
      10       35.004762
      11       32.289049
      12       35.940047
      13   442.70
 
       1       136.08340
       2       122.54683
       3       129.79843
       4       112.52785
       5       132.95381
       6       135.93865
       7       151.66391
       8       145.05652
       9       122.26727
      10       120.16989
      11       112.13705
      12       129.43889
      13  1550.58
 
       1       21.171376
       2       20.250955
       3       22.042148
       4       20.341950
       5       25.380505
       6       25.873355
       7       26.456704
       8       26.343948
       9       20.513766
      10       20.505022
      11       18.836737
      12       21.986297
      13   269.70
 
       1       5.7539373
       2       6.0332809
       3       5.9112464
       4       5.3589106
       5       6.0489716
       6       6.4863568
       7       7.0390349
       8       6.9155795
       9       6.0745282
      10       5.5681338
      11       5.3045319
      12       5.6928601
      13     6.02
 
       1 0.0
       2 0.0
       3 0.0
       4 0.0
       5 0.0
       6 0.0
       7 0.0
       8 0.0
       9 0.0
      10 0.0
      11 0.0
      12 0.0
      13 0.0
 
       1     0.023709683
       2     0.025000548
       3     0.024646173
       4     0.022288861
       5     0.024784785
       6     0.026151959
       7     0.028908412
       8     0.028784320
       9     0.025345236
      10     0.023354852
      11     0.022288100
      12     0.023376847
      13   0.0249
 
       1       1.0000000
       2       1.0000000
       3       1.0000000
       4       1.0000000
       5       1.0000000
       6       1.0000000
       7       1.0000000
       8       1.0000000
       9       1.0000000
      10       1.0000000
      11       1.0000000
      12       1.0000000
      13   1.0000
 
       1       0.0000000
       2       0.0000000
       3       0.0000000
       4       0.0000000
       5       0.0000000
       6       0.0000000
       7       0.0000000
       8       0.0000000
       9       0.0000000
      10       0.0000000
      11       0.0000000
      12       0.0000000
      13   0.0000
 
       1      0.73492670
       2      0.70338414
       3      0.65934244
       4      0.63092188
       5      0.58859778
       6      0.58303266
       7      0.63728937
       8      0.66376549
       9      0.66398978
      10      0.68134289
      11      0.69525805
      12      0.70775397
      13   0.6625
 
