       1       466.09582
       2       451.72500
       3       511.64535
       4       485.69482
       5       512.41212
       6       497.23678
       7       540.45576
       8       502.08147
       9       488.71060
      10       466.76568
      11       444.45228
      12       459.63107
      13  5826.91
 
       1       279.29224
       2       271.01819
       3       311.28610
       4       301.08612
       5       316.26895
       6       300.59004
       7       325.87477
       8       309.65186
       9       303.51938
      10       291.04677
      11       272.10671
      12       279.80566
      13  3561.55
 
       1       35.852203
       2       34.968558
       3       39.241801
       4       36.767721
       5       38.121960
       6       37.135535
       7       40.923623
       8       38.622243
       9       37.336235
      10       34.589696
      11       33.763144
      12       34.700856
      13   442.02
 
       1       129.80112
       2       124.39511
       3       136.33748
       4       125.79824
       5       133.96086
       6       135.34735
       7       146.64805
       8       129.64151
       9       126.75101
      10       120.90086
      11       118.59555
      12       123.70135
      13  1551.88
 
       1       21.567944
       2       20.981559
       3       23.303837
       4       22.494252
       5       24.520553
       6       23.588803
       7       27.830883
       8       23.030171
       9       22.126584
      10       19.653863
      11       20.280978
      12       22.195901
      13   271.58
 
       1       5.7114696
       2       6.1688679
       3       6.1220224
       4       5.8720128
       5       6.0627853
       6       6.2782003
       7       6.6811139
       8       6.2214350
       9       6.2087942
      10       5.4619068
      11       5.5286928
      12       5.5156052
      13     5.99
 
       1 0.0
       2 0.0
       3 0.0
       4 0.0
       5 0.0
       6 0.0
       7 0.0
       8 0.0
       9 0.0
      10 0.0
      11 0.0
      12 0.0
      13 0.0
 
       1     0.023392238
       2     0.025632047
       3     0.025155073
       4     0.024581158
       5     0.025237825
       6     0.025413040
       7     0.026994207
       8     0.025844193
       9     0.025855605
      10     0.022893693
      11     0.022825796
      12     0.022775374
      13   0.0247
 
       1       1.0000000
       2       1.0000000
       3       1.0000000
       4       1.0000000
       5       1.0000000
       6       1.0000000
       7       1.0000000
       8       1.0000000
       9       1.0000000
      10       1.0000000
      11       1.0000000
      12       1.0000000
      13   1.0000
 
       1       0.0000000
       2       0.0000000
       3       0.0000000
       4       0.0000000
       5       0.0000000
       6       0.0000000
       7       0.0000000
       8       0.0000000
       9       0.0000000
      10       0.0000000
      11       0.0000000
      12       0.0000000
      13   0.0000
 
       1      0.73269045
       2      0.71215409
       3      0.67973616
       4      0.64640164
       5      0.64775666
       6      0.61810140
       7      0.64787075
       8      0.66819859
       9      0.67634144
      10      0.69165028
      11      0.70322328
      12      0.70047067
      13   0.6770
 
