       1       193.07321
       2       171.64190
       3       207.06648
       4       201.57577
       5       240.04429
       6       276.38454
       7       245.31426
       8       195.36519
       9       159.60050
      10       130.61254
      11       111.36211
      12       173.83211
      13  2305.87
 
       1       132.24006
       2       113.88782
       3       134.84623
       4       124.67846
       5       147.02162
       6       158.60474
       7       138.32246
       8       113.87953
       9       97.904377
      10       88.161643
      11       75.117570
      12       115.60335
      13  1440.27
 
       1       18.704980
       2       15.470092
       3       18.506997
       4       15.367676
       5       17.874339
       6       16.987688
       7       15.920408
       8       13.495443
       9       11.569871
      10       11.775269
      11       9.3780408
      12       15.113560
      13   180.16
 
       1       25.703560
       2       19.136489
       3       28.068907
       4       25.433565
       5       33.621357
       6       51.603836
       7       51.496283
       8       33.487628
       9       20.292120
      10       15.710585
      11       14.257700
      12       23.170648
      13   341.98
 
       1       21.344381
       2       15.879881
       3       24.648793
       4       21.696138
       5       35.980784
       6       47.726908
       7       51.391465
       8       42.601990
       9       31.240191
      10       22.070087
      11       15.502711
      12       17.675242
      13   347.76
 
       1       15.511702
       2       17.956783
       3       23.928543
       4       28.281064
       5       38.092521
       6       43.218296
       7       33.756560
       8       25.873643
       9       20.349929
      10       17.464384
      11       11.647958
      12       13.726046
      13    24.15
 
       1 0.0
       2 0.0
       3 0.0
       4 0.0
       5 0.0
       6 0.0
       7 0.0
       8 0.0
       9 0.0
      10 0.0
      11 0.0
      12 0.0
      13 0.0
 
       1     0.015275831
       2     0.017647913
       3     0.023366504
       4     0.027007154
       5     0.036980216
       6     0.041649721
       7     0.031773776
       8     0.023862692
       9     0.018632641
      10     0.016509294
      11     0.010996020
      12     0.013331961
      13   0.0231
 
       1      0.88377257
       2      0.88302238
       3      0.88257310
       4      0.88252037
       5      0.88281126
       6      0.88335715
       7      0.88361605
       8      0.88382561
       9      0.88074075
      10      0.88224390
      11      0.88487623
      12      0.88363660
      13   0.8831
 
       1    0.0019949441
       2    0.0023125476
       3    0.0030687181
       4    0.0035993915
       5    0.0048745890
       6    0.0054940591
       7    0.0042450080
       8    0.0032400907
       9    0.0025491727
      10    0.0022234157
      11    0.0014835043
      12    0.0017591899
      13   0.0031
 
       1      0.27859989
       2      0.28588890
       3      0.32126747
       4      0.35222217
       5      0.37930054
       6      0.38480656
       7      0.35467393
       8      0.32154486
       9      0.31437529
      10      0.30239396
      11      0.27675518
      12      0.27758415
      13   0.3208
 
