       1       103.47520
       2       163.12822
       3       154.29985
       4       164.11667
       5       161.80820
       6       123.93256
       7       144.83806
       8       139.73387
       9       117.76080
      10       71.094708
      11       88.645284
      12       182.57703
      13  1615.41
 
       1       70.585840
       2       105.72711
       3       103.18257
       4       102.45041
       5       98.123107
       6       73.841465
       7       80.676975
       8       79.724632
       9       74.279365
      10       47.860569
      11       60.930510
      12       121.47013
      13  1018.85
 
       1       8.9657119
       2       12.418759
       3       12.784619
       4       11.027781
       5       9.0490688
       6       6.9626079
       7       6.9017290
       8       7.0309800
       9       7.5220617
      10       5.9462745
      11       6.7574845
      12       14.918704
      13   110.29
 
       1       10.316529
       2       13.887410
       3       14.864403
       4       13.160186
       5       12.463901
       6       13.054598
       7       16.883132
       8       14.789039
       9       11.833568
      10       6.2213215
      11       6.6563267
      12       21.267323
      13   155.40
 
       1       7.9334749
       2       11.859304
       3       14.545542
       4       14.449487
       5       17.825197
       6       17.052166
       7       23.608348
       8       23.636042
       9       25.090365
      10       14.988904
      11       10.701947
      12       17.268317
      13   198.96
 
       1       7.1093302
       2       14.088829
       3       19.169316
       4       21.002467
       5       22.414879
       6       20.240648
       7       19.142078
       8       17.742832
       9       16.195236
      10       8.7008455
      11       8.5428809
      12       11.693085
      13    15.50
 
       1 0.0
       2 0.0
       3 0.0
       4 0.0
       5 0.0
       6 0.0
       7 0.0
       8 0.0
       9 0.0
      10 0.0
      11 0.0
      12 0.0
      13 0.0
 
       1     0.095693379
       2      0.18956458
       3      0.26245847
       4      0.28214838
       5      0.29744785
       6      0.26787198
       7      0.24242859
       8      0.22526006
       9      0.20942124
      10      0.11082696
      11      0.11242478
      12      0.15769623
      13   0.2044
 
       1      0.88203909
       2      0.88172757
       3      0.88277172
       4      0.88349675
       5      0.88217216
       6      0.88172907
       7      0.88141827
       8      0.88107012
       9      0.88121162
      10      0.88083903
      11      0.88279286
      12      0.88099736
      13   0.8819
 
       1     0.011743855
       2     0.023137389
       3     0.031853553
       4     0.034465770
       5     0.036623106
       6     0.033074656
       7     0.030514276
       8     0.028319098
       9     0.026140490
      10     0.014054483
      11     0.014014541
      12     0.019235732
      13   0.0253
 
       1      0.69804903
       2      0.74600414
       3      0.83229236
       4      0.82623834
       5      0.84005188
       6      0.87272856
       7      0.83850307
       8      0.83245694
       9      0.82980949
      10      0.71533400
      11      0.66979886
      12      0.69889356
      13   0.7833
 
