       1       166.66847
       2       145.01826
       3       233.08839
       4       181.74227
       5       215.55443
       6       215.69240
       7       236.54798
       8       189.51508
       9       159.71846
      10       119.95790
      11       124.99883
      12       179.47534
      13  2167.98
 
       1       114.61270
       2       97.168620
       3       149.69135
       4       114.55734
       5       131.60851
       6       126.98328
       7       131.15970
       8       110.94948
       9       98.942879
      10       82.870911
      11       83.760480
      12       122.13236
      13  1364.44
 
       1       15.732302
       2       12.615165
       3       18.269057
       4       15.101204
       5       15.713489
       6       14.376849
       7       14.550637
       8       12.885605
       9       11.125151
      10       11.394711
      11       10.268511
      12       15.436074
      13   167.47
 
       1       21.325194
       2       15.388252
       3       28.497334
       4       27.352593
       5       30.342875
       6       42.315600
       7       48.805159
       8       34.119942
       9       19.615924
      10       13.227717
      11       16.236344
      12       21.690020
      13   318.92
 
       1       16.548670
       2       14.519703
       3       22.194828
       4       22.519864
       5       30.957649
       6       39.712705
       7       44.871248
       8       41.623012
       9       28.432086
      10       21.821381
      11       15.606470
      12       19.222629
      13   318.03
 
       1       13.648877
       2       15.073354
       3       27.851971
       4       29.009260
       5       32.886134
       6       34.722408
       7       30.101463
       8       25.441119
       9       21.457117
      10       17.175842
      11       12.516159
      12       14.686407
      13    22.88
 
       1 0.0
       2 0.0
       3 0.0
       4 0.0
       5 0.0
       6 0.0
       7 0.0
       8 0.0
       9 0.0
      10 0.0
      11 0.0
      12 0.0
      13 0.0
 
       1     0.016689935
       2     0.018356577
       3     0.034171993
       4     0.035596110
       5     0.039544260
       6     0.041963801
       7     0.035113702
       8     0.029571955
       9     0.025077268
      10     0.020902035
      11     0.015018564
      12     0.017948500
      13   0.0275
 
       1      0.86206870
       2      0.86139919
       3      0.86074368
       4      0.86226698
       5      0.86047612
       6      0.85940621
       7      0.86372523
       8      0.86480689
       9      0.86320436
      10      0.86533706
      11      0.86442012
      12      0.86388021
      13   0.8626
 
       1    0.0025350735
       2    0.0028029951
       3    0.0051775415
       4    0.0054015851
       5    0.0060566931
       6    0.0063912646
       7    0.0054353368
       8    0.0045983560
       9    0.0038996519
      10    0.0031902968
      11    0.0023131262
      12    0.0027235986
      13   0.0042
 
       1      0.28669265
       2      0.28424098
       3      0.35460313
       4      0.38184614
       5      0.40620515
       6      0.41506522
       7      0.38017352
       8      0.34799216
       9      0.33347934
      10      0.32147771
      11      0.30033505
      12      0.29511017
      13   0.3423
 
