       1       208.18216
       2       163.03110
       3       155.26472
       4       175.53641
       5       207.28134
       6       222.80784
       7       242.48249
       8       201.74560
       9       124.21019
      10       111.46181
      11       124.68814
      12       100.13650
      13  2036.83
 
       1       142.04542
       2       109.90457
       3       102.24181
       4       110.90480
       5       128.45015
       6       129.20502
       7       134.84639
       8       117.14526
       9       79.700752
      10       73.649668
      11       84.654351
      12       68.685046
      13  1281.43
 
       1       19.118742
       2       14.890292
       3       14.229458
       4       13.402059
       5       15.756478
       6       14.367851
       7       14.696077
       8       13.100278
       9       10.418315
      10       9.6360950
      11       10.242252
      12       8.9501439
      13   158.81
 
       1       25.591899
       2       17.782933
       3       22.143830
       4       20.327881
       5       28.490925
       6       42.488220
       7       50.894188
       8       33.302829
       9       18.517493
      10       13.115089
      11       18.030581
      12       12.941852
      13   303.63
 
       1       20.849136
       2       15.296065
       3       19.647468
       4       16.205699
       5       32.127073
       6       39.044254
       7       47.859059
       8       41.309721
       9       26.964675
      10       16.888184
      11       13.799002
      12       10.042907
      13   300.03
 
       1       16.327516
       2       15.441394
       3       18.615336
       4       25.482492
       5       33.148818
       6       34.572704
       7       31.921614
       8       26.372017
       9       17.656035
      10       13.325076
      11       13.254960
      12       8.9839277
      13    21.26
 
       1 0.0
       2 0.0
       3 0.0
       4 0.0
       5 0.0
       6 0.0
       7 0.0
       8 0.0
       9 0.0
      10 0.0
      11 0.0
      12 0.0
      13 0.0
 
       1     0.016264086
       2     0.014904130
       3     0.018118796
       4     0.024242752
       5     0.032204163
       6     0.033347864
       7     0.029901290
       8     0.024566662
       9     0.016443090
      10     0.012437723
      11     0.012760692
      12    0.0086213716
      13   0.0203
 
       1      0.84469473
       2      0.84437581
       3      0.84330388
       4      0.84204331
       5      0.84174872
       6      0.83996363
       7      0.84253831
       8      0.84583904
       9      0.84405659
      10      0.84293516
      11      0.84484129
      12      0.84672517
      13   0.8436
 
       1    0.0027919934
       2    0.0026139993
       3    0.0031658261
       4    0.0042965023
       5    0.0056227650
       6    0.0058233981
       7    0.0052931758
       8    0.0043703123
       9    0.0029451436
      10    0.0022350700
      11    0.0022487258
      12    0.0015273602
      13   0.0036
 
       1      0.27146575
       2      0.25839328
       3      0.29885415
       4      0.32998862
       5      0.36367724
       6      0.38983910
       7      0.35937617
       8      0.33792068
       9      0.31091633
      10      0.29336944
      11      0.29001447
      12      0.26185626
      13   0.3138
 
