       1       102.46069
       2       158.38105
       3       123.74040
       4       149.08477
       5       124.56863
       6       109.97747
       7       117.23867
       8       100.63769
       9       95.790113
      10       85.713745
      11       75.607985
      12       142.03551
      13  1385.24
 
       1       71.040686
       2       103.73439
       3       81.476728
       4       89.531970
       5       78.553521
       6       66.679318
       7       66.217304
       8       59.897516
       9       61.511745
      10       56.482861
      11       52.960512
      12       96.823064
      13   884.91
 
       1       9.2338599
       2       12.809699
       3       10.593990
       4       8.5177962
       5       8.6371210
       6       7.1481972
       7       6.2090135
       8       6.3845615
       9       7.3749123
      10       6.6546022
      11       6.6432153
      12       11.863624
      13   102.07
 
       1       9.7149695
       2       12.529202
       3       12.986213
       4       9.1343554
       5       12.192012
       6       11.618392
       7       14.468297
       8       12.474030
       9       10.085594
      10       6.2083003
      11       5.8365159
      12       15.420740
      13   132.67
 
       1       8.2388168
       2       11.191892
       3       13.198445
       4       12.233325
       5       14.734371
       6       14.367654
       7       19.288515
       8       18.906621
       9       18.043676
      10       14.021390
      11       11.342233
      12       14.382911
      13   169.95
 
       1       7.7154696
       2       13.824408
       3       12.997703
       4       14.979866
       5       18.164323
       6       15.450289
       7       14.194494
       8       13.537893
       9       13.123873
      10       9.4113293
      11       7.7019448
      12       10.075100
      13    12.60
 
       1 0.0
       2 0.0
       3 0.0
       4 0.0
       5 0.0
       6 0.0
       7 0.0
       8 0.0
       9 0.0
      10 0.0
      11 0.0
      12 0.0
      13 0.0
 
       1     0.080169096
       2      0.14442710
       3      0.13469904
       4      0.14915993
       5      0.18349721
       6      0.15303876
       7      0.13820488
       8      0.13193818
       9      0.12915921
      10     0.092564704
      11     0.078049941
      12      0.10526865
      13   0.1267
 
       1      0.93219601
       2      0.93218271
       3      0.93225762
       4      0.93361674
       5      0.93284799
       6      0.93215507
       7      0.93236907
       8      0.93247047
       9      0.93199613
      10      0.93269148
      11      0.93382504
      12      0.93280129
      13   0.9326
 
       1    0.0056769374
       2     0.010131647
       3    0.0095264463
       4     0.010844567
       5     0.013237641
       6     0.011199348
       7     0.010204906
       8    0.0097555245
       9    0.0094968792
      10    0.0068304957
      11    0.0056514233
      12    0.0074022211
      13   0.0092
 
       1      0.66483372
       2      0.73211653
       3      0.78183025
       4      0.67249844
       5      0.77556755
       6      0.76617600
       7      0.78503317
       8      0.75505431
       9      0.78790775
      10      0.69222493
      11      0.68044736
      12      0.66340766
      13   0.7298
 
