       1       197.29585
       2       182.59414
       3       212.90667
       4       181.05121
       5       224.42181
       6       239.82927
       7       249.77884
       8       203.82603
       9       185.99275
      10       116.48828
      11       110.98200
      12       112.43795
      13  2217.60
 
       1       132.09768
       2       121.77381
       3       135.80031
       4       118.30100
       5       135.86931
       6       140.71621
       7       139.85340
       8       116.48349
       9       116.51764
      10       76.227892
      11       76.877962
      12       77.096481
      13  1387.62
 
       1       17.967695
       2       16.718419
       3       16.931501
       4       16.702090
       5       15.349550
       6       15.760188
       7       15.480213
       8       13.318297
       9       14.173438
      10       10.161365
      11       9.9886440
      12       9.8898315
      13   172.44
 
       1       23.822024
       2       21.084483
       3       25.783267
       4       26.432973
       5       25.404400
       6       48.316591
       7       52.582211
       8       36.996510
       9       23.000042
      10       14.019312
      11       14.720452
      12       13.202568
      13   325.36
 
       1       20.903684
       2       19.152099
       3       18.681709
       4       27.813000
       5       29.262209
       6       45.348876
       7       49.634433
       8       41.670395
       9       40.748787
      10       18.496154
      11       13.585209
      12       12.175614
      13   337.47
 
       1       15.260079
       2       17.752753
       3       24.580080
       4       29.385921
       5       32.890278
       6       40.351784
       7       32.983410
       8       24.906298
       9       24.690710
      10       13.553766
      11       11.718396
      12       9.8759853
      13    23.16
 
       1 0.0
       2 0.0
       3 0.0
       4 0.0
       5 0.0
       6 0.0
       7 0.0
       8 0.0
       9 0.0
      10 0.0
      11 0.0
      12 0.0
      13 0.0
 
       1     0.019229469
       2     0.022316999
       3     0.030613553
       4     0.036744375
       5     0.039975772
       6     0.049551694
       7     0.039325497
       8     0.029272658
       9     0.029749676
      10     0.016201462
      11     0.014272528
      12     0.012106228
      13   0.0283
 
       1      0.89875578
       2      0.89688093
       3      0.89715132
       4      0.89709713
       5      0.89565823
       6      0.89606931
       7      0.89748392
       8      0.89952581
       9      0.89686520
      10      0.89685697
      11      0.89848598
      12      0.89785598
      13   0.8974
 
       1    0.0021875916
       2    0.0025434243
       3    0.0035108010
       4    0.0042039403
       5    0.0046521102
       6    0.0057064150
       7    0.0045955404
       8    0.0034608085
       9    0.0034657397
      10    0.0019111891
      11    0.0016655116
      12    0.0014089744
      13   0.0033
 
       1      0.28300073
       2      0.30279506
       3      0.33534361
       4      0.36950849
       5      0.37557198
       6      0.41444794
       7      0.38445422
       8      0.33995367
       9      0.34946421
      10      0.31200324
      11      0.30090248
      12      0.28322788
      13   0.3376
 
