       1       513.65121
       2       433.75448
       3       476.73180
       4       477.98855
       5       507.55610
       6       517.27792
       7       542.21597
       8       553.54332
       9       475.50537
      10       484.82559
      11       432.70529
      12       441.91727
      13  5857.67
 
       1       305.88461
       2       260.96729
       3       292.82134
       4       293.85546
       5       308.99660
       6       311.39205
       7       328.43510
       8       336.94481
       9       295.76923
      10       301.97676
      11       265.15726
      12       271.20667
      13  3573.41
 
       1       39.464219
       2       33.606542
       3       36.378238
       4       35.743350
       5       38.018401
       6       38.546993
       7       40.729381
       8       41.912388
       9       36.300602
      10       36.063496
      11       32.817325
      12       33.379591
      13   442.96
 
       1       143.77122
       2       118.42568
       3       126.32613
       4       125.10935
       5       133.69388
       6       141.72185
       7       144.89677
       8       147.51600
       9       123.16273
      10       126.89037
      11       115.49516
      12       118.90973
      13  1565.92
 
       1       24.401586
       2       20.132692
       3       21.800208
       4       23.217076
       5       25.505364
       6       26.442314
       7       27.520509
       8       26.384073
       9       21.376206
      10       21.085331
      11       19.058065
      12       18.547573
      13   275.47
 
       1       6.2515500
       2       5.8644192
       3       5.7888847
       4       5.7334644
       5       5.9213294
       6       6.4066795
       7       6.5718618
       8       6.7878417
       9       6.0991166
      10       5.6849518
      11       5.3406812
      12       5.2840626
      13     5.98
 
       1 0.0
       2 0.0
       3 0.0
       4 0.0
       5 0.0
       6 0.0
       7 0.0
       8 0.0
       9 0.0
      10 0.0
      11 0.0
      12 0.0
      13 0.0
 
       1     0.025675859
       2     0.024095492
       3     0.024037055
       4     0.023724254
       5     0.024281886
       6     0.026025950
       7     0.026804919
       8     0.027772865
       9     0.025639626
      10     0.023912272
      11     0.022023611
      12     0.021911487
      13   0.0247
 
       1       1.0000000
       2       1.0000000
       3       1.0000000
       4       1.0000000
       5       1.0000000
       6       1.0000000
       7       1.0000000
       8       1.0000000
       9       1.0000000
      10       1.0000000
      11       1.0000000
      12       1.0000000
      13   1.0000
 
       1       0.0000000
       2       0.0000000
       3       0.0000000
       4       0.0000000
       5       0.0000000
       6       0.0000000
       7       0.0000000
       8       0.0000000
       9       0.0000000
      10       0.0000000
      11       0.0000000
      12       0.0000000
      13   0.0000
 
       1      0.72425343
       2      0.72055979
       3      0.67628548
       4      0.63549014
       5      0.61933890
       6      0.60310655
       7      0.62732942
       8      0.66968796
       9      0.67640302
      10      0.71279231
      11      0.72298733
      12      0.73181761
      13   0.6767
 
