       1       6.8956733
       2       8.0803650
       3       21.436985
       4       30.299645
       5       42.393773
       6       54.289400
       7       46.386117
       8       25.453720
       9       21.516092
      10       9.1436300
      11       8.2350266
      12       8.9973478
      13   283.13
 
       1       5.2269549
       2       5.5008455
       3       13.350783
       4       18.982007
       5       22.926196
       6       27.455666
       7       23.997833
       8       14.088697
       9       12.076634
      10       6.2479938
      11       6.2029176
      12       6.1073783
      13   162.16
 
       1      0.69932103
       2      0.74960294
       3       2.1315980
       4       3.6917932
       5       3.4979594
       6       3.3356527
       7       3.1025764
       8       2.0078291
       9       1.4797012
      10       1.0267252
      11       1.0110051
      12      0.82328843
      13    23.56
 
       1      0.64180138
       2       1.2118866
       3       2.1315708
       4       6.6194700
       5       7.8261860
       6       15.528261
       7       16.323663
       8       7.2621836
       9       3.2276130
      10       1.1235035
      11      0.91318324
      12       1.1540886
      13    63.96
 
       1     0.084089331
       2      0.37848844
       3       1.4531240
       4       2.9162756
       5       4.7056842
       6       7.8430780
       7       6.4969286
       8       3.8189243
       9       2.1070839
      10      0.35281897
      11      0.22595330
      12      0.22144920
      13    30.60
 
       1      0.49504167
       2      0.87095285
       3       2.5670967
       4       6.1569921
       5       4.7798448
       6       4.6767212
       7       3.8493533
       8       2.1123637
       9       1.6915582
      10       1.0915209
      11      0.90420366
      12      0.73805435
      13     2.49
 
       1 0.0
       2 0.0
       3 0.0
       4 0.0
       5 0.0
       6 0.0
       7 0.0
       8 0.0
       9 0.0
      10 0.0
      11 0.0
      12 0.0
      13 0.0
 
       1     0.014177423
       2     0.022735124
       3     0.069653187
       4      0.17355250
       5      0.12818618
       6      0.11796213
       7     0.092973161
       8     0.050847973
       9     0.042010241
      10     0.029675816
      11     0.025802900
      12     0.021328599
      13   0.0657
 
       1      0.88906599
       2      0.88440197
       3      0.88482046
       4      0.88697547
       5      0.88695917
       6      0.88388796
       7      0.88403987
       8      0.88467394
       9      0.88472377
      10      0.88658384
      11      0.89060277
      12      0.89185400
      13   0.8865
 
       1    0.0016226417
       2    0.0027444554
       3    0.0081263984
       4     0.019788380
       5     0.014918059
       6     0.014123158
       7     0.011427961
       8    0.0063088671
       9    0.0051436716
      10    0.0034866532
      11    0.0029441764
      12    0.0024126429
      13   0.0078
 
       1      0.89233612
       2      0.78370068
       3      0.95457267
       4      0.98671280
       5      0.98797088
       6      0.98624225
       7      0.98181333
       8      0.96795651
       9      0.96960863
      10      0.96614890
      11      0.93404613
      12      0.91350704
      13   0.9437
 
