       1       483.68745
       2       423.79584
       3       508.19682
       4       443.16896
       5       482.84106
       6       521.74413
       7       536.51719
       8       516.84034
       9       473.33978
      10       472.15608
      11       436.95648
      12       476.12872
      13  5775.37
 
       1       295.94223
       2       260.06192
       3       314.60734
       4       270.82190
       5       297.97309
       6       316.91130
       7       324.64946
       8       316.88665
       9       291.46730
      10       294.08632
      11       266.63553
      12       285.63947
      13  3535.68
 
       1       36.968130
       2       32.407953
       3       39.346811
       4       34.351774
       5       36.191723
       6       39.469312
       7       40.475058
       8       38.901126
       9       36.117426
      10       35.272918
      11       32.846750
      12       36.262872
      13   438.61
 
       1       130.47595
       2       112.47275
       3       134.60937
       4       115.81929
       5       124.71041
       6       137.75567
       7       144.88394
       8       136.95469
       9       124.41023
      10       123.12140
      11       116.73270
      12       131.71938
      13  1533.67
 
       1       20.553180
       2       17.270235
       3       22.377771
       4       21.346959
       5       23.955757
       6       26.444950
       7       25.916413
       8       24.384990
       9       21.919467
      10       20.617262
      11       19.410479
      12       22.506152
      13   266.70
 
       1       5.9117480
       2       5.7602081
       3       6.2903846
       4       5.4909191
       5       5.6090389
       6       6.6030051
       7       6.5411151
       8       6.3470972
       9       5.9743426
      10       5.6018161
      11       5.4173856
      12       5.8327125
      13     5.95
 
       1 0.0
       2 0.0
       3 0.0
       4 0.0
       5 0.0
       6 0.0
       7 0.0
       8 0.0
       9 0.0
      10 0.0
      11 0.0
      12 0.0
      13 0.0
 
       1     0.024614711
       2     0.024096680
       3     0.026382002
       4     0.022661510
       5     0.023285361
       6     0.026889779
       7     0.026758828
       8     0.026117571
       9     0.024891730
      10     0.023317781
      11     0.022335392
      12     0.023676270
      13   0.0246
 
       1       1.0000000
       2       1.0000000
       3       1.0000000
       4       1.0000000
       5       1.0000000
       6       1.0000000
       7       1.0000000
       8       1.0000000
       9       1.0000000
      10       1.0000000
      11       1.0000000
      12       1.0000000
      13   1.0000
 
       1       0.0000000
       2       0.0000000
       3       0.0000000
       4       0.0000000
       5       0.0000000
       6       0.0000000
       7       0.0000000
       8       0.0000000
       9       0.0000000
      10       0.0000000
      11       0.0000000
      12       0.0000000
      13   0.0000
 
       1      0.72628677
       2      0.70165970
       3      0.68648030
       4      0.65622643
       5      0.61481034
       6      0.60671797
       7      0.64621510
       8      0.67926136
       9      0.68585700
      10      0.70002079
      11      0.69248298
      12      0.71555875
      13   0.6760
 
