       1       512.18329
       2       446.05159
       3       502.45208
       4       469.62323
       5       471.38657
       6       467.18701
       7       528.88206
       8       513.42638
       9       469.07702
      10       450.05054
      11       454.53973
      12       496.37105
      13  5781.23
 
       1       307.23009
       2       269.25591
       3       307.73230
       4       292.63568
       5       286.70751
       6       279.36643
       7       318.30025
       8       313.77778
       9       291.86643
      10       282.14425
      11       279.50542
      12       299.14219
      13  3527.66
 
       1       39.628591
       2       34.571582
       3       38.241794
       4       35.459934
       5       35.459434
       6       35.708760
       7       39.632352
       8       39.301096
       9       35.904002
      10       33.874737
      11       33.943696
      12       37.022415
      13   438.75
 
       1       141.09707
       2       121.45710
       3       133.92243
       4       118.99022
       5       124.06019
       6       127.50077
       7       145.01379
       8       136.00533
       9       120.85379
      10       114.26729
      11       120.35966
      12       136.00092
      13  1539.53
 
       1       24.475645
       2       21.312803
       3       22.961719
       4       21.645146
       5       24.647693
       6       24.580780
       7       26.050501
       8       24.578017
       9       21.130013
      10       19.017728
      11       20.911367
      12       23.245271
      13   274.56
 
       1       6.3311760
       2       5.7292981
       3       5.9997781
       4       5.6912235
       5       5.7048776
       6       6.1316254
       7       6.5344023
       8       6.4024608
       9       6.0022552
      10       5.4729983
      11       5.5331955
      12       5.9027943
      13     5.95
 
       1 0.0
       2 0.0
       3 0.0
       4 0.0
       5 0.0
       6 0.0
       7 0.0
       8 0.0
       9 0.0
      10 0.0
      11 0.0
      12 0.0
      13 0.0
 
       1     0.026151621
       2     0.023765680
       3     0.024901111
       4     0.023905140
       5     0.023212368
       6     0.024474958
       7     0.026419744
       8     0.026297970
       9     0.025116501
      10     0.023075050
      11     0.022903180
      12     0.024210027
      13   0.0245
 
       1       1.0000000
       2       1.0000000
       3       1.0000000
       4       1.0000000
       5       1.0000000
       6       1.0000000
       7       1.0000000
       8       1.0000000
       9       1.0000000
      10       1.0000000
      11       1.0000000
      12       1.0000000
      13   1.0000
 
       1       0.0000000
       2       0.0000000
       3       0.0000000
       4       0.0000000
       5       0.0000000
       6       0.0000000
       7       0.0000000
       8       0.0000000
       9       0.0000000
      10       0.0000000
      11       0.0000000
      12       0.0000000
      13   0.0000
 
       1      0.73146056
       2      0.70216469
       3      0.65093819
       4      0.62243350
       5      0.60427230
       6      0.60212983
       7      0.63399988
       8      0.65214068
       9      0.65945704
      10      0.68895334
      11      0.69234431
      12      0.70694122
      13   0.6623
 
