       1       150.22601
       2       106.07185
       3       177.68316
       4       108.57423
       5       128.12106
       6       124.60754
       7       122.84200
       8       115.85549
       9       124.19783
      10       91.448639
      11       60.635566
      12       104.75617
      13  1415.02
 
       1       103.26781
       2       70.055331
       3       113.77446
       4       70.601488
       5       78.142690
       6       77.190044
       7       68.396104
       8       68.324408
       9       78.944829
      10       61.972375
      11       42.592877
      12       69.710301
      13   902.97
 
       1       14.405657
       2       8.8123993
       3       14.332137
       4       8.8785390
       5       7.7276159
       6       7.8080403
       7       6.1964987
       8       7.0129787
       9       9.0872817
      10       7.4323590
      11       5.2368162
      12       7.9666900
      13   104.90
 
       1       14.904191
       2       7.6611581
       3       15.756608
       4       11.356445
       5       8.8453558
       6       15.313559
       7       14.640621
       8       13.923490
       9       11.352444
      10       7.7818817
      11       6.1328181
      12       8.9078938
      13   136.58
 
       1       12.777213
       2       8.3099412
       3       15.920734
       4       14.189227
       5       12.253035
       6       17.045889
       7       18.384490
       8       22.720582
       9       27.219822
      10       17.162463
      11       7.8262979
      12       7.4358737
      13   181.25
 
       1       10.793957
       2       9.5013493
       3       15.679409
       4       14.568224
       5       16.718749
       6       19.666710
       7       14.325076
       8       15.195713
       9       16.230029
      10       10.508981
      11       6.7076729
      12       6.8991301
      13    13.07
 
       1 0.0
       2 0.0
       3 0.0
       4 0.0
       5 0.0
       6 0.0
       7 0.0
       8 0.0
       9 0.0
      10 0.0
      11 0.0
      12 0.0
      13 0.0
 
       1      0.14243933
       2      0.12285348
       3      0.20261551
       4      0.18469287
       5      0.20821897
       6      0.24639028
       7      0.17330836
       8      0.18557442
       9      0.20257047
      10      0.13012701
      11     0.083819099
      12     0.088087755
      13   0.1642
 
       1      0.92614438
       2      0.92605595
       3      0.92543870
       4      0.92570721
       5      0.92487991
       6      0.92456329
       7      0.92583443
       8      0.92514803
       9      0.92563586
      10      0.92545710
      11      0.92795009
      12      0.92576429
      13   0.9257
 
       1     0.010864908
       2    0.0095039537
       3     0.015588272
       4     0.014456571
       5     0.016469415
       6     0.019370435
       7     0.013876063
       8     0.014806174
       9     0.015951383
      10     0.010367105
      11    0.0066770199
      12    0.0068876840
      13   0.0129
 
       1      0.71638139
       2      0.71912155
       3      0.80610279
       4      0.78368232
       5      0.80070513
       6      0.86692901
       7      0.80096098
       8      0.81769486
       9      0.83435145
      10      0.75623516
      11      0.62469007
      12      0.69904868
      13   0.7688
 
