       1       92.747355
       2       141.68469
       3       133.41734
       4       144.00765
       5       159.65113
       6       97.793156
       7       126.78111
       8       108.29782
       9       104.58893
      10       118.48547
      11       96.099681
      12       136.65688
      13  1460.21
 
       1       63.815346
       2       93.622897
       3       86.300935
       4       90.014196
       5       100.17850
       6       60.323307
       7       71.043503
       8       63.430075
       9       66.810076
      10       78.416328
      11       66.913324
      12       94.200951
      13   935.07
 
       1       7.4660698
       2       11.430964
       3       10.349362
       4       9.9877464
       5       10.061684
       6       6.2439301
       7       6.5077697
       8       6.3231767
       9       7.7484799
      10       9.3984523
      11       8.0554596
      12       11.739594
      13   105.31
 
       1       8.2081461
       2       13.205363
       3       12.887704
       4       12.385998
       5       13.043209
       6       11.240953
       7       16.304093
       8       12.871639
       9       8.9850926
      10       10.403746
      11       8.9923779
      12       13.911575
      13   142.44
 
       1       8.6122606
       2       12.043204
       3       14.607795
       4       15.353011
       5       15.964158
       6       13.552128
       7       19.832772
       8       19.961643
       9       18.227800
      10       23.418834
      11       14.369087
      12       17.072521
      13   193.02
 
       1       7.3719573
       2       12.462672
       3       13.808553
       4       17.077849
       5       22.400322
       6       14.769430
       7       15.693345
       8       13.560811
       9       13.478530
      10       13.449976
      11       8.7646633
      12       10.357886
      13    13.60
 
       1 0.0
       2 0.0
       3 0.0
       4 0.0
       5 0.0
       6 0.0
       7 0.0
       8 0.0
       9 0.0
      10 0.0
      11 0.0
      12 0.0
      13 0.0
 
       1     0.076284795
       2      0.13066442
       3      0.14209847
       4      0.17646851
       5      0.23156434
       6      0.14695470
       7      0.15281098
       8      0.13109191
       9      0.13348314
      10      0.13541095
      11     0.089122498
      12      0.10989733
      13   0.1380
 
       1      0.93338805
       2      0.93279632
       3      0.93180099
       4      0.93323541
       5      0.93355255
       6      0.93181805
       7      0.93206354
       8      0.93211968
       9      0.93256963
      10      0.93230659
      11      0.93296733
      12      0.93426216
      13   0.9327
 
       1    0.0054259705
       2    0.0091606862
       3     0.010093153
       4     0.012482512
       5     0.016370474
       6     0.010729090
       7     0.011273469
       8    0.0097381984
       9    0.0097621041
      10    0.0097871021
      11    0.0064185579
      12    0.0076428531
      13   0.0099
 
       1      0.61966224
       2      0.68751785
       3      0.75422662
       4      0.81483446
       5      0.80491277
       6      0.78629353
       7      0.77083939
       8      0.77491363
       9      0.76779691
      10      0.78217422
      11      0.66926984
      12      0.68476493
      13   0.7431
 
