       1       180.75079
       2       210.92209
       3       224.10751
       4       190.56682
       5       234.08595
       6       248.70947
       7       266.26291
       8       202.03566
       9       174.81060
      10       112.69159
      11       120.85141
      12       208.91554
      13  2374.71
 
       1       121.37218
       2       139.42586
       3       144.33240
       4       123.45297
       5       142.97414
       6       141.93600
       7       147.15017
       8       116.41593
       9       109.36919
      10       76.622138
      11       81.168085
      12       140.44506
      13  1484.66
 
       1       15.812615
       2       17.844354
       3       19.358589
       4       17.198241
       5       16.990704
       6       16.376501
       7       16.216913
       8       13.420303
       9       12.611582
      10       10.524198
      11       10.276173
      12       17.349725
      13   183.98
 
       1       21.577351
       2       20.617393
       3       31.694240
       4       27.779528
       5       30.261281
       6       51.608526
       7       51.817048
       8       34.958609
       9       23.759843
      10       14.179635
      11       15.354444
      12       22.397118
      13   346.01
 
       1       17.092214
       2       18.887851
       3       25.463760
       4       25.271170
       5       32.750588
       6       46.129770
       7       51.652425
       8       42.170508
       9       32.466846
      10       22.047268
      11       13.687262
      12       24.306392
      13   351.93
 
       1       15.425215
       2       21.389023
       3       27.505431
       4       29.261429
       5       36.933822
       6       38.360586
       7       35.278418
       8       25.736552
       9       22.800859
      10       14.775979
      11       12.622041
      12       15.452781
      13    24.63
 
       1 0.0
       2 0.0
       3 0.0
       4 0.0
       5 0.0
       6 0.0
       7 0.0
       8 0.0
       9 0.0
      10 0.0
      11 0.0
      12 0.0
      13 0.0
 
       1     0.015134199
       2     0.021285431
       3     0.027559044
       4     0.028457915
       5     0.035570433
       6     0.036593314
       7     0.033051513
       8     0.023819502
       9     0.021276728
      10     0.014068067
      11     0.011975777
      12     0.015114171
      13   0.0237
 
       1      0.88364740
       2      0.88272385
       3      0.88169240
       4      0.88253357
       5      0.88057447
       6      0.88132794
       7      0.88393748
       8      0.88748439
       9      0.88455976
      10      0.88532927
      11      0.88555672
      12      0.88516009
      13   0.8837
 
       1    0.0019839661
       2    0.0027623219
       3    0.0035616434
       4    0.0037474615
       5    0.0047124636
       6    0.0048642565
       7    0.0044254765
       8    0.0032254436
       9    0.0028727133
      10    0.0018837739
      11    0.0016124514
      12    0.0019828788
      13   0.0031
 
       1      0.28159363
       2      0.29407818
       3      0.33080032
       4      0.35207395
       5      0.38352193
       6      0.38839431
       7      0.36877499
       8      0.32588804
       9      0.32122962
      10      0.30084297
      11      0.27474003
      12      0.27576891
      13   0.3248
 
