       1       130.95231
       2       108.10639
       3       183.50367
       4       130.72428
       5       148.23421
       6       114.73179
       7       122.80782
       8       118.52962
       9       115.11519
      10       91.265216
      11       91.235592
      12       138.26781
      13  1493.47
 
       1       91.021325
       2       72.346191
       3       116.42723
       4       81.756607
       5       90.935516
       6       71.550452
       7       69.899167
       8       68.910788
       9       71.884376
      10       63.614168
      11       62.363960
      12       95.563032
      13   956.27
 
       1       12.068425
       2       8.6424460
       3       11.953811
       4       8.3377063
       5       8.1799656
       6       6.8193660
       7       6.2125403
       8       6.6957264
       9       7.2065089
      10       8.0575265
      11       6.7780728
      12       11.625948
      13   102.58
 
       1       13.842448
       2       9.4235432
       3       13.877777
       4       11.957967
       5       10.613001
       6       12.157847
       7       13.416845
       8       13.589561
       9       10.061296
      10       7.7116376
      11       7.5608723
      12       14.303351
      13   138.52
 
       1       11.694695
       2       9.8070360
       3       15.195395
       4       13.187659
       5       16.249016
       6       15.900323
       7       18.257721
       8       22.978853
       9       21.369174
      10       19.003977
      11       12.067171
      12       15.077851
      13   190.79
 
       1       9.3529282
       2       9.7705203
       3       17.404844
       4       16.759023
       5       20.222399
       6       21.241727
       7       16.172817
       8       16.081880
       9       15.836740
      10       12.727865
      11       7.7187849
      12       10.051469
      13    14.45
 
       1 0.0
       2 0.0
       3 0.0
       4 0.0
       5 0.0
       6 0.0
       7 0.0
       8 0.0
       9 0.0
      10 0.0
      11 0.0
      12 0.0
      13 0.0
 
       1      0.12601497
       2      0.13042389
       3      0.22993564
       4      0.21932556
       5      0.26159569
       6      0.28207312
       7      0.20439573
       8      0.20307015
       9      0.20299958
      10      0.16845380
      11     0.099545660
      12      0.13476233
      13   0.1885
 
       1      0.85155907
       2      0.85208642
       3      0.85356189
       4      0.85364903
       5      0.85123360
       6      0.85148055
       7      0.85246827
       8      0.85180380
       9      0.85141347
      10      0.85407394
      11      0.85373641
      12      0.85186138
      13   0.8524
 
       1     0.019162007
       2     0.019968583
       3     0.035193907
       4     0.033856508
       5     0.040625872
       6     0.043201737
       7     0.032070780
       8     0.031901863
       9     0.031685487
      10     0.025932958
      11     0.015581826
      12     0.020534023
      13   0.0291
 
       1      0.69212736
       2      0.67865717
       3      0.78327135
       4      0.79002200
       5      0.86373367
       6      0.89841442
       7      0.82644093
       8      0.82816581
       9      0.84156465
      10      0.80830629
      11      0.64476459
      12      0.72408626
      13   0.7816
 
