       1       151.81226
       2       134.65914
       3       157.73842
       4       159.88277
       5       169.49531
       6       118.45241
       7       134.77346
       8       135.03825
       9       145.77551
      10       108.81273
      11       127.52049
      12       148.06030
      13  1692.02
 
       1       106.16570
       2       86.807803
       3       103.08967
       4       101.37195
       5       102.32481
       6       72.081707
       7       73.354097
       8       78.073873
       9       89.209222
      10       72.575932
      11       87.091111
      12       99.684224
      13  1071.83
 
       1       14.181918
       2       10.295006
       3       12.939241
       4       10.886678
       5       9.4480722
       6       7.1786084
       7       6.5717246
       8       7.4236283
       9       8.8283726
      10       8.6505946
      11       10.192648
      12       12.671961
      13   119.27
 
       1       15.059199
       2       11.372541
       3       16.217912
       4       12.873688
       5       12.531162
       6       16.075725
       7       15.496242
       8       14.382053
       9       12.551662
      10       10.002828
      11       13.664203
      12       17.862489
      13   168.09
 
       1       15.302591
       2       11.376604
       3       16.306971
       4       15.527493
       5       16.789335
       6       18.375611
       7       21.368684
       8       25.744885
       9       29.942597
      10       21.631349
      11       18.197448
      12       14.340013
      13   224.90
 
       1       11.689510
       2       12.381539
       3       16.314004
       4       20.870963
       5       24.023980
       6       19.629217
       7       16.288308
       8       17.993682
       9       18.765828
      10       12.759426
      11       11.797752
      12       9.9503765
      13    16.04
 
       1 0.0
       2 0.0
       3 0.0
       4 0.0
       5 0.0
       6 0.0
       7 0.0
       8 0.0
       9 0.0
      10 0.0
      11 0.0
      12 0.0
      13 0.0
 
       1      0.12649235
       2      0.13291513
       3      0.17366487
       4      0.22283992
       5      0.25273716
       6      0.20255761
       7      0.16242745
       8      0.18015666
       9      0.19229208
      10      0.13049342
      11      0.12394121
      12      0.10583041
      13   0.1672
 
       1      0.87209349
       2      0.87403343
       3      0.87226264
       4      0.87488679
       5      0.87424956
       6      0.87154902
       7      0.87310741
       8      0.87270936
       9      0.87303617
      10      0.87231440
      11      0.87553503
      12      0.87175955
      13   0.8731
 
       1     0.016588203
       2     0.017508141
       3     0.022920363
       4     0.029358158
       5     0.033627847
       6     0.027296595
       7     0.022325883
       8     0.024716363
       9     0.025997595
      10     0.017765273
      11     0.016579422
      12     0.014021894
      13   0.0224
 
       1      0.71807922
       2      0.69383679
       3      0.76632566
       4      0.82531043
       5      0.81949777
       6      0.87259366
       7      0.79976585
       8      0.80361900
       9      0.81277682
      10      0.75689968
      11      0.70631191
      12      0.68637454
      13   0.7718
 
