       1       23.187850
       2       28.275821
       3       27.023985
       4       21.611128
       5       23.493868
       6       22.140474
       7       16.194796
       8       15.902050
       9       12.545559
      10       14.063435
      11       16.459546
      12       25.886990
      13   246.79
 
       1       12.310524
       2       14.524591
       3       15.031915
       4       12.433872
       5       13.511755
       6       12.930992
       7       9.5285608
       8       9.4504009
       9       7.5219014
      10       7.8970401
      11       8.7202612
      12       13.366688
      13   137.23
 
       1       1.9757572
       2       2.5296465
       3       2.2583216
       4       1.7569095
       5       1.9024163
       6       1.6991874
       7       1.1796306
       8       1.2047024
       9       1.0030993
      10       1.2449871
      11       1.3751495
      12       2.0982596
      13    20.23
 
       1       7.5058023
       2       9.5559965
       3       8.2884882
       4       6.5890032
       5       6.8053789
       6       6.6697888
       7       4.9897197
       8       5.0479380
       9       4.0070387
      10       4.7619394
      11       5.5441257
      12       8.8585745
      13    78.62
 
       1       1.2932834
       2       1.3412740
       3       1.4480124
       4      0.89183223
       5      0.94898724
       6      0.79707197
       7      0.68863270
       8      0.84461972
       9      0.90292642
      10       1.1294082
      11       1.2728932
      12       1.8254996
      13    13.38
 
       1      0.34445862
       2      0.46004613
       3      0.42049703
       4      0.36770050
       5      0.42072877
       6      0.39006204
       7      0.27147782
       8      0.27317719
       9      0.21535431
      10      0.22903292
      11      0.23461744
      12      0.35602680
      13     0.33
 
       1 0.0
       2 0.0
       3 0.0
       4 0.0
       5 0.0
       6 0.0
       7 0.0
       8 0.0
       9 0.0
      10 0.0
      11 0.0
      12 0.0
      13 0.0
 
       1     0.012878357
       2     0.017060440
       3     0.015978449
       4     0.014195303
       5     0.016281939
       6     0.016137332
       7     0.011154953
       8     0.011262624
       9    0.0088799400
      10    0.0089231082
      11    0.0089445603
      12     0.013064687
      13   0.0129
 
       1       1.0000000
       2       1.0000000
       3       1.0000000
       4       1.0000000
       5       1.0000000
       6       1.0000000
       7       1.0000000
       8       1.0000000
       9       1.0000000
      10       1.0000000
      11       1.0000000
      12       1.0000000
      13   1.0000
 
       1       0.0000000
       2       0.0000000
       3       0.0000000
       4       0.0000000
       5       0.0000000
       6       0.0000000
       7       0.0000000
       8       0.0000000
       9       0.0000000
      10       0.0000000
      11       0.0000000
      12       0.0000000
      13   0.0000
 
       1      0.28732261
       2      0.27128190
       3      0.28095168
       4      0.27796782
       5      0.17967363
       6      0.18169059
       7      0.19856134
       8      0.24425052
       9      0.21210162
      10      0.27208358
      11      0.30409027
      12      0.26971811
      13   0.2483
 
