       1       80.913212
       2       60.475729
       3       45.590137
       4       36.852196
       5       27.498293
       6       23.050888
       7       17.157582
       8       9.1930035
       9       13.493714
      10       30.635375
      11       62.958781
      12       64.265660
      13   472.08
 
       1       41.430023
       2       32.509186
       3       25.943326
       4       23.236097
       5       17.975067
       6       14.847075
       7       11.271470
       8       6.2852369
       9       8.4655732
      10       17.125947
      11       32.491597
      12       34.541844
      13   266.12
 
       1       7.1965845
       2       5.4876331
       3       3.9095683
       4       2.5958819
       5       1.7926948
       6       1.2918494
       7      0.90283891
       8      0.53045403
       9      0.89281412
      10       2.1948516
      11       5.0811549
      12       5.4813739
      13    37.36
 
       1       27.463769
       2       19.553796
       3       14.071261
       4       10.055086
       5       7.4104616
       6       6.9775367
       7       5.9824982
       8       2.6663629
       9       3.6022608
      10       9.5875619
      11       20.517878
      12       20.799156
      13   148.69
 
       1       4.4409623
       2       2.9925081
       3       2.5949566
       4       1.7879102
       5       1.5052712
       6       1.6534044
       7       1.5187705
       8      0.86468175
       9      0.78388063
      10       1.7988417
      11       3.4104003
      12       3.2219217
      13    26.57
 
       1       1.1129283
       2      0.90644570
       3      0.62408532
       4      0.45378118
       5      0.31448171
       6      0.25634375
       7      0.18605479
       8     0.098943145
       9      0.14630902
      10      0.35527138
      11      0.81232263
      12      0.81516005
      13     0.51
 
       1 0.0
       2 0.0
       3 0.0
       4 0.0
       5 0.0
       6 0.0
       7 0.0
       8 0.0
       9 0.0
      10 0.0
      11 0.0
      12 0.0
      13 0.0
 
       1     0.028606639
       2     0.024296150
       3     0.017021445
       4     0.012669800
       5    0.0089465839
       6    0.0072361135
       7    0.0052291892
       8    0.0029753376
       9    0.0042889621
      10    0.0094615861
      11     0.020437844
      12     0.021206828
      13   0.0135
 
       1       1.0000000
       2       1.0000000
       3       1.0000000
       4       1.0000000
       5       1.0000000
       6       1.0000000
       7       1.0000000
       8       1.0000000
       9       1.0000000
      10       1.0000000
      11       1.0000000
      12       1.0000000
      13   1.0000
 
       1       0.0000000
       2       0.0000000
       3       0.0000000
       4       0.0000000
       5       0.0000000
       6       0.0000000
       7       0.0000000
       8       0.0000000
       9       0.0000000
      10       0.0000000
      11       0.0000000
      12       0.0000000
      13   0.0000
 
       1      0.75885917
       2      0.68237112
       3      0.56617316
       4      0.48888528
       5      0.37565366
       6      0.35407360
       7      0.41894322
       8      0.50774018
       9      0.51719162
      10      0.57661362
      11      0.60083371
      12      0.69919810
      13   0.5455
 
