       1       159.15191
       2       92.169545
       3       144.03717
       4       137.95408
       5       153.27739
       6       109.10600
       7       123.56168
       8       111.28110
       9       124.32743
      10       75.283451
      11       79.504136
      12       83.989788
      13  1393.64
 
       1       110.99749
       2       63.302577
       3       92.363977
       4       86.761119
       5       94.112669
       6       66.676242
       7       69.813948
       8       64.964980
       9       77.461609
      10       52.187046
      11       53.291311
      12       59.112718
      13   891.05
 
       1       14.004534
       2       8.0506962
       3       10.558961
       4       8.4714778
       5       8.3228811
       6       6.7196421
       7       6.1446119
       8       6.3216464
       9       7.7053208
      10       6.6719120
      11       5.9458969
      12       7.1794213
      13    96.10
 
       1       14.285145
       2       9.4133602
       3       11.823869
       4       10.831369
       5       11.044603
       6       12.471665
       7       13.765225
       8       13.607040
       9       10.689916
      10       7.2530729
      11       7.1625226
      12       7.5427604
      13   129.89
 
       1       13.519776
       2       8.9349829
       3       13.851218
       4       14.927914
       5       15.911498
       6       15.028996
       7       18.799102
       8       20.019276
       9       22.026031
      10       16.955465
      11       9.5138177
      12       8.3215492
      13   177.81
 
       1       11.763375
       2       9.1028606
       3       14.517866
       4       17.120246
       5       20.898400
       6       18.238900
       7       15.650359
       8       15.267932
       9       15.775275
      10       9.3612011
      11       7.2919409
      12       6.6029703
      13    13.47
 
       1 0.0
       2 0.0
       3 0.0
       4 0.0
       5 0.0
       6 0.0
       7 0.0
       8 0.0
       9 0.0
      10 0.0
      11 0.0
      12 0.0
      13 0.0
 
       1      0.15990700
       2      0.12107129
       3      0.19060956
       4      0.22265100
       5      0.27403559
       6      0.23844345
       7      0.19658381
       8      0.19267203
       9      0.20159887
      10      0.12014959
      11     0.093179299
      12     0.086766744
      13   0.1748
 
       1      0.85435189
       2      0.85085534
       3      0.85057046
       4      0.85229904
       5      0.85269691
       6      0.85175311
       7      0.85234778
       8      0.85124977
       9      0.85218694
      10      0.85298387
      11      0.85445633
      12      0.85276259
      13   0.8524
 
       1     0.024140632
       2     0.018590766
       3     0.029345828
       4     0.034447572
       5     0.042214254
       6     0.036819904
       7     0.030937381
       8     0.030254418
       9     0.031475816
      10     0.018863874
      11     0.014677399
      12     0.013460697
      13   0.0271
 
       1      0.74342539
       2      0.71318138
       3      0.80959610
       4      0.77748198
       5      0.82125844
       6      0.89141619
       7      0.82559750
       8      0.83842948
       9      0.80716335
      10      0.74615084
      11      0.61977310
      12      0.68652722
      13   0.7733
 
