       1       198.53617
       2       201.66155
       3       248.09222
       4       197.12432
       5       202.75656
       6       217.91459
       7       212.80289
       8       206.09290
       9       174.95371
      10       132.56632
      11       109.71891
      12       126.79378
      13  2229.01
 
       1       132.36256
       2       135.32190
       3       163.52584
       4       124.56808
       5       122.91222
       6       132.50509
       7       118.36006
       8       117.56429
       9       108.46034
      10       89.755912
      11       73.012870
      12       88.085654
      13  1406.43
 
       1       17.440952
       2       19.522630
       3       21.829890
       4       16.754588
       5       15.272027
       6       16.427919
       7       12.974607
       8       13.274260
       9       12.687588
      10       12.565524
      11       9.2300037
      12       11.727009
      13   179.71
 
       1       22.421081
       2       24.636665
       3       31.586917
       4       30.308746
       5       27.573657
       6       43.508953
       7       43.842550
       8       36.169732
       9       23.113740
      10       16.751285
      11       13.052094
      12       17.234702
      13   330.20
 
       1       18.576071
       2       18.539734
       3       26.702075
       4       25.854928
       5       29.517503
       6       40.033941
       7       35.423709
       8       39.454441
       9       32.272155
      10       25.580895
      11       13.153445
      12       11.939545
      13   317.05
 
       1       14.919937
       2       19.610480
       3       28.769742
       4       30.447219
       5       29.444629
       6       33.540537
       7       24.721233
       8       24.765436
       9       21.567093
      10       16.390360
      11       11.361656
      12       11.081284
      13    22.22
 
       1 0.0
       2 0.0
       3 0.0
       4 0.0
       5 0.0
       6 0.0
       7 0.0
       8 0.0
       9 0.0
      10 0.0
      11 0.0
      12 0.0
      13 0.0
 
       1     0.017789191
       2     0.023595860
       3     0.034552037
       4     0.036288667
       5     0.034276219
       6     0.038857075
       7     0.027426647
       8     0.027706382
       9     0.024523465
      10     0.019007175
      11     0.013094287
      12     0.013156779
      13   0.0259
 
       1      0.93106354
       2      0.93073086
       3      0.93132574
       4      0.93120600
       5      0.93038215
       6      0.93033147
       7      0.93120530
       8      0.93126592
       9      0.93074525
      10      0.93068252
      11      0.93175504
      12      0.93159770
      13   0.9310
 
       1    0.0013576916
       2    0.0017908946
       3    0.0026265964
       4    0.0027756589
       5    0.0026588389
       6    0.0030122168
       7    0.0021781244
       8    0.0021916532
       9    0.0019233329
      10    0.0014805106
      11    0.0010266388
      12    0.0010124489
      13   0.0020
 
       1      0.28693756
       2      0.28630246
       3      0.32934531
       4      0.36366784
       5      0.37876128
       6      0.39230284
       7      0.33496444
       8      0.32177916
       9      0.31261131
      10      0.31091192
      11      0.27990404
      12      0.29911145
      13   0.3247
 
