       1       29.901073
       2       22.029834
       3       25.794923
       4       23.749125
       5       22.348014
       6       19.617846
       7       18.224747
       8       13.981873
       9       13.515114
      10       12.829517
      11       17.392205
      12       30.522934
      13   249.91
 
       1       15.789318
       2       12.139788
       3       14.082160
       4       13.367673
       5       13.375017
       6       12.383769
       7       10.662797
       8       8.6710899
       9       8.1704479
      10       7.2686455
      11       9.1527010
      12       16.023976
      13   141.09
 
       1       2.4794626
       2       1.9806190
       3       2.2321590
       4       2.0070543
       5       1.8368930
       6       1.6107375
       7       1.3740131
       8       1.0490868
       9       1.0946324
      10      0.99433329
      11       1.3575225
      12       2.4666381
      13    20.48
 
       1       10.153336
       2       7.2513641
       3       8.2686507
       4       7.1773827
       5       6.2464094
       6       5.7022340
       7       5.5880268
       8       4.1619756
       9       4.0770193
      10       3.8250084
      11       5.3339576
      12       10.564837
      13    78.35
 
       1       1.5034656
       2       1.3166323
       3       1.2506965
       4       1.0845305
       5      0.96065935
       6      0.71637689
       7      0.80127236
       8      0.84647956
       9       1.0162973
      10       1.0479403
      11       1.1947201
      12       1.7238295
      13    13.46
 
       1      0.45621901
       2      0.37956102
       3      0.41076202
       4      0.41981237
       5      0.42014656
       6      0.38919667
       7      0.33300662
       8      0.24995147
       9      0.23954723
      10      0.18441125
      11      0.24462454
      12      0.45274299
      13     0.35
 
       1 0.0
       2 0.0
       3 0.0
       4 0.0
       5 0.0
       6 0.0
       7 0.0
       8 0.0
       9 0.0
      10 0.0
      11 0.0
      12 0.0
      13 0.0
 
       1     0.016943626
       2     0.014355814
       3     0.015790540
       4     0.016227162
       5     0.016781511
       6     0.016683101
       7     0.013475315
       8     0.010602259
       9     0.010046740
      10    0.0072250208
      11    0.0094291199
      12     0.017076151
      13   0.0137
 
       1       1.0000000
       2       1.0000000
       3       1.0000000
       4       1.0000000
       5       1.0000000
       6       1.0000000
       7       1.0000000
       8       1.0000000
       9       1.0000000
      10       1.0000000
      11       1.0000000
      12       1.0000000
      13   1.0000
 
       1       0.0000000
       2       0.0000000
       3       0.0000000
       4       0.0000000
       5       0.0000000
       6       0.0000000
       7       0.0000000
       8       0.0000000
       9       0.0000000
      10       0.0000000
      11       0.0000000
      12       0.0000000
      13   0.0000
 
       1      0.25655790
       2      0.23270895
       3      0.26338217
       4      0.21582751
       5      0.15804696
       6      0.11209474
       7      0.19596559
       8      0.16329669
       9      0.18993798
      10      0.22134270
      11      0.31487504
      12      0.34328555
      13   0.2223
 
