       1       69.456677
       2       66.346811
       3       58.420410
       4       37.571229
       5       23.794181
       6       16.831654
       7       17.467599
       8       11.538130
       9       10.685617
      10       32.518705
      11       48.805350
      12       57.601225
      13   451.04
 
       1       36.931540
       2       34.734624
       3       32.768788
       4       23.672505
       5       15.605067
       6       11.631175
       7       11.385698
       8       7.7961818
       9       7.3493447
      10       18.288630
      11       25.947243
      12       30.453586
      13   256.56
 
       1       6.2631428
       2       5.9991928
       3       4.9775599
       4       2.7867766
       5       1.4873519
       6      0.97600037
       7      0.96493736
       8      0.63554869
       9      0.64199144
      10       2.4022981
      11       3.8695870
      12       4.9630315
      13    35.97
 
       1       22.924722
       2       20.736296
       3       17.564805
       4       10.734084
       5       6.5273630
       6       4.9423938
       7       5.8825464
       8       3.4648136
       9       2.6016824
      10       10.279623
      11       15.895689
      12       19.541288
      13   141.10
 
       1       3.4989762
       2       3.6462479
       3       3.0426923
       4       1.5798946
       5       1.4089691
       6       1.3007330
       7       1.5085781
       8       1.0527240
       9      0.64732462
      10       1.9520226
      11       2.7168962
      12       3.2542502
      13    25.61
 
       1      0.96235987
       2       1.0197790
       3      0.81252350
       4      0.47112043
       5      0.27085570
       6      0.20159526
       7      0.19125143
       8      0.12237394
       9      0.11068660
      10      0.38435321
      11      0.59905980
      12      0.76614635
      13     0.49
 
       1 0.0
       2 0.0
       3 0.0
       4 0.0
       5 0.0
       6 0.0
       7 0.0
       8 0.0
       9 0.0
      10 0.0
      11 0.0
      12 0.0
      13 0.0
 
       1     0.024995385
       2     0.026571154
       3     0.021537132
       4     0.013131958
       5    0.0077172173
       6    0.0057068738
       7    0.0053108991
       8    0.0035534355
       9    0.0034145623
      10     0.010264787
      11     0.015066084
      12     0.019745336
      13   0.0131
 
       1       1.0000000
       2       1.0000000
       3       1.0000000
       4       1.0000000
       5       1.0000000
       6       1.0000000
       7       1.0000000
       8       1.0000000
       9       1.0000000
      10       1.0000000
      11       1.0000000
      12       1.0000000
      13   1.0000
 
       1       0.0000000
       2       0.0000000
       3       0.0000000
       4       0.0000000
       5       0.0000000
       6       0.0000000
       7       0.0000000
       8       0.0000000
       9       0.0000000
      10       0.0000000
      11       0.0000000
      12       0.0000000
      13   0.0000
 
       1      0.69552517
       2      0.64657372
       3      0.58840405
       4      0.50487864
       5      0.40861839
       6      0.35487061
       7      0.45187184
       8      0.50696978
       9      0.49827709
      10      0.53106764
      11      0.60810849
      12      0.69027349
      13   0.5405
 
