       1       14.225177
       2       12.042192
       3       16.796430
       4       23.076781
       5       37.400511
       6       43.049132
       7       37.512468
       8       26.609860
       9       16.963789
      10       11.367586
      11       8.6263685
      12       7.9530917
      13   255.62
 
       1       8.9735289
       2       7.9545359
       3       11.044559
       4       13.826212
       5       20.085394
       6       21.936936
       7       19.875741
       8       15.062982
       9       9.8027248
      10       7.4330763
      11       5.8557805
      12       5.8902671
      13   147.74
 
       1       1.0244919
       2       1.1447358
       3       2.0472602
       4       2.4446382
       5       2.8506203
       6       2.6569859
       7       2.7392262
       8       2.0676259
       9       1.2938367
      10       1.0541100
      11      0.70568980
      12      0.79427184
      13    20.82
 
       1      0.92520284
       2       1.2718792
       3       2.7210385
       4       3.6563482
       5       4.8766418
       6       12.729047
       7       13.212403
       8       6.5209974
       9       2.8033697
      10      0.90707258
      11      0.57653600
      12       1.0477893
      13    51.25
 
       1      0.26201853
       2      0.68222747
       3       1.2149248
       4       2.7451546
       5       3.5360109
       6       5.9376603
       7       5.8520511
       8       3.8721037
       9       1.7708645
      10      0.47197206
      11      0.16238098
      12      0.19291002
      13    26.70
 
       1      0.98569369
       2       1.3569136
       3       2.4849230
       4       3.4615777
       5       3.9559946
       6       3.7208097
       7       3.3086003
       8       2.3054492
       9       1.4459333
      10       1.0204700
      11      0.63485286
      12      0.75409607
      13     2.12
 
       1 0.0
       2 0.0
       3 0.0
       4 0.0
       5 0.0
       6 0.0
       7 0.0
       8 0.0
       9 0.0
      10 0.0
      11 0.0
      12 0.0
      13 0.0
 
       1     0.020998297
       2     0.028495630
       3     0.051617648
       4     0.071716787
       5     0.079898270
       6     0.070900185
       7     0.062006152
       8     0.042516674
       9     0.026921855
      10     0.020741391
      11     0.013053847
      12     0.016742246
      13   0.0421
 
       1      0.93278709
       2      0.93143561
       3      0.92948799
       4      0.93023350
       5      0.92989389
       6      0.92830779
       7      0.92738217
       8      0.92809220
       9      0.92817912
      10      0.93098452
      11      0.93198630
      12      0.93453203
      13   0.9303
 
       1    0.0014758231
       2    0.0020269559
       3    0.0036907352
       4    0.0051268473
       5    0.0057834748
       6    0.0053201330
       7    0.0047180889
       8    0.0032899046
       9    0.0020769813
      10    0.0015058891
      11   0.00094594671
      12    0.0011454717
      13   0.0031
 
       1      0.88812646
       2      0.87551820
       3      0.96742591
       4      0.96767204
       5      0.97886731
       6      0.97688233
       7      0.97649816
       8      0.95746324
       9      0.97173003
      10      0.93791087
      11      0.87162842
      12      0.91790307
      13   0.9406
 
