       1       150.18822
       2       156.02353
       3       144.59084
       4       153.47017
       5       207.24015
       6       125.70870
       7       145.81882
       8       133.06781
       9       97.013410
      10       99.259261
      11       80.703621
      12       100.07884
      13  1593.16
 
       1       102.56388
       2       102.96419
       3       94.477106
       4       95.693947
       5       124.36725
       6       77.117882
       7       80.044201
       8       76.894832
       9       61.400954
      10       64.552635
      11       54.013089
      12       71.083548
      13  1005.17
 
       1       13.401653
       2       13.168121
       3       11.662650
       4       10.171496
       5       10.509518
       6       8.2880654
       7       7.2130877
       8       7.6086672
       9       6.9238681
      10       7.2444342
      11       6.0308836
      12       9.0699642
      13   111.29
 
       1       15.865828
       2       14.084521
       3       13.988163
       4       13.796528
       5       16.091749
       6       16.345570
       7       17.264105
       8       16.647573
       9       9.8670777
      10       8.5015438
      11       7.4538827
      12       11.414273
      13   161.32
 
       1       14.154553
       2       11.600188
       3       14.588378
       4       16.752432
       5       21.427338
       6       22.381729
       7       22.775773
       8       26.640336
       9       21.270811
      10       17.792633
      11       10.596842
      12       12.205040
      13   212.19
 
       1       10.790205
       2       13.336555
       3       15.107267
       4       20.296412
       5       30.757482
       6       23.455364
       7       19.238653
       8       18.951481
       9       13.390426
      10       10.715064
      11       6.7720959
      12       7.8272777
      13    15.89
 
       1 0.0
       2 0.0
       3 0.0
       4 0.0
       5 0.0
       6 0.0
       7 0.0
       8 0.0
       9 0.0
      10 0.0
      11 0.0
      12 0.0
      13 0.0
 
       1      0.11588216
       2      0.14379308
       3      0.16084397
       4      0.21284488
       5      0.32569091
       6      0.25110163
       7      0.19411553
       8      0.19120421
       9      0.13363430
      10      0.10812304
      11     0.068500318
      12     0.082870807
      13   0.1657
 
       1      0.87239477
       2      0.87210197
       3      0.87242438
       4      0.87360645
       5      0.87288195
       6      0.87502014
       7      0.87178489
       8      0.87247774
       9      0.87219401
      10      0.87269775
      11      0.87222503
      12      0.87173676
      13   0.8726
 
       1     0.015272458
       2     0.018822627
       3     0.021273922
       4     0.028393006
       5     0.043099600
       6     0.033050328
       7     0.026479690
       8     0.026108300
       9     0.018466073
      10     0.014862062
      11    0.0094529779
      12     0.011052591
      13   0.0222
 
       1      0.71712778
       2      0.75337254
       3      0.78306433
       4      0.76253155
       5      0.86040226
       6      0.87055750
       7      0.84129474
       8      0.81438191
       9      0.77325102
      10      0.68813270
      11      0.62193471
      12      0.70605073
      13   0.7660
 
