       1       121.38943
       2       160.39508
       3       246.86284
       4       158.00790
       5       218.22266
       6       230.27363
       7       247.42588
       8       190.60306
       9       145.96095
      10       99.953306
      11       138.15462
      12       142.97073
      13  2100.22
 
       1       83.057965
       2       104.40328
       3       157.58324
       4       105.51964
       5       132.39552
       6       133.31723
       7       138.60388
       8       111.95796
       9       91.629815
      10       67.759663
      11       92.681947
      12       97.764027
      13  1316.67
 
       1       10.955257
       2       13.077240
       3       19.586429
       4       16.200206
       5       15.246007
       6       15.060236
       7       14.786564
       8       12.910452
       9       10.744481
      10       9.8408953
      11       11.613307
      12       12.286863
      13   162.31
 
       1       14.065620
       2       16.082407
       3       29.951299
       4       25.327680
       5       28.147725
       6       45.897116
       7       46.361137
       8       32.837537
       9       19.395713
      10       12.570548
      11       16.137737
      12       17.489902
      13   304.26
 
       1       13.307674
       2       13.354371
       3       27.254500
       4       25.631305
       5       28.535598
       6       43.914085
       7       45.948632
       8       43.994348
       9       28.296915
      10       17.839017
      11       16.629735
      12       16.396121
      13   321.10
 
       1       10.863058
       2       15.351822
       3       28.295409
       4       26.436163
       5       33.081123
       6       35.788826
       7       32.854446
       8       25.521082
       9       19.589834
      10       13.244500
      11       12.829200
      12       12.284707
      13    22.18
 
       1 0.0
       2 0.0
       3 0.0
       4 0.0
       5 0.0
       6 0.0
       7 0.0
       8 0.0
       9 0.0
      10 0.0
      11 0.0
      12 0.0
      13 0.0
 
       1     0.010568467
       2     0.014738304
       3     0.028033278
       4     0.026258751
       5     0.031848975
       6     0.034498250
       7     0.030794056
       8     0.023907091
       9     0.018205821
      10     0.012527790
      11     0.012307759
      12     0.012039872
      13   0.0213
 
       1      0.84206184
       2      0.84073527
       3      0.84216813
       4      0.84321698
       5      0.83929513
       6      0.84104109
       7      0.84432627
       8      0.84671551
       9      0.84242852
      10      0.84474013
      11      0.84664015
      12      0.84593108
      13   0.8433
 
       1    0.0018508315
       2    0.0025919732
       3    0.0048216767
       4    0.0045240503
       5    0.0055853056
       6    0.0060192069
       7    0.0054438672
       8    0.0042407715
       9    0.0032579308
      10    0.0022336587
      11    0.0021667733
      12    0.0020968095
      13   0.0037
 
       1      0.27235182
       2      0.28562172
       3      0.33484747
       4      0.36169215
       5      0.37162294
       6      0.39660333
       7      0.35278471
       8      0.32334002
       9      0.30492386
      10      0.30168108
      11      0.26969829
      12      0.27618857
      13   0.3209
 
