       1       164.79439
       2       112.96002
       3       163.32399
       4       149.53551
       5       153.92242
       6       133.86084
       7       125.55681
       8       126.52700
       9       125.34808
      10       95.522315
      11       73.075127
      12       121.27440
      13  1545.70
 
       1       113.32362
       2       75.992688
       3       101.52932
       4       96.569108
       5       94.862650
       6       79.739637
       7       70.719250
       8       73.472143
       9       76.727084
      10       64.561833
      11       51.820914
      12       83.033471
      13   982.35
 
       1       14.670623
       2       9.3279930
       3       10.453870
       4       10.568741
       5       8.6481822
       6       7.1757214
       7       6.3059541
       8       6.8755110
       9       7.6028061
      10       7.5828106
      11       6.5933212
      12       10.096351
      13   105.90
 
       1       15.698241
       2       9.7981690
       3       13.754443
       4       13.460507
       5       12.104642
       6       14.418156
       7       14.698440
       8       14.494498
       9       12.956296
      10       7.6435381
      11       8.5279754
      12       12.402377
      13   149.96
 
       1       14.837306
       2       12.912092
       3       13.090547
       4       14.947373
       5       17.507667
       6       16.956184
       7       20.662092
       8       23.727120
       9       25.710526
      10       18.281467
      11       12.412774
      12       11.334519
      13   202.38
 
       1       11.494124
       2       10.467898
       3       15.617364
       4       20.595179
       5       20.902029
       6       20.462393
       7       16.567428
       8       17.625262
       9       16.760289
      10       11.217727
      11       7.9635754
      12       8.0394924
      13    14.81
 
       1 0.0
       2 0.0
       3 0.0
       4 0.0
       5 0.0
       6 0.0
       7 0.0
       8 0.0
       9 0.0
      10 0.0
      11 0.0
      12 0.0
      13 0.0
 
       1      0.12541133
       2      0.11344502
       3      0.16413532
       4      0.22123104
       5      0.22205636
       6      0.21059141
       7      0.16726404
       8      0.17937698
       9      0.17201834
      10      0.11484094
      11     0.082657870
      12     0.084898624
      13   0.1548
 
       1      0.83213242
       2      0.83426018
       3      0.83116832
       4      0.83274820
       5      0.83236290
       6      0.82874297
       7      0.83136433
       8      0.83145822
       9      0.83151909
      10      0.83257886
      11      0.83107201
      12      0.83060013
      13   0.8317
 
       1     0.021620099
       2     0.019675051
       3     0.028900035
       4     0.038535915
       5     0.038913614
       6     0.037530824
       7     0.030097178
       8     0.032188540
       9     0.030706880
      10     0.020667549
      11     0.014815958
      12     0.014966278
      13   0.0274
 
       1      0.72725870
       2      0.72874071
       3      0.73857441
       4      0.84409637
       5      0.82004199
       6      0.87137380
       7      0.82789675
       8      0.81915337
       9      0.81941440
      10      0.72191824
      11      0.66813176
      12      0.65634319
      13   0.7702
 
