       1       123.12105
       2       98.097064
       3       141.48741
       4       134.91418
       5       140.24656
       6       100.25258
       7       125.61796
       8       108.52602
       9       105.39993
      10       109.84335
      11       72.764244
      12       126.31654
      13  1386.59
 
       1       86.218778
       2       65.326036
       3       91.075976
       4       84.962058
       5       85.307987
       6       63.086597
       7       69.961422
       8       63.494083
       9       66.572339
      10       67.842556
      11       55.965940
      12       86.290043
      13   886.10
 
       1       11.392391
       2       8.1581236
       3       11.084954
       4       9.4059021
       5       8.4537775
       6       7.3077232
       7       6.3215062
       8       6.6105482
       9       7.6243167
      10       7.3356951
      11       8.2070683
      12       10.257090
      13   102.16
 
       1       11.965812
       2       8.0339179
       3       12.626751
       4       10.357589
       5       11.577416
       6       15.044238
       7       15.725807
       8       11.885483
       9       10.177395
      10       6.9950534
      11       8.4790865
      12       12.367630
      13   135.24
 
       1       11.121507
       2       9.7857171
       3       12.876439
       4       15.431073
       5       15.541477
       6       14.962222
       7       18.472481
       8       21.037856
       9       22.816501
      10       15.121894
      11       13.737636
      12       11.078638
      13   181.98
 
       1       9.7487536
       2       9.1742455
       3       14.345519
       4       16.468456
       5       18.243661
       6       16.053637
       7       15.061591
       8       13.920299
       9       14.037022
      10       10.113111
      11       9.1837279
      12       8.7430320
      13    12.92
 
       1 0.0
       2 0.0
       3 0.0
       4 0.0
       5 0.0
       6 0.0
       7 0.0
       8 0.0
       9 0.0
      10 0.0
      11 0.0
      12 0.0
      13 0.0
 
       1      0.12853215
       2      0.11676158
       3      0.18481293
       4      0.20777873
       5      0.22937512
       6      0.20034075
       7      0.18230967
       8      0.16937901
       9      0.17254566
      10      0.12333319
      11      0.12042985
      12      0.11324260
      13   0.1624
 
       1      0.92603316
       2      0.92551086
       3      0.92528743
       4      0.92586801
       5      0.92460494
       6      0.92505055
       7      0.92528566
       8      0.92563352
       9      0.92524400
      10      0.92543769
      11      0.92733220
      12      0.92571594
      13   0.9256
 
       1    0.0098219228
       2    0.0091344037
       3     0.014305135
       4     0.016287045
       5     0.018032411
       6     0.015798713
       7     0.014593541
       8     0.013559787
       9     0.013740047
      10    0.0098978917
      11    0.0092639519
      12    0.0087610228
      13   0.0128
 
       1      0.73386657
       2      0.66029252
       3      0.79915419
       4      0.78047429
       5      0.83850259
       6      0.82901183
       7      0.79096839
       8      0.77422138
       9      0.79879706
      10      0.72975954
      11      0.72370321
      12      0.70189041
      13   0.7634
 
