       1       7.3546044
       2       12.837940
       3       21.531140
       4       22.908017
       5       31.000586
       6       44.983840
       7       45.240109
       8       27.153804
       9       17.105379
      10       13.552140
      11       7.6721599
      12       9.5620035
      13   260.90
 
       1       5.1509050
       2       7.7983425
       3       12.841969
       4       13.845380
       5       16.661427
       6       22.828316
       7       22.789657
       8       15.044351
       9       9.7552427
      10       8.2994330
      11       5.7506405
      12       7.0332619
      13   147.80
 
       1      0.70456168
       2      0.96184552
       3       2.0897398
       4       2.9766586
       5       2.6295320
       6       2.8018175
       7       3.0271739
       8       2.1669136
       9       1.2630082
      10       1.0197000
      11      0.81241974
      12      0.82698813
      13    21.28
 
       1       1.1247642
       2      0.78972208
       3       3.4793647
       4       5.3694272
       5       4.6275570
       6       12.722750
       7       15.653473
       8       8.0270072
       9       3.1922373
      10       1.1823114
      11       1.0209280
      12      0.74908727
      13    57.94
 
       1      0.19949494
       2      0.34323826
       3       1.6487827
       4       2.5808767
       5       3.0724748
       6       5.6177363
       7       6.5236844
       8       4.1298222
       9       1.7133803
      10      0.66917061
      11     0.073499340
      12     0.066499486
      13    26.64
 
       1      0.61532311
       2      0.95292760
       3       2.2323102
       4       3.6305375
       5       3.1009648
       6       3.7609862
       7       3.5821615
       8       2.4311019
       9       1.5110670
      10       1.0787624
      11      0.88889745
      12      0.68520080
      13     2.04
 
       1 0.0
       2 0.0
       3 0.0
       4 0.0
       5 0.0
       6 0.0
       7 0.0
       8 0.0
       9 0.0
      10 0.0
      11 0.0
      12 0.0
      13 0.0
 
       1     0.012832885
       2     0.019472332
       3     0.045434615
       4     0.076883796
       5     0.063193764
       6     0.072980632
       7     0.067821032
       8     0.046031649
       9     0.029133944
      10     0.022412303
      11     0.019971067
      12     0.016105480
      13   0.0410
 
       1      0.86841610
       2      0.86912939
       3      0.86767907
       4      0.86767907
       5      0.86737103
       6      0.86534043
       7      0.86544293
       8      0.86504167
       9      0.86451149
      10      0.86915568
      11      0.87371089
      12      0.88058109
      13   0.8687
 
       1    0.0017599610
       2    0.0026790997
       3    0.0062523746
       4     0.010323680
       5    0.0086244819
       6     0.010168045
       7    0.0095939454
       8    0.0065504654
       9    0.0041253500
      10    0.0030489968
      11    0.0026078072
      12    0.0020349821
      13   0.0056
 
       1      0.85436313
       2      0.80297100
       3      0.89798211
       4      0.97491119
       5      0.97768312
       6      0.98261265
       7      0.97697245
       8      0.96636952
       9      0.97900798
      10      0.96465989
      11      0.94978280
      12      0.91498541
      13   0.9369
 
