       1       479.90619
       2       452.91704
       3       455.95704
       4       471.82638
       5       531.71322
       6       509.19820
       7       521.58002
       8       515.67737
       9       504.26307
      10       477.01612
      11       468.97872
      12       507.86777
      13  5896.90
 
       1       286.01925
       2       273.83376
       3       279.45464
       4       289.40744
       5       326.79851
       6       313.05911
       7       318.31967
       8       312.28459
       9       314.04013
      10       297.16600
      11       285.73786
      12       306.09331
      13  3602.21
 
       1       36.311833
       2       35.535474
       3       34.381941
       4       35.950400
       5       39.369847
       6       38.083639
       7       39.314283
       8       40.200542
       9       38.369403
      10       35.727274
      11       35.371415
      12       38.142283
      13   446.76
 
       1       135.01258
       2       125.53121
       3       120.71649
       4       124.66960
       5       138.83179
       6       134.80613
       7       137.75479
       8       136.84516
       9       129.88661
      10       124.62322
      11       124.63591
      12       139.93537
      13  1573.25
 
       1       21.661646
       2       18.939797
       3       20.728527
       4       22.350343
       5       25.264832
       6       24.735718
       7       24.815768
       8       26.028415
       9       22.563777
      10       21.594523
      11       21.477998
      12       23.149088
      13   273.31
 
       1       5.8873388
       2       6.2493146
       3       5.3715326
       4       5.7487035
       5       6.2728020
       6       6.4456843
       7       6.3632318
       8       6.5885749
       9       6.3698326
      10       5.7082749
      11       5.7237463
      12       6.0768024
      13     6.07
 
       1 0.0
       2 0.0
       3 0.0
       4 0.0
       5 0.0
       6 0.0
       7 0.0
       8 0.0
       9 0.0
      10 0.0
      11 0.0
      12 0.0
      13 0.0
 
       1     0.023875464
       2     0.025561027
       3     0.022374243
       4     0.023818728
       5     0.025835394
       6     0.026611359
       7     0.026216094
       8     0.026805195
       9     0.026609867
      10     0.024032801
      11     0.023760876
      12     0.024982234
      13   0.0250
 
       1       1.0000000
       2       1.0000000
       3       1.0000000
       4       1.0000000
       5       1.0000000
       6       1.0000000
       7       1.0000000
       8       1.0000000
       9       1.0000000
      10       1.0000000
      11       1.0000000
      12       1.0000000
      13   1.0000
 
       1       0.0000000
       2       0.0000000
       3       0.0000000
       4       0.0000000
       5       0.0000000
       6       0.0000000
       7       0.0000000
       8       0.0000000
       9       0.0000000
      10       0.0000000
      11       0.0000000
      12       0.0000000
      13   0.0000
 
       1      0.72702363
       2      0.72263277
       3      0.66947386
       4      0.65303818
       5      0.63906765
       6      0.60737565
       7      0.65216360
       8      0.66926542
       9      0.69807920
      10      0.71559954
      11      0.70850442
      12      0.71768106
      13   0.6817
 
