       1       11.190341
       2       11.451948
       3       17.744717
       4       24.694499
       5       42.424798
       6       43.435997
       7       43.263453
       8       27.047913
       9       21.947184
      10       10.886844
      11       6.6051112
      12       7.0344057
      13   267.73
 
       1       7.6889543
       2       7.6875030
       3       11.916124
       4       15.823834
       5       23.184318
       6       23.500832
       7       22.802892
       8       15.281826
       9       12.643078
      10       7.1789050
      11       5.0637562
      12       5.2250283
      13   158.00
 
       1       1.0232774
       2       1.0381242
       3       1.9896502
       4       2.9999179
       5       3.2996600
       6       3.1126406
       7       3.1104930
       8       2.0980102
       9       1.6957409
      10       1.1227734
      11      0.78588396
      12      0.72531805
      13    23.00
 
       1      0.61763816
       2      0.74503516
       3       2.6315479
       4       4.8861650
       5       5.4698230
       6       11.154229
       7       15.437242
       8       7.6677631
       9       4.2029276
      10       1.2242918
      11       1.1782482
      12       1.0117437
      13    56.23
 
       1      0.12513702
       2      0.42803763
       3       1.4234152
       4       3.5512201
       5       4.2563462
       6       5.7996275
       7       6.2234620
       8       3.7166458
       9       2.9457792
      10      0.70640940
      11      0.49534888
      12      0.25867470
      13    29.93
 
       1      0.73955247
       2       1.1001558
       3       2.5931927
       4       4.3499942
       5       4.4920547
       6       4.0198048
       7       3.6779507
       8       2.4342948
       9       1.8833267
      10       1.1270835
      11      0.80231106
      12      0.55860187
      13     2.31
 
       1 0.0
       2 0.0
       3 0.0
       4 0.0
       5 0.0
       6 0.0
       7 0.0
       8 0.0
       9 0.0
      10 0.0
      11 0.0
      12 0.0
      13 0.0
 
       1     0.019904945
       2     0.028453279
       3     0.065992262
       4      0.11211185
       5      0.11363048
       6     0.096262393
       7     0.085383975
       8     0.056369228
       9     0.044768437
      10     0.029376792
      11     0.021046537
      12     0.014686324
      13   0.0573
 
       1      0.92643850
       2      0.92475132
       3      0.92244791
       4      0.92289716
       5      0.92352049
       6      0.92213852
       7      0.92177899
       8      0.92199724
       9      0.92132851
      10      0.92432433
      11      0.92404298
      12      0.92567164
      13   0.9234
 
       1    0.0015291787
       2    0.0022320913
       3    0.0052050081
       4    0.0087514508
       5    0.0089077557
       6    0.0077511315
       7    0.0070021834
       8    0.0046541540
       9    0.0036499484
      10    0.0022876687
      11    0.0016408568
      12    0.0011490546
      13   0.0046
 
       1      0.85286285
       2      0.86398981
       3      0.94556673
       4      0.98218113
       5      0.98747795
       6      0.98292706
       7      0.97319973
       8      0.96769054
       9      0.97970986
      10      0.97678294
      11      0.96290555
      12      0.83934588
      13   0.9429
 
