       1       180.48024
       2       141.51653
       3       159.46949
       4       150.83306
       5       192.35015
       6       200.78799
       7       228.79364
       8       180.10077
       9       127.10400
      10       117.10210
      11       140.62346
      12       137.63231
      13  1956.79
 
       1       122.27912
       2       93.011213
       3       101.76225
       4       96.245373
       5       117.81085
       6       117.75384
       7       124.99315
       8       104.05696
       9       78.738831
      10       75.868016
      11       94.479580
      12       93.319666
      13  1220.32
 
       1       17.014733
       2       11.982870
       3       14.088713
       4       13.662899
       5       15.507407
       6       14.588128
       7       14.585409
       8       12.429165
       9       10.039635
      10       9.8935124
      11       12.515963
      12       12.869442
      13   159.18
 
       1       23.840337
       2       16.390698
       3       20.725991
       4       21.484210
       5       27.766895
       6       36.633743
       7       49.890020
       8       36.071643
       9       19.627157
      10       12.491133
      11       18.155096
      12       18.649906
      13   301.73
 
       1       18.624420
       2       14.354424
       3       18.003859
       4       21.165651
       5       27.241235
       6       31.524419
       7       39.206544
       8       35.576687
       9       22.374513
      10       18.727334
      11       18.544742
      12       15.661868
      13   281.01
 
       1       15.267331
       2       16.436309
       3       18.881312
       4       20.989671
       5       26.596087
       6       26.606546
       7       26.926964
       8       22.051778
       9       15.858110
      10       13.671796
      11       14.842153
      12       11.603232
      13    19.14
 
       1 0.0
       2 0.0
       3 0.0
       4 0.0
       5 0.0
       6 0.0
       7 0.0
       8 0.0
       9 0.0
      10 0.0
      11 0.0
      12 0.0
      13 0.0
 
       1     0.015073405
       2     0.015967090
       3     0.018010129
       4     0.019691556
       5     0.024819648
       6     0.024420832
       7     0.024444667
       8     0.020080290
       9     0.014310413
      10     0.012504192
      11     0.014221668
      12     0.011217053
      13   0.0179
 
       1      0.88326233
       2      0.88313696
       3      0.88201071
       4      0.88100804
       5      0.87958097
       6      0.87877703
       7      0.88144479
       8      0.88471741
       9      0.88227250
      10      0.88236114
      11      0.88537667
      12      0.88444655
      13   0.8824
 
       1    0.0019690213
       2    0.0021137849
       3    0.0024083417
       4    0.0026595710
       5    0.0033576388
       6    0.0033284062
       7    0.0033401476
       8    0.0027466618
       9    0.0019824588
      10    0.0017218356
      11    0.0018944303
      12    0.0014890525
      13   0.0024
 
       1      0.27371441
       2      0.28452232
       3      0.31954327
       4      0.32940059
       5      0.35039216
       6      0.36542592
       7      0.33945048
       8      0.31003318
       9      0.29572798
      10      0.28446440
      11      0.28148817
      12      0.27264867
      13   0.3089
 
