       1       68.841573
       2       64.732834
       3       59.011920
       4       28.460449
       5       22.355795
       6       17.675038
       7       14.564272
       8       12.929366
       9       12.867154
      10       27.802474
      11       46.460718
      12       62.308247
      13   438.01
 
       1       34.878738
       2       34.868616
       3       34.464221
       4       17.629981
       5       15.210397
       6       11.377346
       7       9.6881842
       8       8.5308848
       9       8.1337558
      10       15.604848
      11       23.467761
      12       32.216234
      13   246.07
 
       1       6.6255658
       2       5.8715663
       3       4.7214802
       4       2.1288554
       5       1.3835263
       6       1.0329140
       7      0.83586884
       8      0.78652154
       9      0.80068128
      10       1.9713976
      11       3.9723334
      12       5.3960866
      13    35.53
 
       1       21.056018
       2       20.091710
       3       17.889393
       4       7.1717237
       5       6.0698180
       6       5.7772681
       7       4.6447250
       8       4.0117095
       9       3.1319390
      10       8.2392379
      11       14.059126
      12       20.747960
      13   132.89
 
       1       3.6280436
       2       3.2524563
       3       2.5319961
       4       1.3696631
       5       1.2137221
       6       1.3660655
       7       1.3107927
       8       1.1711766
       9      0.76676195
      10       1.5317539
      11       2.3883218
      12       3.1700554
      13    23.70
 
       1      0.97289560
       2      0.97798320
       3      0.75512888
       4      0.36635950
       5      0.25355747
       6      0.21194056
       7      0.17238238
       8      0.14745377
       9      0.13437627
      10      0.30965386
      11      0.62765717
      12      0.82983266
      13     0.48
 
       1 0.0
       2 0.0
       3 0.0
       4 0.0
       5 0.0
       6 0.0
       7 0.0
       8 0.0
       9 0.0
      10 0.0
      11 0.0
      12 0.0
      13 0.0
 
       1     0.025650127
       2     0.026554683
       3     0.020735625
       4     0.010287218
       5    0.0073256955
       6    0.0058652288
       7    0.0048015523
       8    0.0043400077
       9    0.0038474674
      10    0.0082981112
      11     0.015955421
      12     0.021427932
      13   0.0129
 
       1       1.0000000
       2       1.0000000
       3       1.0000000
       4       1.0000000
       5       1.0000000
       6       1.0000000
       7       1.0000000
       8       1.0000000
       9       1.0000000
      10       1.0000000
      11       1.0000000
      12       1.0000000
      13   1.0000
 
       1       0.0000000
       2       0.0000000
       3       0.0000000
       4       0.0000000
       5       0.0000000
       6       0.0000000
       7       0.0000000
       8       0.0000000
       9       0.0000000
      10       0.0000000
      11       0.0000000
      12       0.0000000
      13   0.0000
 
       1      0.68037055
       2      0.69322923
       3      0.58442686
       4      0.50434631
       5      0.40471885
       6      0.35900275
       7      0.44923453
       8      0.55316515
       9      0.50443692
      10      0.55899086
      11      0.64121145
      12      0.66061234
      13   0.5495
 
