       1       105.49274
       2       166.19633
       3       205.62574
       4       218.31993
       5       199.59817
       6       197.50576
       7       222.65289
       8       189.18971
       9       152.13487
      10       130.56614
      11       87.813601
      12       155.74185
      13  2030.84
 
       1       72.131396
       2       106.19533
       3       136.07487
       4       138.98596
       5       122.19762
       6       118.25331
       7       124.00422
       8       109.06528
       9       95.174677
      10       86.809012
      11       60.784125
      12       105.37592
      13  1275.05
 
       1       9.5111077
       2       13.647326
       3       17.899663
       4       18.964111
       5       14.984980
       6       14.542422
       7       13.440787
       8       12.595347
       9       11.523018
      10       11.155666
      11       8.4290834
      12       13.451234
      13   160.14
 
       1       14.491605
       2       16.750803
       3       23.501418
       4       32.219357
       5       24.427804
       6       40.791666
       7       45.738549
       8       34.673495
       9       19.989474
      10       14.663079
      11       13.094635
      12       19.920419
      13   300.26
 
       1       11.281345
       2       14.875653
       3       22.207447
       4       31.818681
       5       27.466295
       6       34.894757
       7       40.447756
       8       36.569533
       9       28.975555
      10       21.757167
      11       12.332776
      12       13.844577
      13   296.47
 
       1       9.7232658
       2       15.862915
       3       23.530999
       4       32.013548
       5       28.549610
       6       28.779199
       7       27.119200
       8       23.326900
       9       19.428535
      10       15.562363
      11       10.556048
      12       13.164680
      13    20.63
 
       1 0.0
       2 0.0
       3 0.0
       4 0.0
       5 0.0
       6 0.0
       7 0.0
       8 0.0
       9 0.0
      10 0.0
      11 0.0
      12 0.0
      13 0.0
 
       1     0.011448499
       2     0.018658253
       3     0.027884610
       4     0.038113129
       5     0.032929835
       6     0.032965490
       7     0.030270558
       8     0.026126492
       9     0.021853336
      10     0.017858441
      11     0.012329905
      12     0.015572326
      13   0.0238
 
       1      0.93164091
       2      0.93077747
       3      0.93032882
       4      0.93057248
       5      0.92938255
       6      0.92949324
       7      0.93119746
       8      0.93227680
       9      0.93089124
      10      0.93134249
      11      0.93174709
      12      0.93125069
      13   0.9309
 
       1   0.00088731996
       2    0.0014424635
       3    0.0021407702
       4    0.0029122588
       5    0.0025689698
       6    0.0025752469
       7    0.0023948863
       8    0.0020663381
       9    0.0017296656
      10    0.0014014323
      11   0.00096144646
      12    0.0011976362
      13   0.0019
 
       1      0.27988699
       2      0.29977405
       3      0.32078055
       4      0.36250276
       5      0.37377603
       6      0.39010303
       7      0.35278974
       8      0.32100881
       9      0.32119468
      10      0.29734552
      11      0.29210384
      12      0.30849922
      13   0.3266
 
