       1       488.67568
       2       457.01779
       3       487.98583
       4       469.49352
       5       461.78131
       6       483.81711
       7       548.97307
       8       526.67855
       9       479.61558
      10       470.12196
      11       431.65595
      12       476.52384
      13  5782.34
 
       1       295.59985
       2       277.09906
       3       300.52691
       4       289.90103
       5       279.41147
       6       290.04327
       7       333.35493
       8       323.16309
       9       294.99989
      10       292.19753
      11       267.73521
      12       288.97789
      13  3533.01
 
       1       37.549693
       2       35.565518
       3       37.086384
       4       35.546770
       5       35.056891
       6       36.171113
       7       41.389646
       8       40.525194
       9       37.154583
      10       35.278555
      11       31.657347
      12       35.900184
      13   438.88
 
       1       133.65570
       2       122.72743
       3       128.45220
       4       122.24243
       5       122.48901
       6       131.02847
       7       147.31573
       8       138.25711
       9       127.20761
      10       122.14345
      11       114.05340
      12       129.31949
      13  1538.89
 
       1       23.877412
       2       20.925092
       3       22.307389
       4       21.683388
       5       24.035257
       6       25.542089
       7       27.841908
       8       24.700583
       9       21.575262
      10       20.060055
      11       18.656269
      12       21.891307
      13   273.10
 
       1       5.9099963
       2       6.0170858
       3       5.8717772
       4       5.6876554
       5       5.5458940
       6       5.9850674
       7       6.6686908
       8       6.4879991
       9       6.3179274
      10       5.6442260
      11       5.2373808
      12       5.7007910
      13     5.92
 
       1 0.0
       2 0.0
       3 0.0
       4 0.0
       5 0.0
       6 0.0
       7 0.0
       8 0.0
       9 0.0
      10 0.0
      11 0.0
      12 0.0
      13 0.0
 
       1     0.024227814
       2     0.024976732
       3     0.024494951
       4     0.023728828
       5     0.022516905
       6     0.024020204
       7     0.027377798
       8     0.026944789
       9     0.026114737
      10     0.023505945
      11     0.021948922
      12     0.023605374
      13   0.0245
 
       1       1.0000000
       2       1.0000000
       3       1.0000000
       4       1.0000000
       5       1.0000000
       6       1.0000000
       7       1.0000000
       8       1.0000000
       9       1.0000000
      10       1.0000000
      11       1.0000000
      12       1.0000000
      13   1.0000
 
       1       0.0000000
       2       0.0000000
       3       0.0000000
       4       0.0000000
       5       0.0000000
       6       0.0000000
       7       0.0000000
       8       0.0000000
       9       0.0000000
      10       0.0000000
      11       0.0000000
      12       0.0000000
      13   0.0000
 
       1      0.72295919
       2      0.71807196
       3      0.68346248
       4      0.65609604
       5      0.63690265
       6      0.64268070
       7      0.68109490
       8      0.69340873
       9      0.70184440
      10      0.71882984
      11      0.71042683
      12      0.72473021
      13   0.6909
 
