       1       198.17196
       2       125.18786
       3       139.79466
       4       175.84321
       5       227.48564
       6       232.75508
       7       240.11931
       8       187.34970
       9       172.81349
      10       118.24533
      11       117.48139
      12       116.15989
      13  2051.41
 
       1       133.26164
       2       87.289240
       3       91.237529
       4       111.09893
       5       139.38777
       6       135.02776
       7       134.78828
       8       110.94122
       9       106.15532
      10       80.770996
      11       79.201360
      12       80.130854
      13  1289.29
 
       1       18.251053
       2       12.574550
       3       11.979669
       4       13.865359
       5       15.891124
       6       15.072237
       7       15.126195
       8       13.150708
       9       11.927416
      10       11.112978
      11       9.7364914
      12       10.497270
      13   159.19
 
       1       22.521816
       2       16.549084
       3       16.153149
       4       23.649896
       5       29.564417
       6       43.681655
       7       50.756575
       8       32.200282
       9       21.076686
      10       16.077742
      11       14.713348
      12       15.535749
      13   302.48
 
       1       17.028191
       2       13.768548
       3       14.180857
       4       19.761846
       5       31.464561
       6       39.713464
       7       48.238815
       8       40.269886
       9       29.142092
      10       24.518653
      11       13.816241
      12       12.964343
      13   304.87
 
       1       14.943848
       2       14.246340
       3       16.790573
       4       26.016430
       5       34.265238
       6       37.341932
       7       32.130558
       8       26.682731
       9       21.620723
      10       16.262312
      11       12.133020
      12       11.062425
      13    21.96
 
       1 0.0
       2 0.0
       3 0.0
       4 0.0
       5 0.0
       6 0.0
       7 0.0
       8 0.0
       9 0.0
      10 0.0
      11 0.0
      12 0.0
      13 0.0
 
       1     0.014682581
       2     0.014159659
       3     0.015954342
       4     0.024919044
       5     0.033082119
       6     0.036451565
       7     0.030344311
       8     0.025156944
       9     0.020132724
      10     0.015739907
      11     0.011616192
      12     0.010737281
      13   0.0211
 
       1      0.84469583
       2      0.84397468
       3      0.84161154
       4      0.84164063
       5      0.83950377
       6      0.84305124
       7      0.84569601
       8      0.84749997
       9      0.84294415
      10      0.84543698
      11      0.84627817
      12      0.84550443
      13   0.8440
 
       1    0.0025444814
       2    0.0024429236
       3    0.0028410500
       4    0.0043886398
       5    0.0057824696
       6    0.0063231086
       7    0.0053460980
       8    0.0044481474
       9    0.0035956943
      10    0.0027648621
      11    0.0020561774
      12    0.0018837258
      13   0.0037
 
       1      0.28267290
       2      0.30065139
       3      0.30615326
       4      0.33691029
       5      0.36448724
       6      0.40198460
       7      0.36418876
       8      0.32435468
       9      0.31569179
      10      0.30039972
      11      0.27780470
      12      0.28310312
      13   0.3215
 
