       1       227.53810
       2       166.51690
       3       186.35759
       4       170.99354
       5       237.34962
       6       212.48397
       7       233.66483
       8       182.88531
       9       156.14379
      10       132.51343
      11       128.84810
      12       174.44562
      13  2209.74
 
       1       152.30556
       2       110.75645
       3       121.74401
       4       106.61481
       5       145.01372
       6       125.59881
       7       126.89311
       8       105.97378
       9       98.395518
      10       85.333034
      11       87.416387
      12       120.11884
      13  1386.16
 
       1       20.556211
       2       16.194073
       3       17.058149
       4       14.132950
       5       18.687003
       6       15.838244
       7       14.356255
       8       13.018129
       9       12.834280
      10       10.934827
      11       11.652900
      12       16.359515
      13   181.62
 
       1       25.191218
       2       21.357073
       3       25.415808
       4       24.282374
       5       34.306117
       6       43.541829
       7       47.510522
       8       33.772780
       9       22.098104
      10       14.656986
      11       17.927442
      12       21.603690
      13   331.66
 
       1       20.337242
       2       18.509169
       3       21.067597
       4       19.013459
       5       32.396331
       6       37.183544
       7       43.671599
       8       35.046557
       9       30.678336
      10       19.153605
      11       17.675935
      12       19.098706
      13   313.83
 
       1       17.590866
       2       17.950925
       3       23.404759
       4       24.093844
       5       34.342645
       6       31.188318
       7       26.888765
       8       22.415440
       9       20.388713
      10       14.859034
      11       13.647960
      12       14.564471
      13    21.78
 
       1 0.0
       2 0.0
       3 0.0
       4 0.0
       5 0.0
       6 0.0
       7 0.0
       8 0.0
       9 0.0
      10 0.0
      11 0.0
      12 0.0
      13 0.0
 
       1     0.017368780
       2     0.017753037
       3     0.022781997
       4     0.022742001
       5     0.032725239
       6     0.029141271
       7     0.024371684
       8     0.020381058
       9     0.018737608
      10     0.013701141
      11     0.013025139
      12     0.014299515
      13   0.0206
 
       1      0.88358128
       2      0.88346167
       3      0.88297345
       4      0.88055339
       5      0.88041208
       6      0.88143055
       7      0.88268801
       8      0.88480299
       9      0.88179735
      10      0.88118289
      11      0.88417533
      12      0.88477115
      13   0.8827
 
       1    0.0022604307
       2    0.0023154056
       3    0.0030017130
       4    0.0030583294
       5    0.0043601346
       6    0.0039243326
       7    0.0033343218
       8    0.0027906506
       9    0.0025541187
      10    0.0018731094
      11    0.0017448771
      12    0.0018743839
      13   0.0028
 
       1      0.26483288
       2      0.28515993
       3      0.31883530
       4      0.33343010
       5      0.38053594
       6      0.38235958
       7      0.34306973
       8      0.30107410
       9      0.29919016
      10      0.28204683
      11      0.28379838
      12      0.27498209
      13   0.3124
 
