       1       129.68705
       2       78.691218
       3       136.71760
       4       169.07073
       5       144.65693
       6       140.57261
       7       133.35646
       8       126.53220
       9       96.897366
      10       87.853162
      11       99.911236
      12       113.15912
      13  1457.11
 
       1       90.760038
       2       52.910018
       3       86.908780
       4       107.55885
       5       89.086744
       6       85.455598
       7       75.354149
       8       71.739505
       9       63.518250
      10       58.588160
      11       69.913321
      12       78.181436
      13   929.97
 
       1       11.911929
       2       5.9072430
       3       9.5398698
       4       9.8951139
       5       8.1832718
       6       7.8751279
       7       6.5172939
       8       6.6535369
       9       6.7498154
      10       6.3589118
      11       8.4453773
      12       9.1267241
      13    97.16
 
       1       12.039788
       2       5.0082923
       3       11.414885
       4       13.133885
       5       10.979729
       6       13.307409
       7       16.242947
       8       16.078677
       9       9.9624704
      10       6.5423260
      11       9.3429252
      12       10.912057
      13   134.97
 
       1       9.0888924
       2       6.5973227
       3       12.186961
       4       14.753496
       5       15.106012
       6       17.174950
       7       20.135779
       8       22.619256
       9       20.167885
      10       12.672065
      11       15.240171
      12       10.820562
      13   176.56
 
       1       9.3757071
       2       7.8381194
       3       13.370726
       4       22.050144
       5       19.445439
       6       23.307161
       7       18.311051
       8       15.894937
       9       14.813108
      10       9.5086465
      11       9.0831645
      12       7.9389949
      13    14.24
 
       1 0.0
       2 0.0
       3 0.0
       4 0.0
       5 0.0
       6 0.0
       7 0.0
       8 0.0
       9 0.0
      10 0.0
      11 0.0
      12 0.0
      13 0.0
 
       1      0.12753502
       2      0.10154098
       3      0.17602827
       4      0.29490672
       5      0.25281807
       6      0.30819825
       7      0.23286342
       8      0.19939803
       9      0.19124132
      10      0.12108266
      11      0.12075614
      12      0.10588750
      13   0.1860
 
       1      0.85520984
       2      0.85119777
       3      0.85235845
       4      0.85272488
       5      0.85206161
       6      0.85229322
       7      0.85186876
       8      0.85185798
       9      0.85271884
      10      0.85221963
      11      0.85588101
      12      0.85460779
      13   0.8529
 
       1     0.019281320
       2     0.015878866
       3     0.027063961
       4     0.044860488
       5     0.039175946
       6     0.047271697
       7     0.036376146
       8     0.031362798
       9     0.029769680
      10     0.019072540
      11     0.018564083
      12     0.016243881
      13   0.0287
 
       1      0.72122857
       2      0.64773458
       3      0.76148977
       4      0.87296027
       5      0.84348292
       6      0.86907824
       7      0.85508138
       8      0.85429928
       9      0.80654820
      10      0.70375114
      11      0.68221640
      12      0.69906876
      13   0.7764
 
