       1       157.82837
       2       187.92818
       3       206.81263
       4       208.99457
       5       241.45802
       6       252.96397
       7       256.10942
       8       200.87867
       9       147.21273
      10       108.28593
      11       121.46590
      12       104.12351
      13  2194.06
 
       1       109.45569
       2       124.08612
       3       132.65618
       4       131.44835
       5       149.85064
       6       146.48874
       7       145.50251
       8       116.98512
       9       93.203507
      10       71.398566
      11       82.488981
      12       71.611469
      13  1375.18
 
       1       14.964037
       2       16.347243
       3       16.799543
       4       16.449940
       5       18.490090
       6       16.221908
       7       16.747843
       8       13.627655
       9       11.462896
      10       9.0880843
      11       10.569300
      12       10.348732
      13   171.12
 
       1       19.764453
       2       22.299111
       3       24.272425
       4       26.387412
       5       35.340628
       6       43.266283
       7       48.570694
       8       33.638397
       9       20.653811
      10       12.311611
      11       16.309020
      12       13.532226
      13   316.35
 
       1       14.713258
       2       19.629879
       3       19.717528
       4       22.263152
       5       40.498487
       6       47.923848
       7       56.219325
       8       45.239579
       9       30.432989
      10       15.956612
      11       15.100088
      12       10.128830
      13   337.82
 
       1       13.859174
       2       18.500656
       3       24.925389
       4       31.422294
       5       40.980555
       6       40.175632
       7       37.914865
       8       26.418452
       9       20.265450
      10       13.350995
      11       12.768803
      12       9.3147643
      13    24.16
 
       1 0.0
       2 0.0
       3 0.0
       4 0.0
       5 0.0
       6 0.0
       7 0.0
       8 0.0
       9 0.0
      10 0.0
      11 0.0
      12 0.0
      13 0.0
 
       1     0.017196162
       2     0.022875483
       3     0.030931550
       4     0.038936350
       5     0.050829017
       6     0.048914069
       7     0.045587428
       8     0.030905807
       9     0.023842962
      10     0.015718516
      11     0.015368922
      12     0.011359515
      13   0.0294
 
       1      0.88975052
       2      0.88942918
       3      0.88994037
       4      0.88986761
       5      0.88834491
       6      0.88857780
       7      0.88949941
       8      0.89044162
       9      0.88814597
      10      0.88844506
      11      0.88942118
      12      0.89086116
      13   0.8894
 
       1    0.0020892085
       2    0.0027776223
       3    0.0037540334
       4    0.0047296832
       5    0.0061558080
       6    0.0059691084
       7    0.0055881422
       8    0.0038506782
       9    0.0029751642
      10    0.0019735271
      11    0.0019035634
      12    0.0013977756
      13   0.0036
 
       1      0.29565026
       2      0.30798754
       3      0.35072398
       4      0.36986690
       5      0.40354679
       6      0.40373876
       7      0.38505622
       8      0.33897478
       9      0.33270688
      10      0.30733630
      11      0.31020993
      12      0.29558615
      13   0.3418
 
