       1       466.51300
       2       490.31549
       3       490.40548
       4       461.81880
       5       480.17113
       6       474.22711
       7       522.86929
       8       518.00542
       9       469.47378
      10       474.56363
      11       427.89200
      12       462.25552
      13  5738.51
 
       1       283.38665
       2       296.06700
       3       303.63972
       4       285.76138
       5       291.15900
       6       289.35495
       7       316.30102
       8       314.88958
       9       293.20401
      10       292.55800
      11       265.89653
      12       279.85071
      13  3512.07
 
       1       36.199047
       2       37.415415
       3       37.212290
       4       35.413583
       5       35.612749
       6       36.267248
       7       40.077420
       8       38.695397
       9       35.830904
      10       36.260717
      11       31.751135
      12       35.376052
      13   436.11
 
       1       127.64431
       2       134.66897
       3       128.38424
       4       120.36388
       5       128.16282
       6       123.26137
       7       141.57724
       8       140.12642
       9       121.38764
      10       124.68820
      11       112.00865
      12       124.19077
      13  1526.46
 
       1       19.794639
       2       21.253284
       3       21.733986
       4       21.501352
       5       24.946817
       6       23.136382
       7       26.071754
       8       24.049743
       9       20.206952
      10       20.731791
      11       18.407959
      12       22.351803
      13   264.19
 
       1       5.8060465
       2       6.3088449
       3       5.9496378
       4       5.7759358
       5       5.6142805
       6       5.9967630
       7       6.5368384
       8       6.1797008
       9       6.0327840
      10       5.7001708
      11       5.2426035
      12       5.5649906
      13     5.89
 
       1 0.0
       2 0.0
       3 0.0
       4 0.0
       5 0.0
       6 0.0
       7 0.0
       8 0.0
       9 0.0
      10 0.0
      11 0.0
      12 0.0
      13 0.0
 
       1     0.024071244
       2     0.025970184
       3     0.024877637
       4     0.024011830
       5     0.022808204
       6     0.024602131
       7     0.026646153
       8     0.025372378
       9     0.025288493
      10     0.023667309
      11     0.022025774
      12     0.022886857
      13   0.0244
 
       1       1.0000000
       2       1.0000000
       3       1.0000000
       4       1.0000000
       5       1.0000000
       6       1.0000000
       7       1.0000000
       8       1.0000000
       9       1.0000000
      10       1.0000000
      11       1.0000000
      12       1.0000000
      13   1.0000
 
       1       0.0000000
       2       0.0000000
       3       0.0000000
       4       0.0000000
       5       0.0000000
       6       0.0000000
       7       0.0000000
       8       0.0000000
       9       0.0000000
      10       0.0000000
      11       0.0000000
      12       0.0000000
      13   0.0000
 
       1      0.74012457
       2      0.71546431
       3      0.69287256
       4      0.65238784
       5      0.62679782
       6      0.63507138
       7      0.67433677
       8      0.70784117
       9      0.70551414
      10      0.71675523
      11      0.74408127
      12      0.73466767
      13   0.6955
 
