       1       466.49730
       2       440.89278
       3       485.77365
       4       468.17922
       5       479.99287
       6       492.44479
       7       522.64058
       8       534.54223
       9       487.93557
      10       506.77201
      11       457.70568
      12       480.48692
      13  5823.86
 
       1       281.98731
       2       269.49484
       3       298.88790
       4       290.90328
       5       291.14339
       6       299.08628
       7       316.84435
       8       328.75372
       9       303.44269
      10       316.00772
      11       284.45534
      12       291.68054
      13  3572.69
 
       1       36.046379
       2       34.017913
       3       37.182618
       4       35.197966
       5       35.945008
       6       36.663997
       7       39.190738
       8       40.569446
       9       37.464424
      10       37.987651
      11       34.121802
      12       36.246527
      13   440.63
 
       1       127.80986
       2       117.07806
       3       128.57725
       4       120.21445
       5       126.65788
       6       133.71051
       7       138.27129
       8       140.29171
       9       124.84917
      10       129.62464
      11       118.73546
      12       132.85283
      13  1538.67
 
       1       21.507273
       2       19.388503
       3       22.496367
       4       21.098653
       5       25.260187
       6       24.179564
       7       27.725641
       8       24.908143
       9       22.797819
      10       22.878940
      11       19.612244
      12       21.464144
      13   273.32
 
       1       5.8463153
       2       5.9902663
       3       5.8837473
       4       5.6988036
       5       5.7551203
       6       6.2392375
       7       6.4392903
       8       6.6113337
       9       6.2666997
      10       5.9442090
      11       5.6612138
      12       5.7580199
      13     6.01
 
       1 0.0
       2 0.0
       3 0.0
       4 0.0
       5 0.0
       6 0.0
       7 0.0
       8 0.0
       9 0.0
      10 0.0
      11 0.0
      12 0.0
      13 0.0
 
       1     0.024087644
       2     0.025023848
       3     0.024543215
       4     0.023740309
       5     0.023497382
       6     0.025200077
       7     0.026047690
       8     0.027468033
       9     0.026334692
      10     0.025016849
      11     0.023707426
      12     0.023987547
      13   0.0249
 
       1       1.0000000
       2       1.0000000
       3       1.0000000
       4       1.0000000
       5       1.0000000
       6       1.0000000
       7       1.0000000
       8       1.0000000
       9       1.0000000
      10       1.0000000
      11       1.0000000
      12       1.0000000
      13   1.0000
 
       1       0.0000000
       2       0.0000000
       3       0.0000000
       4       0.0000000
       5       0.0000000
       6       0.0000000
       7       0.0000000
       8       0.0000000
       9       0.0000000
      10       0.0000000
      11       0.0000000
      12       0.0000000
      13   0.0000
 
       1      0.70725209
       2      0.70387097
       3      0.67455417
       4      0.64431064
       5      0.61263498
       6      0.61756420
       7      0.65418388
       8      0.67459745
       9      0.68276909
      10      0.69720494
      11      0.72356466
      12      0.73390004
      13   0.6772
 
