       1       190.40415
       2       163.20145
       3       216.13166
       4       204.35588
       5       257.89568
       6       235.39287
       7       244.50976
       8       223.03780
       9       132.88412
      10       109.84642
      11       143.66501
      12       199.35237
      13  2320.68
 
       1       131.71809
       2       107.00636
       3       141.29904
       4       131.63939
       5       158.98795
       6       138.11821
       7       138.54471
       8       129.66643
       9       85.705904
      10       72.242456
      11       97.589615
      12       134.94833
      13  1467.47
 
       1       18.731005
       2       13.680629
       3       17.223378
       4       16.393044
       5       19.042981
       6       15.430879
       7       15.171030
       8       14.524194
       9       11.111191
      10       9.3509579
      11       12.337976
      12       17.120926
      13   180.12
 
       1       24.358130
       2       16.210936
       3       26.274893
       4       26.465651
       5       39.545152
       6       38.440066
       7       43.489642
       8       37.043330
       9       17.834899
      10       11.364866
      11       16.514363
      12       26.344266
      13   323.89
 
       1       21.229642
       2       15.851437
       3       20.252728
       4       26.514023
       5       37.900485
       6       46.322307
       7       50.032141
       8       49.718293
       9       28.917573
      10       17.338764
      11       18.716995
      12       23.011705
      13   355.81
 
       1       15.838302
       2       15.303091
       3       28.234889
       4       33.532644
       5       41.780302
       6       37.251795
       7       33.738218
       8       30.732749
       9       18.926722
      10       13.129274
      11       13.849243
      12       15.581139
      13    24.82
 
       1 0.0
       2 0.0
       3 0.0
       4 0.0
       5 0.0
       6 0.0
       7 0.0
       8 0.0
       9 0.0
      10 0.0
      11 0.0
      12 0.0
      13 0.0
 
       1     0.020062116
       2     0.018608702
       3     0.035403801
       4     0.041651031
       5     0.052010534
       6     0.044970676
       7     0.040072336
       8     0.036362589
       9     0.022256320
      10     0.015475275
      11     0.016755309
      12     0.019216974
      13   0.0302
 
       1      0.89002185
       2      0.88955812
       3      0.88864189
       4      0.88950145
       5      0.88809044
       6      0.88935309
       7      0.89019035
       8      0.89011695
       9      0.88803593
      10      0.88805706
      11      0.88890880
      12      0.89047545
      13   0.8892
 
       1    0.0024057104
       2    0.0022856970
       3    0.0042765275
       4    0.0050554255
       5    0.0062841140
       6    0.0055140322
       7    0.0049520675
       8    0.0044999968
       9    0.0027821610
      10    0.0019410221
      11    0.0020660449
      12    0.0023353964
      13   0.0037
 
       1      0.30985520
       2      0.27889408
       3      0.34875699
       4      0.36461371
       5      0.41498793
       6      0.41161768
       7      0.35603355
       8      0.33599127
       9      0.31673930
      10      0.29657911
      11      0.29640527
      12      0.27864004
      13   0.3341
 
