       1       485.47144
       2       446.49199
       3       480.47437
       4       484.30261
       5       506.39814
       6       512.05309
       7       516.62695
       8       543.20338
       9       473.59628
      10       473.59572
      11       436.82612
      12       493.66150
      13  5852.70
 
       1       294.60865
       2       270.11603
       3       295.68599
       4       298.78002
       5       312.48945
       6       313.77024
       7       313.64236
       8       328.49366
       9       295.36637
      10       293.17857
      11       265.38020
      12       295.68223
      13  3577.19
 
       1       37.328309
       2       34.394219
       3       36.855123
       4       36.532835
       5       38.002135
       6       38.297150
       7       39.277356
       8       41.226675
       9       36.398497
      10       36.051263
      11       33.282927
      12       37.713480
      13   445.36
 
       1       132.27937
       2       120.46038
       3       127.27824
       4       126.35132
       5       129.69755
       6       134.92750
       7       138.84448
       8       143.98710
       9       121.26921
      10       124.66624
      11       117.84371
      12       136.47318
      13  1554.08
 
       1       22.846926
       2       19.120389
       3       21.873910
       4       22.773184
       5       24.870594
       6       26.128307
       7       25.282364
       8       27.409845
       9       21.615697
      10       21.265111
      11       19.882342
      12       23.158917
      13   276.23
 
       1       5.9006798
       2       6.0008148
       3       5.8555149
       4       5.9075373
       5       6.1513724
       6       6.4603009
       7       6.3765435
       8       6.5381164
       9       5.9620467
      10       5.7151717
      11       5.4549888
      12       5.9105166
      13     6.02
 
       1 0.0
       2 0.0
       3 0.0
       4 0.0
       5 0.0
       6 0.0
       7 0.0
       8 0.0
       9 0.0
      10 0.0
      11 0.0
      12 0.0
      13 0.0
 
       1     0.024415437
       2     0.024698850
       3     0.024398920
       4     0.024578537
       5     0.025432869
       6     0.026461042
       7     0.025981075
       8     0.026840003
       9     0.025077160
      10     0.023839700
      11     0.022472116
      12     0.024092457
      13   0.0249
 
       1       1.0000000
       2       1.0000000
       3       1.0000000
       4       1.0000000
       5       1.0000000
       6       1.0000000
       7       1.0000000
       8       1.0000000
       9       1.0000000
      10       1.0000000
      11       1.0000000
      12       1.0000000
      13   1.0000
 
       1       0.0000000
       2       0.0000000
       3       0.0000000
       4       0.0000000
       5       0.0000000
       6       0.0000000
       7       0.0000000
       8       0.0000000
       9       0.0000000
      10       0.0000000
      11       0.0000000
      12       0.0000000
      13   0.0000
 
       1      0.73913044
       2      0.73062952
       3      0.68711892
       4      0.64445883
       5      0.62110026
       6      0.61048647
       7      0.65833355
       8      0.68175842
       9      0.68230246
      10      0.70777244
      11      0.70142217
      12      0.71937797
      13   0.6820
 
