       1       115.59045
       2       171.32064
       3       147.95656
       4       128.23737
       5       143.06188
       6       132.38558
       7       125.88288
       8       148.59455
       9       101.03220
      10       79.752941
      11       112.47590
      12       134.62369
      13  1540.91
 
       1       80.836293
       2       113.77160
       3       97.250603
       4       79.202081
       5       87.927218
       6       78.566959
       7       70.344817
       8       83.306724
       9       64.664444
      10       53.285845
      11       72.881887
      12       93.029770
      13   975.07
 
       1       11.041943
       2       15.151203
       3       12.140865
       4       8.5110244
       5       8.5681738
       6       7.0413984
       7       6.6635654
       8       7.5982619
       9       7.3549098
      10       6.6981588
      11       7.8701684
      12       12.095474
      13   110.74
 
       1       10.866964
       2       16.500698
       3       16.195747
       4       10.493429
       5       11.093631
       6       11.289010
       7       15.411010
       8       17.535750
       9       9.5159952
      10       7.3079050
      11       8.7570686
      12       14.564558
      13   149.53
 
       1       10.630299
       2       14.827304
       3       16.081592
       4       13.306072
       5       16.287449
       6       16.249343
       7       19.926530
       8       30.091375
       9       22.957578
      10       15.778337
      11       13.371852
      12       13.907064
      13   203.41
 
       1       9.1768859
       2       14.790975
       3       15.760159
       4       15.949512
       5       19.943686
       6       21.135520
       7       16.917699
       8       19.191306
       9       14.608029
      10       9.6889503
      11       8.5170503
      12       9.5574688
      13    14.60
 
       1 0.0
       2 0.0
       3 0.0
       4 0.0
       5 0.0
       6 0.0
       7 0.0
       8 0.0
       9 0.0
      10 0.0
      11 0.0
      12 0.0
      13 0.0
 
       1     0.099056007
       2      0.15893502
       3      0.16679191
       4      0.16355483
       5      0.20496389
       6      0.21846531
       7      0.16915129
       8      0.19221827
       9      0.14845963
      10     0.098010127
      11     0.086972681
      12      0.10236900
      13   0.1507
 
       1      0.87441616
       2      0.87194406
       3      0.87282697
       4      0.87286601
       5      0.87276026
       6      0.87233089
       7      0.87266810
       8      0.87212756
       9      0.87283701
      10      0.87352167
      11      0.87495241
      12      0.87303067
      13   0.8730
 
       1     0.013054291
       2     0.020857472
       3     0.022156730
       4     0.022179315
       5     0.027741537
       6     0.029482932
       7     0.023238775
       8     0.026335847
       9     0.020257484
      10     0.013490054
      11     0.011870951
      12     0.013535360
      13   0.0204
 
       1      0.68988492
       2      0.76130133
       3      0.75547354
       4      0.74990942
       5      0.78229269
       6      0.83209034
       7      0.80787473
       8      0.81519151
       9      0.79467839
      10      0.68531236
      11      0.63296814
      12      0.67975575
      13   0.7489
 
