       1       7.9804516
       2       9.5019842
       3       20.633478
       4       30.154128
       5       27.375940
       6       39.340217
       7       44.436651
       8       34.478528
       9       18.355135
      10       10.804314
      11       7.5527060
      12       6.6515331
      13   257.27
 
       1       5.7262930
       2       6.3151202
       3       13.629410
       4       17.928716
       5       14.446268
       6       20.574658
       7       23.459966
       8       18.946685
       9       10.776572
      10       7.0374608
      11       5.5823849
      12       5.4037215
      13   149.83
 
       1      0.76598104
       2      0.95074004
       3       2.3143632
       4       3.3048630
       5       2.1747944
       6       2.4623856
       7       2.8582681
       8       2.5600832
       9       1.4488888
      10       1.0991852
      11      0.84946404
      12      0.76079477
      13    21.55
 
       1      0.74963072
       2       1.3548203
       3       4.4646283
       4       4.5164259
       5       3.7987261
       6       10.561510
       7       14.599333
       8       10.311429
       9       3.5406532
      10       1.1575293
      11       1.2455409
      12      0.84857075
      13    57.15
 
       1      0.21974752
       2      0.49882359
       3       2.3068914
       4       3.2479723
       5       3.1277644
       6       4.7170480
       7       5.5505805
       8       4.4185640
       9       2.0499335
      10      0.63908926
      11      0.24495253
      12     0.099676783
      13    27.12
 
       1      0.67446004
       2       1.2741792
       3       3.1491769
       4       4.2470313
       5       2.8742107
       6       3.3328614
       7       3.7514287
       8       2.9722743
       9       1.6343019
      10       1.0756723
      11      0.84506960
      12      0.69512789
      13     2.21
 
       1 0.0
       2 0.0
       3 0.0
       4 0.0
       5 0.0
       6 0.0
       7 0.0
       8 0.0
       9 0.0
      10 0.0
      11 0.0
      12 0.0
      13 0.0
 
       1     0.018161873
       2     0.033705809
       3     0.081528727
       4      0.11042311
       5     0.072728037
       6     0.077772374
       7     0.087174363
       8     0.069187032
       9     0.038640147
      10     0.027553204
      11     0.022675902
      12     0.019394833
      13   0.0549
 
       1      0.92680886
       2      0.92484239
       3      0.92393014
       4      0.92344635
       5      0.92398000
       6      0.92152074
       7      0.92206361
       8      0.92083492
       9      0.92162791
      10      0.92465905
      11      0.92586562
      12      0.92698420
      13   0.9239
 
       1    0.0013978044
       2    0.0026096324
       3    0.0063558987
       4    0.0085653574
       5    0.0057082353
       6    0.0063399166
       7    0.0071304288
       8    0.0056794503
       9    0.0031604042
      10    0.0021689570
      11    0.0017489120
      12    0.0014611827
      13   0.0044
 
       1      0.85072846
       2      0.88972137
       3      0.93428704
       4      0.98050568
       5      0.97879656
       6      0.97868776
       7      0.97649011
       8      0.97371148
       9      0.97750382
      10      0.96429504
      11      0.92901920
      12      0.91734851
      13   0.9459
 
