       1       141.12786
       2       176.24032
       3       160.10118
       4       122.73350
       5       127.15805
       6       121.46682
       7       149.08482
       8       112.17211
       9       102.35779
      10       69.204627
      11       71.083244
      12       99.253763
      13  1451.98
 
       1       94.913160
       2       118.90919
       3       105.34837
       4       78.750612
       5       79.503857
       6       72.652751
       7       81.672788
       8       66.241914
       9       65.012898
      10       47.124851
      11       48.727653
      12       69.526144
      13   928.38
 
       1       11.174090
       2       15.256833
       3       13.057287
       4       9.0301161
       5       7.9642488
       6       6.4488502
       7       6.5825662
       8       6.4505407
       9       6.9339255
      10       5.7761522
      11       5.6734504
      12       7.8181979
      13   102.17
 
       1       11.494780
       2       17.661422
       3       14.544184
       4       11.059127
       5       11.620739
       6       11.719581
       7       18.389946
       8       13.822875
       9       9.7235634
      10       5.3684394
      11       6.0715912
      12       7.8753481
      13   139.35
 
       1       11.926269
       2       18.901033
       3       15.781444
       4       15.376321
       5       15.700904
       6       15.000182
       7       22.257875
       8       21.026198
       9       20.474809
      10       13.662364
      11       10.189501
      12       9.0167135
      13   189.31
 
       1       9.6273479
       2       15.745885
       3       17.438646
       4       16.380261
       5       18.932126
       6       18.133122
       7       18.624395
       8       15.757786
       9       13.898552
      10       8.1633103
      11       6.4717778
      12       7.4518371
      13    13.89
 
       1 0.0
       2 0.0
       3 0.0
       4 0.0
       5 0.0
       6 0.0
       7 0.0
       8 0.0
       9 0.0
      10 0.0
      11 0.0
      12 0.0
      13 0.0
 
       1      0.10320575
       2      0.17304224
       3      0.18809288
       4      0.17115387
       5      0.19799955
       6      0.18807847
       7      0.18791325
       8      0.15977615
       9      0.14187442
      10     0.081810029
      11     0.065095668
      12     0.079906295
      13   0.1448
 
       1      0.83030877
       2      0.83343682
       3      0.83398927
       4      0.83186845
       5      0.82988680
       6      0.82927962
       7      0.82959188
       8      0.83190194
       9      0.83101452
      10      0.83060308
      11      0.82969712
      12      0.83437254
      13   0.8313
 
       1     0.018016521
       2     0.029610629
       3     0.032599452
       4     0.030301627
       5     0.035096919
       6     0.033438562
       7     0.033743061
       8     0.028725331
       9     0.025449617
      10     0.014972073
      11     0.011904490
      12     0.014020370
      13   0.0257
 
       1      0.65337319
       2      0.75856047
       3      0.79059078
       4      0.76605546
       5      0.81408206
       6      0.83719712
       7      0.84718311
       8      0.79463300
       9      0.77089424
      10      0.70283601
      11      0.63703889
      12      0.66945424
      13   0.7535
 
