       1       12.635396
       2       11.407563
       3       25.748601
       4       21.188777
       5       41.937178
       6       48.324757
       7       42.036065
       8       28.642165
       9       21.285137
      10       10.496410
      11       10.709440
      12       6.9883423
      13   281.40
 
       1       8.3308899
       2       7.7916754
       3       15.336568
       4       12.588036
       5       22.246550
       6       24.933918
       7       22.185726
       8       16.454189
       9       11.553964
      10       6.5440312
      11       7.2690972
      12       5.5592603
      13   160.79
 
       1       1.0327601
       2       1.1590167
       3       2.3515860
       4       2.1898843
       5       3.0146680
       6       3.2796456
       7       2.9462902
       8       2.3305119
       9       1.4415187
      10      0.83722944
      11      0.92202664
      12      0.73950855
      13    22.24
 
       1      0.87698332
       2       2.1837484
       3       3.3594280
       4       3.0654336
       5       4.8130858
       6       16.467303
       7       12.483470
       8       7.8237832
       9       3.7479046
      10      0.75555879
      11      0.68967421
      12      0.91344480
      13    57.18
 
       1      0.29991729
       2       1.2589791
       3       2.4052868
       4       2.6871778
       5       3.6252238
       6       7.0803042
       7       5.4254382
       8       4.2968414
       9       2.3093851
      10      0.25274835
      11      0.11039680
      12      0.11384833
      13    29.87
 
       1      0.87453683
       2       1.6348395
       3       2.6612629
       4       2.6380122
       5       4.0579531
       6       4.2609540
       7       3.5183155
       8       2.5435801
       9       1.6226896
      10      0.84397182
      11      0.81232760
      12      0.77607008
      13     2.19
 
       1 0.0
       2 0.0
       3 0.0
       4 0.0
       5 0.0
       6 0.0
       7 0.0
       8 0.0
       9 0.0
      10 0.0
      11 0.0
      12 0.0
      13 0.0
 
       1     0.018677018
       2     0.034455999
       3     0.055771943
       4     0.053064902
       5     0.082445429
       6     0.083475238
       7     0.067260775
       8     0.048215561
       9     0.030411337
      10     0.017360347
      11     0.018036721
      12     0.017755664
      13   0.0439
 
       1      0.87192023
       2      0.86929821
       3      0.87004903
       4      0.86660582
       5      0.86645999
       6      0.86554242
       7      0.86558562
       8      0.86612180
       9      0.86626891
      10      0.86834522
      11      0.87202904
      12      0.87507751
      13   0.8686
 
       1    0.0025095569
       2    0.0046667533
       3    0.0074893952
       4    0.0073235309
       5     0.011239160
       6     0.011567210
       7    0.0094703698
       8    0.0068711242
       9    0.0043838236
      10    0.0023896174
      11    0.0023700071
      12    0.0022999439
      13   0.0060
 
       1      0.81336056
       2      0.85616052
       3      0.93045426
       4      0.96481531
       5      0.98498480
       6      0.97961528
       7      0.97427346
       8      0.96424593
       9      0.94495764
      10      0.94922765
      11      0.93092317
      12      0.93199144
      13   0.9354
 
