       1       8.9277978
       2       14.166715
       3       18.485155
       4       22.194530
       5       47.889497
       6       51.806000
       7       51.403624
       8       23.429394
       9       16.689779
      10       9.9661269
      11       9.0316089
      12       4.6310084
      13   278.62
 
       1       6.6641529
       2       9.4714641
       3       11.853508
       4       13.383014
       5       27.109472
       6       26.536844
       7       27.647045
       8       14.187119
       9       9.5901412
      10       6.6662794
      11       6.2041146
      12       3.5680015
      13   162.88
 
       1      0.90270087
       2       1.4133204
       3       1.9058981
       4       2.5295077
       5       3.9945322
       6       3.2500793
       7       3.6461922
       8       2.1995618
       9       1.2735129
      10      0.99020524
      11      0.86096813
      12      0.44243029
      13    23.41
 
       1       1.2859897
       2       1.3523956
       3       2.0203052
       4       3.4326821
       5       7.4962669
       6       13.481955
       7       16.543554
       8       7.3073232
       9       2.6384816
      10      0.85699849
      11      0.61071177
      12      0.37320726
      13    57.40
 
       1      0.39007863
       2      0.31232123
       3       1.0343662
       4       3.3257306
       5       4.8167908
       6       6.7475073
       7       7.4480317
       8       4.0159413
       9       1.8082712
      10      0.61725643
      11      0.17520326
      12     0.068971359
      13    30.76
 
       1       1.0311949
       2       1.4712338
       3       2.9309297
       4       3.3711201
       5       5.7552000
       6       4.4114304
       7       4.3815294
       8       2.5549085
       9       1.4528377
      10       1.0572751
      11      0.93035331
      12      0.41564494
      13     2.48
 
       1 0.0
       2 0.0
       3 0.0
       4 0.0
       5 0.0
       6 0.0
       7 0.0
       8 0.0
       9 0.0
      10 0.0
      11 0.0
      12 0.0
      13 0.0
 
       1     0.030222708
       2     0.040531690
       3     0.082499540
       4     0.091508320
       5      0.15358182
       6      0.11100224
       7      0.10715297
       8     0.062637155
       9     0.036352654
      10     0.028440435
      11     0.027670662
      12     0.012574439
      13   0.0653
 
       1      0.89147158
       2      0.88754080
       3      0.88697302
       4      0.88687672
       5      0.88565261
       6      0.88408291
       7      0.88400482
       8      0.88465338
       9      0.88296593
      10      0.88738863
      11      0.89212350
      12      0.89437996
      13   0.8873
 
       1    0.0033814937
       2    0.0046875319
       3    0.0094178445
       4     0.010654351
       5     0.017947987
       6     0.013310494
       7     0.013085863
       8    0.0076952412
       9    0.0044315732
      10    0.0033578817
      11    0.0030807440
      12    0.0013948157
      13   0.0077
 
       1      0.93738087
       2      0.92126727
       3      0.96487055
       4      0.96991562
       5      0.99068519
       6      0.98737113
       7      0.97972847
       8      0.97704356
       9      0.97838052
      10      0.96066173
      11      0.95182577
      12      0.92003041
      13   0.9616
 
