       1       64.606227
       2       49.678032
       3       55.130037
       4       45.472669
       5       30.186863
       6       16.185780
       7       15.830902
       8       10.600167
       9       10.991351
      10       25.546185
      11       42.214770
      12       62.551114
      13   428.99
 
       1       32.755542
       2       26.197748
       3       32.650247
       4       27.374209
       5       19.792271
       6       10.993039
       7       10.938485
       8       7.2995231
       9       7.4946663
      10       14.759711
      11       22.837135
      12       31.994377
      13   245.09
 
       1       5.9452572
       2       4.1613121
       3       4.5074457
       4       3.1451225
       5       1.7850111
       6      0.84666783
       7      0.79144480
       8      0.58966963
       9      0.63237759
      10       1.8850428
      11       3.4931315
      12       5.7054687
      13    33.49
 
       1       19.904888
       2       15.449318
       3       18.166002
       4       12.424407
       5       7.7500506
       6       4.7315395
       7       4.3279140
       8       2.7572816
       9       2.6954714
      10       7.9529232
      11       13.401948
      12       19.661492
      13   129.22
 
       1       3.9809287
       2       2.4777361
       3       2.7210553
       4       2.0481102
       5       1.5015640
       6       1.1901733
       7       1.1994014
       8      0.89038212
       9      0.66368018
      10       1.6153086
      11       2.1451249
      12       3.8581695
      13    24.29
 
       1      0.86067168
       2      0.70705390
       3      0.75786019
       4      0.53619395
       5      0.31237617
       6      0.17058396
       7      0.14678800
       8      0.10760450
       9      0.10659600
      10      0.30653289
      11      0.55753157
      12      0.86113276
      13     0.45
 
       1 0.0
       2 0.0
       3 0.0
       4 0.0
       5 0.0
       6 0.0
       7 0.0
       8 0.0
       9 0.0
      10 0.0
      11 0.0
      12 0.0
      13 0.0
 
       1     0.022286782
       2     0.018930685
       3     0.020165190
       4     0.014722474
       5    0.0090856928
       6    0.0049682453
       7    0.0043653592
       8    0.0032321920
       9    0.0032907901
      10    0.0082020796
      11     0.014835407
      12     0.022235711
      13   0.0122
 
       1       1.0000000
       2       1.0000000
       3       1.0000000
       4       1.0000000
       5       1.0000000
       6       1.0000000
       7       1.0000000
       8       1.0000000
       9       1.0000000
      10       1.0000000
      11       1.0000000
      12       1.0000000
      13   1.0000
 
       1       0.0000000
       2       0.0000000
       3       0.0000000
       4       0.0000000
       5       0.0000000
       6       0.0000000
       7       0.0000000
       8       0.0000000
       9       0.0000000
      10       0.0000000
      11       0.0000000
      12       0.0000000
      13   0.0000
 
       1      0.67938366
       2      0.59773755
       3      0.50112877
       4      0.44200735
       5      0.35210953
       6      0.35111135
       7      0.46968503
       8      0.53002062
       9      0.50587596
      10      0.56163775
      11      0.66015742
      12      0.65868474
      13   0.5258
 
