       1       120.50278
       2       153.67260
       3       138.83339
       4       205.73457
       5       162.25404
       6       151.30929
       7       152.04741
       8       125.47041
       9       124.43363
      10       92.036643
      11       60.873267
      12       118.86623
      13  1606.03
 
       1       82.188979
       2       103.75883
       3       90.480823
       4       123.93010
       5       104.00901
       6       88.810186
       7       83.913973
       8       72.384691
       9       77.462520
      10       60.958168
      11       40.927447
      12       81.216681
      13  1010.04
 
       1       10.484622
       2       13.946812
       3       10.461091
       4       10.331759
       5       11.461639
       6       7.8756090
       7       7.5805408
       8       7.0157258
       9       8.3170697
      10       7.3052668
      11       4.8096911
      12       10.030826
      13   109.62
 
       1       10.713292
       2       15.418570
       3       12.897460
       4       11.535725
       5       19.314689
       6       15.717446
       7       20.398874
       8       15.486008
       9       12.206080
      10       9.1435428
      11       5.0971689
      12       12.461403
      13   160.39
 
       1       10.028337
       2       15.478926
       3       13.995585
       4       12.557299
       5       23.536500
       6       18.722314
       7       26.032574
       8       24.671256
       9       25.832018
      10       19.458153
      11       8.2995246
      12       10.277755
      13   208.89
 
       1       8.6647217
       2       14.474708
       3       15.850611
       4       22.888740
       5       29.921831
       6       23.982267
       7       19.862920
       8       16.526959
       9       16.007419
      10       11.031011
      11       5.5638706
      12       8.7682418
      13    16.13
 
       1 0.0
       2 0.0
       3 0.0
       4 0.0
       5 0.0
       6 0.0
       7 0.0
       8 0.0
       9 0.0
      10 0.0
      11 0.0
      12 0.0
      13 0.0
 
       1     0.091858699
       2      0.15726369
       3      0.16899798
       4      0.23910639
       5      0.32782354
       6      0.24753073
       7      0.19933934
       8      0.16611614
       9      0.16284273
      10      0.11151799
      11     0.054437647
      12     0.092735114
      13   0.1683
 
       1      0.87212546
       2      0.87311127
       3      0.87421640
       4      0.87337687
       5      0.87615995
       6      0.87206781
       7      0.87274679
       8      0.87342746
       9      0.87242068
      10      0.87318782
      11      0.87113450
      12      0.87326592
      13   0.8731
 
       1     0.012240311
       2     0.020525945
       3     0.022345582
       4     0.031832554
       5     0.042580855
       6     0.033349571
       7     0.027235675
       8     0.022737598
       9     0.022154557
      10     0.015311388
      11    0.0076760540
      12     0.012370752
      13   0.0225
 
       1      0.64784009
       2      0.74852163
       3      0.73644159
       4      0.77201331
       5      0.87306363
       6      0.86246380
       7      0.83912210
       8      0.80077572
       9      0.80554946
      10      0.73733841
      11      0.61470631
      12      0.69479562
      13   0.7611
 
