       1       105.81849
       2       120.35565
       3       196.63067
       4       236.13166
       5       225.88320
       6       271.72923
       7       237.24308
       8       198.26949
       9       140.51811
      10       108.71836
      11       149.99760
      12       217.11277
      13  2208.41
 
       1       72.741872
       2       79.042137
       3       126.83111
       4       151.41861
       5       142.01017
       6       158.29022
       7       135.90648
       8       114.23613
       9       89.612232
      10       71.661062
      11       99.761878
      12       148.38934
      13  1389.90
 
       1       9.7389457
       2       9.5906152
       3       15.468559
       4       18.046325
       5       18.058445
       6       16.534789
       7       15.689199
       8       12.655384
       9       10.723394
      10       9.2597188
      11       11.977820
      12       18.604954
      13   166.35
 
       1       14.414289
       2       13.847565
       3       22.377058
       4       29.126856
       5       33.935856
       6       47.703787
       7       49.221887
       8       33.622670
       9       19.457400
      10       13.294771
      11       19.133290
      12       23.736014
      13   319.87
 
       1       9.9244695
       2       9.8733557
       3       20.632959
       4       24.675218
       5       35.523597
       6       43.798267
       7       51.199926
       8       40.792531
       9       29.420653
      10       17.430164
      11       17.858148
      12       25.526468
      13   326.66
 
       1       10.042781
       2       12.667666
       3       22.522536
       4       37.581243
       5       36.695837
       6       41.988112
       7       34.432279
       8       24.839963
       9       19.993561
      10       13.608461
      11       14.008874
      12       16.413246
      13    23.73
 
       1 0.0
       2 0.0
       3 0.0
       4 0.0
       5 0.0
       6 0.0
       7 0.0
       8 0.0
       9 0.0
      10 0.0
      11 0.0
      12 0.0
      13 0.0
 
       1     0.012155081
       2     0.015010065
       3     0.027058572
       4     0.046662933
       5     0.045071006
       6     0.050641539
       7     0.040845945
       8     0.028622002
       9     0.023431085
      10     0.015915131
      11     0.016905412
      12     0.020250709
      13   0.0285
 
       1      0.86227134
       2      0.86104552
       3      0.86185806
       4      0.86226155
       5      0.86257233
       6      0.86078000
       7      0.86407225
       8      0.86514785
       9      0.86311677
      10      0.86270918
      11      0.86447858
      12      0.86507855
      13   0.8629
 
       1    0.0018670514
       2    0.0023316217
       3    0.0041515901
       4    0.0070222280
       5    0.0068232277
       6    0.0077222323
       7    0.0062685365
       8    0.0044701475
       9    0.0036429025
      10    0.0024883818
      11    0.0025874353
      12    0.0030529362
      13   0.0044
 
       1      0.30827639
       2      0.30420011
       3      0.31804202
       4      0.37623528
       5      0.40640620
       6      0.42171300
       7      0.38871896
       8      0.34493319
       9      0.33188855
      10      0.31313523
      11      0.31067319
      12      0.29626457
      13   0.3434
 
