       1       170.84616
       2       188.87631
       3       178.55028
       4       169.65262
       5       234.04111
       6       230.66341
       7       236.52762
       8       178.55135
       9       154.48845
      10       103.34543
      11       185.95000
      12       111.48621
      13  2142.98
 
       1       115.37081
       2       127.75052
       3       116.83705
       4       107.85884
       5       142.95902
       6       133.86332
       7       132.22565
       8       105.95449
       9       94.437664
      10       70.210455
      11       124.85537
      12       78.026298
      13  1350.35
 
       1       14.451784
       2       18.318527
       3       15.770669
       4       13.562377
       5       16.921020
       6       15.259525
       7       14.213507
       8       12.157769
       9       10.106412
      10       9.8399042
      11       14.338815
      12       10.666827
      13   165.61
 
       1       18.706981
       2       25.027181
       3       24.030163
       4       22.579833
       5       31.111533
       6       43.827055
       7       45.034281
       8       33.414858
       9       18.857193
      10       14.469414
      11       20.846801
      12       15.738958
      13   313.64
 
       1       11.803396
       2       20.799711
       3       19.704033
       4       21.109963
       5       36.848395
       6       43.161167
       7       45.454338
       8       39.334823
       9       27.037840
      10       18.093754
      11       21.757137
      12       14.508140
      13   319.61
 
       1       13.654850
       2       21.039723
       3       22.178342
       4       25.528809
       5       34.065660
       6       33.610913
       7       30.224203
       8       23.760626
       9       19.320206
      10       14.349734
      11       18.300395
      12       10.338831
      13    22.20
 
       1 0.0
       2 0.0
       3 0.0
       4 0.0
       5 0.0
       6 0.0
       7 0.0
       8 0.0
       9 0.0
      10 0.0
      11 0.0
      12 0.0
      13 0.0
 
       1     0.013339789
       2     0.021256441
       3     0.021806310
       4     0.024465776
       5     0.032776570
       6     0.032070138
       7     0.028123850
       8     0.022143582
       9     0.017852040
      10     0.013734134
      11     0.018040362
      12     0.010112278
      13   0.0213
 
       1      0.84605920
       2      0.84419292
       3      0.84511806
       4      0.84290915
       5      0.84194558
       6      0.84317304
       7      0.84557383
       8      0.84702497
       9      0.84269999
      10      0.84488087
      11      0.84599479
      12      0.84602778
      13   0.8446
 
       1    0.0023202421
       2    0.0036151768
       3    0.0037840115
       4    0.0043214824
       5    0.0057386199
       6    0.0056294753
       7    0.0049987667
       8    0.0039439336
       9    0.0032052472
      10    0.0024312244
      11    0.0031259745
      12    0.0017649094
      13   0.0037
 
       1      0.28147051
       2      0.31557336
       3      0.30775240
       4      0.32918526
       5      0.38385345
       6      0.38262502
       7      0.34375426
       8      0.31804257
       9      0.30847801
      10      0.28236020
      11      0.28610357
      12      0.26632606
      13   0.3171
 
