       1       32.302487
       2       27.901938
       3       25.166479
       4       19.781797
       5       20.812137
       6       19.867122
       7       18.376832
       8       16.004620
       9       12.649335
      10       12.739576
      11       23.939178
      12       28.804368
      13   258.35
 
       1       16.500836
       2       14.926306
       3       13.935384
       4       11.299431
       5       12.291890
       6       12.357524
       7       11.153355
       8       9.8935861
       9       7.7335851
      10       7.2560263
      11       12.395515
      12       14.870297
      13   144.61
 
       1       2.5859159
       2       2.2609053
       3       2.1452082
       4       1.6923114
       5       1.6696731
       6       1.6032570
       7       1.3479239
       8       1.1551887
       9       1.0134544
      10       1.0964689
      11       2.0899692
      12       2.2923022
      13    20.95
 
       1       11.321969
       2       8.8420273
       3       7.7437746
       4       5.5502290
       5       5.7372742
       6       5.7596843
       7       5.8890830
       8       4.7738239
       9       3.7050229
      10       4.1832077
      11       8.3127415
      12       10.012014
      13    81.83
 
       1       1.8861516
       2       1.0477730
       3       1.1178409
       4      0.79078742
       5      0.90311367
       6      0.73613001
       7      0.71187105
       8      0.84984216
       9      0.94374768
      10       1.0722541
      11       1.6609290
      12       2.2288656
      13    13.95
 
       1      0.44486769
       2      0.46013412
       3      0.40492879
       4      0.35775994
       5      0.37668202
       6      0.37774824
       7      0.32922879
       8      0.27051957
       9      0.22585532
      10      0.20466679
      11      0.35603518
      12      0.39262753
      13     0.35
 
       1 0.0
       2 0.0
       3 0.0
       4 0.0
       5 0.0
       6 0.0
       7 0.0
       8 0.0
       9 0.0
      10 0.0
      11 0.0
      12 0.0
      13 0.0
 
       1     0.016337870
       2     0.016688713
       3     0.015796279
       4     0.013756780
       5     0.014980741
       6     0.016396549
       7     0.013945023
       8     0.011912143
       9    0.0094424575
      10    0.0078906140
      11     0.013500460
      12     0.014370305
      13   0.0138
 
       1       1.0000000
       2       1.0000000
       3       1.0000000
       4       1.0000000
       5       1.0000000
       6       1.0000000
       7       1.0000000
       8       1.0000000
       9       1.0000000
      10       1.0000000
      11       1.0000000
      12       1.0000000
      13   1.0000
 
       1       0.0000000
       2       0.0000000
       3       0.0000000
       4       0.0000000
       5       0.0000000
       6       0.0000000
       7       0.0000000
       8       0.0000000
       9       0.0000000
      10       0.0000000
      11       0.0000000
      12       0.0000000
      13   0.0000
 
       1      0.31388369
       2      0.25675785
       3      0.20426474
       4      0.12369244
       5      0.16443475
       6      0.12939229
       7      0.15890226
       8      0.17332764
       9      0.17043871
      10      0.24579758
      11      0.34893062
      12      0.33187152
      13   0.2185
 
