       1       7.5556211
       2       10.416878
       3       20.435297
       4       24.479739
       5       31.533370
       6       44.433083
       7       41.539366
       8       24.658458
       9       17.618744
      10       11.578029
      11       7.2318645
      12       8.6918442
      13   250.17
 
       1       5.5117152
       2       7.0677942
       3       13.437686
       4       14.908651
       5       16.932200
       6       23.023914
       7       21.683146
       8       13.963546
       9       9.6901455
      10       7.3176075
      11       5.2141938
      12       6.2418406
      13   144.99
 
       1      0.75881956
       2       1.0028928
       3       2.3453414
       4       3.0065633
       5       2.4828507
       6       2.8386457
       7       2.7834588
       8       1.9850191
       9       1.2281529
      10       1.0302526
      11      0.71842010
      12      0.77199022
      13    20.95
 
       1      0.58527630
       2       1.1364200
       3       3.8639445
       4       5.1543038
       5       4.7751536
       6       13.493813
       7       12.782042
       8       6.3089055
       9       2.3956715
      10      0.74063630
      11      0.89990560
      12      0.69468470
      13    52.83
 
       1      0.13526553
       2      0.33117531
       3       1.4732210
       4       4.7889586
       5       3.1644723
       6       5.9024718
       7       5.5710540
       8       3.6051194
       9       1.5660950
      10      0.36515993
      11      0.23253890
      12      0.20971069
      13    27.35
 
       1      0.67022107
       2       1.2001824
       3       3.1767303
       4       4.0505040
       5       3.1161765
       6       3.7935248
       7       3.3647826
       8       2.1386958
       9       1.3659997
      10      0.98906677
      11      0.81972308
      12      0.54827724
      13     2.10
 
       1 0.0
       2 0.0
       3 0.0
       4 0.0
       5 0.0
       6 0.0
       7 0.0
       8 0.0
       9 0.0
      10 0.0
      11 0.0
      12 0.0
      13 0.0
 
       1     0.014703106
       2     0.025038669
       3     0.067491392
       4     0.086993436
       5     0.062968350
       6     0.073921765
       7     0.063982348
       8     0.040179933
       9     0.026172846
      10     0.020602075
      11     0.017823181
      12     0.012101406
      13   0.0427
 
       1      0.87398921
       2      0.86859122
       3      0.86722266
       4      0.87051176
       5      0.86669284
       6      0.86509790
       7      0.86316288
       8      0.86440286
       9      0.86529970
      10      0.87055491
      11      0.87097621
      12      0.87341385
      13   0.8683
 
       1    0.0019548460
       2    0.0034191873
       3    0.0090601137
       4     0.011535390
       5    0.0086284120
       6     0.010277138
       7    0.0090320311
       8    0.0057512508
       9    0.0037145900
      10    0.0028061549
      11    0.0023890678
      12    0.0015999564
      13   0.0058
 
       1      0.81034135
       2      0.89528420
       3      0.96397510
       4      0.97404307
       5      0.97729905
       6      0.97960535
       7      0.97823713
       8      0.96736734
       9      0.97417620
      10      0.93613615
      11      0.94520362
      12      0.89109320
      13   0.9411
 
