       1       261.10919
       2       243.44749
       3       268.40880
       4       303.81579
       5       365.67576
       6       397.51227
       7       378.68864
       8       270.57730
       9       204.97253
      10       206.46035
      11       150.39556
      12       226.30100
      13  3277.36
 
       1       173.98333
       2       161.80698
       3       172.01391
       4       195.04750
       5       219.61750
       6       236.03650
       7       214.40017
       8       155.75001
       9       127.75367
      10       137.94703
      11       101.84732
      12       153.66607
      13  2049.87
 
       1       22.331441
       2       21.761103
       3       21.942586
       4       24.401464
       5       25.459079
       6       25.545086
       7       25.080223
       8       18.585338
       9       15.233889
      10       17.919971
      11       14.026556
      12       19.855234
      13   252.14
 
       1       29.543555
       2       28.263587
       3       35.248748
       4       41.505464
       5       54.343406
       6       63.811927
       7       81.437467
       8       44.519416
       9       26.712280
      10       22.102067
      11       19.135117
      12       25.292183
      13   471.92
 
       1       24.883022
       2       20.828505
       3       23.314789
       4       38.811118
       5       52.824941
       6       73.555340
       7       85.160720
       8       59.209539
       9       41.959318
      10       31.095557
      11       19.441117
      12       24.590171
      13   495.67
 
       1       20.913842
       2       25.838938
       3       35.862053
       4       49.938129
       5       55.929466
       6       69.119618
       7       57.438893
       8       34.033497
       9       28.454837
      10       24.194783
      11       15.470296
      12       19.090827
      13    36.36
 
       1 0.0
       2 0.0
       3 0.0
       4 0.0
       5 0.0
       6 0.0
       7 0.0
       8 0.0
       9 0.0
      10 0.0
      11 0.0
      12 0.0
      13 0.0
 
       1     0.020647400
       2     0.025441032
       3     0.035567435
       4     0.049131460
       5     0.054343210
       6     0.067843388
       7     0.055213108
       8     0.031277803
       9     0.026216099
      10     0.022944343
      11     0.014684820
      12     0.018415658
      13   0.0351
 
       1      0.88349430
       2      0.88474094
       3      0.88409079
       4      0.88243142
       5      0.88089828
       6      0.88313056
       7      0.88501820
       8      0.88562457
       9      0.88118794
      10      0.88386727
      11      0.88346831
      12      0.88390020
      13   0.8835
 
       1    0.0026936387
       2    0.0033252577
       3    0.0046346703
       4    0.0064240419
       5    0.0071542751
       6    0.0088604748
       7    0.0072970685
       8    0.0042611987
       9    0.0035765281
      10    0.0030875395
      11    0.0019799733
      12    0.0024433452
      13   0.0046
 
       1      0.31987249
       2      0.31532754
       3      0.34594697
       4      0.39954279
       5      0.41891353
       6      0.42892617
       7      0.41007204
       8      0.35747590
       9      0.32847761
      10      0.30951238
      11      0.29986753
      12      0.30200399
      13   0.3530
 
