       1       136.90947
       2       92.592175
       3       127.58145
       4       153.88547
       5       177.48515
       6       135.46015
       7       133.22440
       8       128.54738
       9       119.64990
      10       71.816478
      11       77.146562
      12       88.789935
      13  1443.09
 
       1       94.419396
       2       61.817689
       3       80.936457
       4       92.799430
       5       109.61155
       6       80.203049
       7       75.194459
       8       73.175981
       9       74.528778
      10       49.507724
      11       52.678578
      12       62.277232
      13   907.15
 
       1       13.305231
       2       7.4193052
       3       9.1979570
       4       8.5792658
       5       10.290551
       6       7.6525638
       7       6.6821905
       8       7.0041351
       9       7.6706992
      10       6.6923737
      11       6.0989604
      12       7.9162560
      13    98.51
 
       1       16.294372
       2       6.3024179
       3       10.049689
       4       9.7612072
       5       14.284060
       6       15.512736
       7       17.686022
       8       14.383703
       9       10.113851
      10       7.0410192
      11       6.7896209
      12       7.9721728
      13   136.19
 
       1       13.052480
       2       6.6855511
       3       12.772106
       4       12.697039
       5       18.805873
       6       19.555861
       7       22.892336
       8       24.104180
       9       24.579430
      10       16.839971
      11       10.405709
      12       8.9506852
      13   191.34
 
       1       9.7990559
       2       8.7525439
       3       12.745931
       4       17.499499
       5       26.660958
       6       21.944333
       7       18.516134
       8       16.215346
       9       16.245508
      10       9.4668497
      11       7.0091848
      12       6.4216286
      13    14.27
 
       1 0.0
       2 0.0
       3 0.0
       4 0.0
       5 0.0
       6 0.0
       7 0.0
       8 0.0
       9 0.0
      10 0.0
      11 0.0
      12 0.0
      13 0.0
 
       1      0.10667901
       2     0.091159915
       3      0.13275073
       4      0.18005052
       5      0.28143410
       6      0.22946646
       7      0.18579612
       8      0.16173426
       9      0.16487960
      10     0.095799088
      11     0.069800298
      12     0.067497766
      13   0.1473
 
       1      0.87422923
       2      0.87291936
       3      0.87288551
       4      0.87286622
       5      0.87347728
       6      0.87248122
       7      0.87295705
       8      0.87229859
       9      0.87282236
      10      0.87273195
      11      0.87173882
      12      0.87322121
      13   0.8729
 
       1     0.013914022
       2     0.012274930
       3     0.017827449
       4     0.024326266
       5     0.037374371
       6     0.030685523
       7     0.025429595
       8     0.022249802
       9     0.022478563
      10     0.013185664
      11    0.0097194805
      12    0.0090684641
      13   0.0199
 
       1      0.68821558
       2      0.70601308
       3      0.70368798
       4      0.73841277
       5      0.84098922
       6      0.87952783
       7      0.82814735
       8      0.79562503
       9      0.78687258
      10      0.70217804
      11      0.61912188
      12      0.66759775
      13   0.7464
 
