       1       186.02343
       2       170.63281
       3       151.22295
       4       199.17548
       5       261.97702
       6       225.15725
       7       235.02435
       8       199.03930
       9       153.40163
      10       125.13911
      11       156.46383
      12       182.24882
      13  2245.51
 
       1       125.69380
       2       115.30673
       3       97.512382
       4       126.33213
       5       159.70035
       6       131.32060
       7       132.68196
       8       114.20273
       9       95.968484
      10       81.976061
      11       102.31460
      12       125.09449
      13  1408.10
 
       1       16.866514
       2       15.276515
       3       13.054425
       4       15.955418
       5       18.198220
       6       16.220968
       7       14.844727
       8       13.019597
       9       11.640241
      10       10.559255
      11       12.823124
      12       17.352923
      13   175.81
 
       1       22.020635
       2       20.785225
       3       20.403340
       4       23.923614
       5       32.434106
       6       47.814638
       7       45.917571
       8       34.792871
       9       19.645600
      10       15.202599
      11       17.957564
      12       24.891617
      13   325.79
 
       1       16.948333
       2       18.152711
       3       16.367146
       4       22.795124
       5       35.636952
       6       46.723202
       7       46.195603
       8       41.487262
       9       31.258606
      10       19.917349
      11       18.624867
      12       20.124696
      13   334.23
 
       1       14.692012
       2       19.513022
       3       18.685186
       4       29.979893
       5       40.403259
       6       36.717421
       7       31.280163
       8       25.211118
       9       21.162433
      10       15.133101
      11       13.957548
      12       14.499471
      13    23.44
 
       1 0.0
       2 0.0
       3 0.0
       4 0.0
       5 0.0
       6 0.0
       7 0.0
       8 0.0
       9 0.0
      10 0.0
      11 0.0
      12 0.0
      13 0.0
 
       1     0.014398931
       2     0.019404541
       3     0.017861389
       4     0.028966224
       5     0.039114813
       6     0.035114315
       7     0.028993668
       8     0.023119664
       9     0.019646917
      10     0.014213606
      11     0.013312919
      12     0.014214263
      13   0.0224
 
       1      0.88399558
       2      0.88594338
       3      0.88283930
       4      0.88274504
       5      0.88150252
       6      0.88121826
       7      0.88368347
       8      0.88478329
       9      0.88286460
      10      0.88349260
      11      0.88533076
      12      0.88494252
      13   0.8836
 
       1    0.0018887893
       2    0.0025239425
       3    0.0023908051
       4    0.0038327995
       5    0.0051619496
       6    0.0046607864
       7    0.0039142296
       8    0.0031492441
       9    0.0026659062
      10    0.0019211715
      11    0.0017803748
      12    0.0018633279
      13   0.0030
 
       1      0.25474466
       2      0.26705499
       3      0.30476374
       4      0.33847115
       5      0.36909554
       6      0.39389099
       7      0.34921867
       8      0.32122466
       9      0.31096808
      10      0.30406447
      11      0.27776808
      12      0.27898300
      13   0.3142
 
