       1       112.68199
       2       112.36860
       3       102.58791
       4       143.99559
       5       119.11275
       6       124.21693
       7       116.90398
       8       106.85284
       9       99.488772
      10       74.827201
      11       107.33790
      12       84.657585
      13  1305.03
 
       1       73.043941
       2       80.229843
       3       65.161178
       4       86.669099
       5       76.021422
       6       74.278036
       7       66.821861
       8       61.703020
       9       61.740062
      10       50.285526
      11       72.944617
      12       59.303895
      13   828.20
 
       1       8.3354861
       2       12.571137
       3       7.4687647
       4       8.3877118
       5       9.3691283
       6       7.9169221
       7       6.9346425
       8       6.9007646
       9       7.2553638
      10       6.7714990
      11       8.5173883
      12       7.9752818
      13    98.40
 
       1       9.5672351
       2       14.840420
       3       7.9007096
       4       9.5977907
       5       13.582221
       6       15.144084
       7       16.861028
       8       12.823402
       9       9.8064845
      10       7.2602945
      11       7.8159132
      12       9.2341690
      13   134.43
 
       1       9.1439501
       2       11.910620
       3       9.5023465
       4       10.951671
       5       15.216199
       6       14.457697
       7       18.346882
       8       21.602903
       9       20.284232
      10       14.251930
      11       12.470419
      12       8.5142967
      13   166.65
 
       1       7.3845822
       2       12.707638
       3       10.437944
       4       15.044368
       5       19.072804
       6       18.112420
       7       14.651727
       8       13.309595
       9       12.769713
      10       9.2789994
      11       10.134961
      12       6.8188646
      13    12.48
 
       1 0.0
       2 0.0
       3 0.0
       4 0.0
       5 0.0
       6 0.0
       7 0.0
       8 0.0
       9 0.0
      10 0.0
      11 0.0
      12 0.0
      13 0.0
 
       1     0.075891458
       2      0.13812419
       3      0.10591170
       4      0.15097287
       5      0.19812570
       6      0.18012737
       7      0.14455059
       8      0.13146934
       9      0.12529159
      10     0.091758906
      11      0.10654253
      12     0.072215268
      13   0.1267
 
       1      0.87169837
       2      0.87328479
       3      0.87070585
       4      0.87152007
       5      0.87246906
       6      0.86962161
       7      0.87211732
       8      0.87204771
       9      0.87209285
      10      0.87091118
      11      0.87606950
      12      0.87478063
      13   0.8723
 
       1     0.010318089
       2     0.018040458
       3     0.014502086
       4     0.020700885
       5     0.026722536
       6     0.024847435
       7     0.020002991
       8     0.018222427
       9     0.017496656
      10     0.012823188
      11     0.014230390
      12    0.0096517592
      13   0.0173
 
       1      0.61475845
       2      0.72651076
       3      0.71845573
       4      0.73990784
       5      0.77834113
       6      0.80263633
       7      0.76676579
       8      0.77580558
       9      0.74944824
      10      0.71682369
      11      0.70789769
      12      0.70127217
      13   0.7332
 
