       1       7.6504246
       2       14.026488
       3       18.275786
       4       26.055458
       5       44.985919
       6       50.227300
       7       43.763824
       8       27.914876
       9       16.033389
      10       9.9660040
      11       10.194363
      12       10.150583
      13   279.24
 
       1       5.6418758
       2       9.3406335
       3       12.609294
       4       16.281292
       5       25.242664
       6       25.103673
       7       23.787615
       8       15.529597
       9       9.7133556
      10       6.5503927
      11       6.6094163
      12       7.7277491
      13   164.14
 
       1      0.65564115
       2       1.3314609
       3       2.2560408
       4       3.0991381
       5       3.6768931
       6       3.1318667
       7       3.0653523
       8       2.2455136
       9       1.4546325
      10      0.94850404
      11      0.82674413
      12       1.0869842
      13    23.78
 
       1      0.59692663
       2      0.97467330
       3       3.6017266
       4       4.6497800
       5       8.4970339
       6       14.938780
       7       13.503417
       8       7.4646453
       9       2.6422823
      10      0.84880557
      11      0.74922420
      12      0.83092854
      13    59.30
 
       1     0.094680597
       2      0.35683519
       3       2.1215955
       4       3.9095399
       5       4.7025048
       6       6.8194197
       7       6.3473488
       8       4.1743019
       9       1.9437419
      10      0.37029748
      11      0.13578419
      12      0.21205481
      13    31.19
 
       1      0.54932592
       2       1.5192434
       3       3.0898020
       4       4.5239736
       5       4.9015299
       6       4.4570289
       7       3.8088287
       8       2.3497166
       9       1.6296205
      10       1.0317383
      11      0.89922893
      12      0.88752002
      13     2.47
 
       1 0.0
       2 0.0
       3 0.0
       4 0.0
       5 0.0
       6 0.0
       7 0.0
       8 0.0
       9 0.0
      10 0.0
      11 0.0
      12 0.0
      13 0.0
 
       1     0.011948134
       2     0.032702042
       3     0.066923361
       4     0.098343106
       5      0.10426651
       6     0.089065132
       7     0.074125951
       8     0.044919268
       9     0.032527226
      10     0.022268706
      11     0.020146052
      12     0.020711169
      13   0.0515
 
       1      0.82878207
       2      0.82699446
       3      0.82963604
       4      0.82872014
       5      0.83012491
       6      0.82564428
       7      0.82538323
       8      0.82419498
       9      0.82607255
      10      0.83025855
      11      0.83304835
      12      0.83805165
      13   0.8289
 
       1    0.0021202931
       2    0.0057969981
       3     0.011744423
       4     0.017192209
       5     0.018197913
       6     0.016008996
       7     0.013509284
       8    0.0083463800
       9    0.0059411360
      10    0.0039413672
      11    0.0034759914
      12    0.0035015842
      13   0.0091
 
       1      0.84779882
       2      0.89253953
       3      0.94477424
       4      0.98119091
       5      0.98726742
       6      0.98611069
       7      0.97611005
       8      0.97333898
       9      0.98419026
      10      0.92407042
      11      0.96225120
      12      0.91313795
      13   0.9477
 
