       1       468.03419
       2       437.90599
       3       457.88259
       4       485.34351
       5       510.04058
       6       499.61521
       7       514.00609
       8       555.88786
       9       490.93943
      10       483.19244
      11       469.77603
      12       486.00208
      13  5858.63
 
       1       284.84398
       2       266.11929
       3       282.71085
       4       299.29724
       5       312.94784
       6       305.67290
       7       310.26558
       8       339.43691
       9       304.90518
      10       297.58273
      11       287.41708
      12       295.58749
      13  3586.79
 
       1       35.430999
       2       34.594673
       3       35.048319
       4       36.231105
       5       37.943801
       6       36.859251
       7       38.799103
       8       42.318923
       9       37.359247
      10       36.061653
      11       35.310466
      12       37.014475
      13   442.97
 
       1       126.96110
       2       116.37022
       3       119.63898
       4       127.54034
       5       132.69454
       6       131.54603
       7       137.51143
       8       148.48668
       9       127.54249
      10       126.12754
      11       125.84206
      12       130.99256
      13  1551.25
 
       1       20.041446
       2       20.346665
       3       20.410629
       4       23.475526
       5       25.774216
       6       25.239458
       7       26.517880
       8       25.740534
       9       22.390901
      10       22.361952
      11       21.243378
      12       21.369174
      13   274.91
 
       1       5.6172504
       2       6.2191448
       3       5.5758742
       4       5.8604064
       5       6.0863084
       6       6.1545268
       7       6.2946626
       8       6.7994121
       9       6.1591308
      10       5.6467234
      11       5.8311328
      12       6.0045372
      13     6.02
 
       1 0.0
       2 0.0
       3 0.0
       4 0.0
       5 0.0
       6 0.0
       7 0.0
       8 0.0
       9 0.0
      10 0.0
      11 0.0
      12 0.0
      13 0.0
 
       1     0.023291593
       2     0.025807931
       3     0.023317802
       4     0.024318793
       5     0.024978709
       6     0.025361217
       7     0.025517041
       8     0.028147472
       9     0.025883245
      10     0.023511699
      11     0.023955831
      12     0.024695841
      13   0.0249
 
       1       1.0000000
       2       1.0000000
       3       1.0000000
       4       1.0000000
       5       1.0000000
       6       1.0000000
       7       1.0000000
       8       1.0000000
       9       1.0000000
      10       1.0000000
      11       1.0000000
      12       1.0000000
      13   1.0000
 
       1       0.0000000
       2       0.0000000
       3       0.0000000
       4       0.0000000
       5       0.0000000
       6       0.0000000
       7       0.0000000
       8       0.0000000
       9       0.0000000
      10       0.0000000
      11       0.0000000
      12       0.0000000
      13   0.0000
 
       1      0.71990305
       2      0.71321871
       3      0.67629002
       4      0.65207210
       5      0.61290302
       6      0.60826507
       7      0.64068760
       8      0.68685920
       9      0.69348045
      10      0.69055430
      11      0.71362349
      12      0.71122054
      13   0.6766
 
