       1       483.89082
       2       455.06059
       3       493.64857
       4       480.47570
       5       475.22830
       6       480.61290
       7       531.12835
       8       530.48078
       9       470.60879
      10       505.87291
      11       429.04263
      12       478.11669
      13  5814.17
 
       1       288.49430
       2       277.58558
       3       304.34612
       4       293.84839
       5       287.19969
       6       287.88965
       7       323.14369
       8       325.13648
       9       291.79375
      10       314.80698
      11       265.40324
      12       289.52153
      13  3549.17
 
       1       37.389240
       2       34.375468
       3       37.777033
       4       36.536986
       5       35.919752
       6       36.333002
       7       40.139710
       8       40.604970
       9       35.441123
      10       38.451515
      11       31.904232
      12       36.623119
      13   441.50
 
       1       134.82505
       2       123.25637
       3       131.20817
       4       125.51728
       5       128.88931
       6       130.02295
       7       141.53862
       8       139.91463
       9       122.01568
      10       132.60054
      11       112.40269
      12       129.94821
      13  1552.14
 
       1       23.331813
       2       19.261059
       3       21.878651
       4       22.993452
       5       23.848616
       6       25.522081
       7       25.625435
       8       26.108987
       9       21.329424
      10       21.539114
      11       17.875783
      12       21.783240
      13   271.10
 
       1       5.9201206
       2       6.0830571
       3       6.0199783
       4       5.9064510
       5       5.7852169
       6       6.1184836
       7       6.5734933
       8       6.5524524
       9       5.9213205
      10       6.0719928
      11       5.2989884
      12       5.7911604
      13     6.00
 
       1 0.0
       2 0.0
       3 0.0
       4 0.0
       5 0.0
       6 0.0
       7 0.0
       8 0.0
       9 0.0
      10 0.0
      11 0.0
      12 0.0
      13 0.0
 
       1     0.024052414
       2     0.025170090
       3     0.025058821
       4     0.024282605
       5     0.023323065
       6     0.024475990
       7     0.026980784
       8     0.027035866
       9     0.024908895
      10     0.025472451
      11     0.022120196
      12     0.023772755
      13   0.0247
 
       1       1.0000000
       2       1.0000000
       3       1.0000000
       4       1.0000000
       5       1.0000000
       6       1.0000000
       7       1.0000000
       8       1.0000000
       9       1.0000000
      10       1.0000000
      11       1.0000000
      12       1.0000000
      13   1.0000
 
       1       0.0000000
       2       0.0000000
       3       0.0000000
       4       0.0000000
       5       0.0000000
       6       0.0000000
       7       0.0000000
       8       0.0000000
       9       0.0000000
      10       0.0000000
      11       0.0000000
      12       0.0000000
      13   0.0000
 
       1      0.73343228
       2      0.71861605
       3      0.68166707
       4      0.64128529
       5      0.61454054
       6      0.60021357
       7      0.62425584
       8      0.67786830
       9      0.68308380
      10      0.71626128
      11      0.71140683
      12      0.74403290
      13   0.6789
 
