       1       129.25575
       2       229.63183
       3       231.07815
       4       189.90218
       5       200.26964
       6       232.04735
       7       240.16964
       8       186.07935
       9       152.55108
      10       120.13758
      11       116.87295
      12       186.38717
      13  2214.38
 
       1       88.153863
       2       152.38638
       3       148.10204
       4       122.25916
       5       124.18560
       6       136.17188
       7       135.15901
       8       108.60689
       9       94.480480
      10       79.282422
      11       79.865083
      12       126.05206
      13  1394.70
 
       1       12.073809
       2       19.457289
       3       18.625565
       4       15.400327
       5       15.321549
       6       15.053248
       7       14.626630
       8       12.416636
       9       11.130769
      10       9.9253377
      11       10.072732
      12       15.245166
      13   169.35
 
       1       16.586436
       2       26.905577
       3       29.604141
       4       25.551732
       5       27.590596
       6       42.726823
       7       45.154725
       8       34.151183
       9       19.922672
      10       14.450645
      11       15.334796
      12       21.742705
      13   319.72
 
       1       13.894498
       2       22.180759
       3       24.520235
       4       23.403378
       5       29.299511
       6       42.524730
       7       48.193114
       8       39.329829
       9       31.508414
      10       17.970753
      11       17.602826
      12       18.783466
      13   329.21
 
       1       11.323850
       2       23.114715
       3       27.785874
       4       29.609919
       5       31.385818
       6       35.716790
       7       31.464067
       8       24.691026
       9       20.205792
      10       14.965176
      11       13.270291
      12       14.286367
      13    23.15
 
       1 0.0
       2 0.0
       3 0.0
       4 0.0
       5 0.0
       6 0.0
       7 0.0
       8 0.0
       9 0.0
      10 0.0
      11 0.0
      12 0.0
      13 0.0
 
       1     0.013753993
       2     0.028985233
       3     0.034426763
       4     0.036465204
       5     0.038157247
       6     0.042950756
       7     0.036620445
       8     0.028602731
       9     0.023345786
      10     0.017757373
      11     0.016354769
      12     0.017421853
      13   0.0279
 
       1      0.86271013
       2      0.86185562
       3      0.86229191
       4      0.86306249
       5      0.86196075
       6      0.85998808
       7      0.86249917
       8      0.86261182
       9      0.86138873
      10      0.86131168
      11      0.86478855
      12      0.86392893
      13   0.8624
 
       1    0.0021011662
       2    0.0043269562
       3    0.0051813456
       4    0.0055171076
       5    0.0058159230
       6    0.0065608379
       7    0.0056795532
       8    0.0044581142
       9    0.0036519313
      10    0.0027525241
      11    0.0024784899
      12    0.0026449713
      13   0.0043
 
       1      0.28343446
       2      0.33294893
       3      0.35933475
       4      0.36960762
       5      0.39592965
       6      0.41058769
       7      0.38143753
       8      0.33664593
       9      0.32973992
      10      0.32215918
      11      0.32201953
      12      0.30146182
      13   0.3454
 
