       1       107.54812
       2       88.445722
       3       136.15401
       4       125.16081
       5       131.47235
       6       115.98198
       7       132.04292
       8       101.45153
       9       127.42052
      10       75.108275
      11       93.334332
      12       140.03806
      13  1374.16
 
       1       73.797102
       2       58.155568
       3       84.090407
       4       81.207198
       5       82.388787
       6       69.538668
       7       74.177489
       8       59.167252
       9       79.142680
      10       51.054488
      11       64.180617
      12       95.523980
      13   872.42
 
       1       9.1657282
       2       6.4091090
       3       7.6357549
       4       9.7244999
       5       7.8558241
       6       6.2060318
       7       6.3904790
       8       5.8735151
       9       7.6091733
      10       6.2315847
      11       7.3514125
      12       11.201180
      13    91.65
 
       1       9.6019036
       2       7.1969568
       3       7.6322748
       4       15.065371
       5       10.636338
       6       10.719441
       7       16.554564
       8       10.924482
       9       11.994561
      10       7.2867160
      11       8.4911016
      12       11.525691
      13   127.63
 
       1       8.7487051
       2       7.6412280
       3       8.2454482
       4       17.979431
       5       15.091440
       6       13.303670
       7       21.155365
       8       18.358396
       9       23.248174
      10       15.260609
      11       10.437817
      12       11.423116
      13   170.89
 
       1       7.7566499
       2       8.3437787
       3       12.166578
       4       17.716856
       5       18.384702
       6       17.793170
       7       17.478498
       8       13.144495
       9       16.448974
      10       9.1263486
      11       8.6746012
      12       9.5226647
      13    13.05
 
       1 0.0
       2 0.0
       3 0.0
       4 0.0
       5 0.0
       6 0.0
       7 0.0
       8 0.0
       9 0.0
      10 0.0
      11 0.0
      12 0.0
      13 0.0
 
       1      0.10247507
       2      0.10912957
       3      0.15580700
       4      0.23431317
       5      0.23906801
       6      0.22951820
       7      0.22180346
       8      0.16350629
       9      0.21040181
      10      0.11775518
      11      0.11280829
      12      0.12861769
      13   0.1688
 
       1      0.85231079
       2      0.85215322
       3      0.85069474
       4      0.85239277
       5      0.85104956
       6      0.85011455
       7      0.85231145
       8      0.85151609
       9      0.85123047
      10      0.85442139
      11      0.85561236
      12      0.85473635
      13   0.8524
 
       1     0.015796503
       2     0.016908537
       3     0.024266071
       4     0.035879599
       5     0.037052704
       6     0.035710744
       7     0.034691683
       8     0.025949249
       9     0.032794368
      10     0.018419000
      11     0.017570041
      12     0.019554721
      13   0.0262
 
       1      0.67709572
       2      0.69277127
       3      0.79337773
       4      0.85535326
       5      0.83599208
       6      0.84475045
       7      0.83588680
       8      0.80248050
       9      0.82414532
      10      0.72164724
      11      0.67994771
      12      0.70453296
      13   0.7723
 
