       1       8.3983364
       2       11.315667
       3       13.332400
       4       23.279305
       5       39.799661
       6       49.558054
       7       41.550780
       8       29.787994
       9       17.974684
      10       13.451288
      11       5.5120955
      12       5.6223543
      13   259.58
 
       1       6.2856587
       2       7.3074970
       3       9.1321052
       4       14.428890
       5       21.393987
       6       24.435457
       7       22.471846
       8       17.045540
       9       10.643829
      10       8.8240034
      11       4.3570937
      12       4.4233259
      13   150.75
 
       1      0.83757817
       2       1.1263895
       3       1.6866844
       4       2.9204699
       5       3.2360407
       6       3.0296940
       7       3.0076307
       8       2.4451378
       9       1.5130618
      10       1.3840028
      11      0.65806765
      12      0.56129346
      13    22.41
 
       1      0.77853108
       2       1.0458158
       3       2.7391876
       4       5.2359048
       5       6.6783688
       6       12.685391
       7       14.697463
       8       8.3038340
       9       3.3790201
      10       1.4200301
      11      0.65711661
      12      0.79998193
      13    58.42
 
       1      0.20990259
       2      0.39657163
       3       1.6594991
       4       4.0660702
       5       4.0947292
       6       6.3213336
       7       6.1654296
       8       4.6527008
       9       2.5199829
      10      0.41019069
      11      0.14722882
      12      0.14894484
      13    30.79
 
       1      0.67189180
       2       1.1102422
       3       2.1463297
       4       3.9902849
       5       4.1358273
       6       4.0205770
       7       3.7656669
       8       2.6382890
       9       1.7213276
      10       1.3710863
      11      0.68477625
      12      0.54852861
      13     2.23
 
       1 0.0
       2 0.0
       3 0.0
       4 0.0
       5 0.0
       6 0.0
       7 0.0
       8 0.0
       9 0.0
      10 0.0
      11 0.0
      12 0.0
      13 0.0
 
       1     0.014598377
       2     0.023439144
       3     0.045563615
       4     0.083830234
       5     0.085290988
       6     0.078511359
       7     0.072194235
       8     0.050359663
       9     0.033967525
      10     0.029118216
      11     0.015328639
      12     0.012233468
      13   0.0454
 
       1      0.87126932
       2      0.86901054
       3      0.86820910
       4      0.86728338
       5      0.86887161
       6      0.86679434
       7      0.86558229
       8      0.86651778
       9      0.86619495
      10      0.86896748
      11      0.87573369
      12      0.87426606
      13   0.8691
 
       1    0.0019547263
       2    0.0031642939
       3    0.0061277766
       4     0.011308976
       5     0.011539151
       6     0.010899081
       7     0.010159882
       8    0.0071294489
       9    0.0047373552
      10    0.0039129136
      11    0.0020101523
      12    0.0016118020
      13   0.0062
 
       1      0.86316880
       2      0.89991605
       3      0.93657634
       4      0.97471109
       5      0.98263467
       6      0.98221974
       7      0.97632890
       8      0.96870890
       9      0.96925143
      10      0.95344645
      11      0.91627354
      12      0.88413923
      13   0.9423
 
