       1       462.02650
       2       448.25723
       3       495.79835
       4       488.05363
       5       478.30152
       6       510.26061
       7       531.62575
       8       498.14929
       9       463.71243
      10       486.92847
      11       434.64243
      12       506.50797
      13  5804.26
 
       1       279.41399
       2       269.89267
       3       305.82824
       4       299.75965
       5       295.48720
       6       308.21084
       7       323.76541
       8       309.71065
       9       293.38649
      10       300.31731
      11       265.11886
      12       303.63048
      13  3554.52
 
       1       35.699204
       2       34.874588
       3       37.463643
       4       37.183755
       5       35.918305
       6       38.331162
       7       40.517140
       8       38.312017
       9       35.361460
      10       36.603250
      11       32.595333
      12       38.597772
      13   441.46
 
       1       126.03442
       2       120.81887
       3       130.76964
       4       127.11011
       5       125.02508
       6       136.99197
       7       140.82720
       8       130.03488
       9       115.84733
      10       128.55141
      11       115.77802
      12       140.47647
      13  1538.27
 
       1       21.815860
       2       21.830273
       3       21.483412
       4       24.118858
       5       22.441489
       6       26.226909
       7       24.931581
       8       21.202122
       9       18.399520
      10       22.874350
      11       20.038205
      12       23.804790
      13   269.17
 
       1       5.6440361
       2       6.0770811
       3       5.9198126
       4       5.9383449
       5       5.6542170
       6       6.3593578
       7       6.5292131
       8       6.3631664
       9       5.8590991
      10       5.8130951
      11       5.3483447
      12       6.1126352
      13     5.97
 
       1 0.0
       2 0.0
       3 0.0
       4 0.0
       5 0.0
       6 0.0
       7 0.0
       8 0.0
       9 0.0
      10 0.0
      11 0.0
      12 0.0
      13 0.0
 
       1     0.023270184
       2     0.024844348
       3     0.024813763
       4     0.024618331
       5     0.023383425
       6     0.025716935
       7     0.026738275
       8     0.026706335
       9     0.025158716
      10     0.024300898
      11     0.022094716
      12     0.024885339
      13   0.0247
 
       1       1.0000000
       2       1.0000000
       3       1.0000000
       4       1.0000000
       5       1.0000000
       6       1.0000000
       7       1.0000000
       8       1.0000000
       9       1.0000000
      10       1.0000000
      11       1.0000000
      12       1.0000000
      13   1.0000
 
       1       0.0000000
       2       0.0000000
       3       0.0000000
       4       0.0000000
       5       0.0000000
       6       0.0000000
       7       0.0000000
       8       0.0000000
       9       0.0000000
      10       0.0000000
      11       0.0000000
      12       0.0000000
      13   0.0000
 
       1      0.72011301
       2      0.70022595
       3      0.67921945
       4      0.63749724
       5      0.62622397
       6      0.60989697
       7      0.64721026
       8      0.67899119
       9      0.67880532
      10      0.70265448
      11      0.70789616
      12      0.69150079
      13   0.6734
 
