       1       588.70595
       2       541.67076
       3       623.20393
       4       582.02137
       5       627.77733
       6       617.66710
       7       634.42621
       8       644.38473
       9       563.01863
      10       618.81982
      11       574.55219
      12       542.35892
      13  7158.61
 
       1       353.05346
       2       328.82258
       3       383.31340
       4       355.16329
       5       381.58126
       6       365.90091
       7       375.01486
       8       388.58924
       9       340.32488
      10       382.31656
      11       353.56952
      12       326.73097
      13  4334.38
 
       1       44.435447
       2       39.875910
       3       46.868098
       4       42.651468
       5       45.799984
       6       45.795878
       7       46.464218
       8       47.915428
       9       41.811054
      10       45.548795
      11       41.801046
      12       39.801314
      13   528.77
 
       1       166.40189
       2       147.91232
       3       165.31732
       4       155.42752
       5       168.94898
       6       170.34562
       7       179.18940
       8       176.97114
       9       152.69346
      10       164.33174
      11       154.57028
      12       149.69455
      13  1951.80
 
       1       27.033530
       2       23.128215
       3       27.825659
       4       28.295294
       5       31.779745
       6       34.373025
       7       33.924292
       8       32.260177
       9       27.973705
      10       27.433120
      11       24.959424
      12       25.223256
      13   344.21
 
       1       7.8124818
       2       7.2396978
       3       8.0376256
       4       7.6138326
       5       7.9957036
       6       8.4466400
       7       8.4724433
       8       8.6037407
       9       7.7606917
      10       7.7956513
      11       7.4656542
      12       6.8717643
      13     7.84
 
       1 0.0
       2 0.0
       3 0.0
       4 0.0
       5 0.0
       6 0.0
       7 0.0
       8 0.0
       9 0.0
      10 0.0
      11 0.0
      12 0.0
      13 0.0
 
       1     0.031487576
       2     0.029720118
       3     0.032732524
       4     0.030583979
       5     0.031845050
       6     0.033146858
       7     0.033032862
       8     0.034360587
       9     0.030923179
      10     0.031686737
      11     0.030117556
      12     0.028072087
      13   0.0315
 
       1       1.0000000
       2       1.0000000
       3       1.0000000
       4       1.0000000
       5       1.0000000
       6       1.0000000
       7       1.0000000
       8       1.0000000
       9       1.0000000
      10       1.0000000
      11       1.0000000
      12       1.0000000
      13   1.0000
 
       1       0.0000000
       2       0.0000000
       3       0.0000000
       4       0.0000000
       5       0.0000000
       6       0.0000000
       7       0.0000000
       8       0.0000000
       9       0.0000000
      10       0.0000000
      11       0.0000000
      12       0.0000000
      13   0.0000
 
       1      0.64987848
       2      0.65894465
       3      0.60814338
       4      0.59312704
       5      0.56907075
       6      0.56084157
       7      0.60186775
       8      0.61453306
       9      0.62125609
      10      0.62285911
      11      0.62474772
      12      0.63980800
      13   0.6138
 
