       1       462.98587
       2       435.54958
       3       489.18936
       4       496.74779
       5       512.14889
       6       531.05922
       7       543.71021
       8       532.70487
       9       494.37875
      10       495.73675
      11       432.87057
      12       465.17461
      13  5892.26
 
       1       280.88621
       2       267.73668
       3       298.53110
       4       301.89220
       5       311.47802
       6       325.41699
       7       331.05453
       8       326.90353
       9       306.78106
      10       309.50444
      11       264.55328
      12       281.07677
      13  3605.81
 
       1       35.453687
       2       33.195645
       3       37.626068
       4       36.945408
       5       38.483136
       6       39.513290
       7       40.502574
       8       40.511622
       9       37.104554
      10       37.032341
      11       32.578893
      12       35.186793
      13   444.13
 
       1       126.20974
       2       115.90118
       3       129.79104
       4       132.17616
       5       133.91237
       6       139.10414
       7       144.28377
       8       139.14401
       9       126.92759
      10       129.00706
      11       116.52260
      12       126.03839
      13  1559.02
 
       1       20.201314
       2       18.492369
       3       24.056573
       4       25.096235
       5       28.117587
       6       27.224288
       7       26.695568
       8       27.058447
       9       23.712565
      10       21.479697
      11       18.826703
      12       22.516046
      13   283.48
 
       1       5.6698499
       2       5.8871046
       3       5.9830884
       4       5.8817902
       5       6.0747736
       6       6.4714853
       7       6.5277383
       8       6.5016666
       9       6.0865433
      10       5.7769341
      11       5.3035013
      12       5.6305784
      13     5.98
 
       1 0.0
       2 0.0
       3 0.0
       4 0.0
       5 0.0
       6 0.0
       7 0.0
       8 0.0
       9 0.0
      10 0.0
      11 0.0
      12 0.0
      13 0.0
 
       1     0.023521665
       2     0.024661724
       3     0.024772758
       4     0.024205981
       5     0.024686282
       6     0.026629403
       7     0.026803168
       8     0.027046975
       9     0.025532798
      10     0.024311949
      11     0.021847993
      12     0.023089626
      13   0.0248
 
       1       1.0000000
       2       1.0000000
       3       1.0000000
       4       1.0000000
       5       1.0000000
       6       1.0000000
       7       1.0000000
       8       1.0000000
       9       1.0000000
      10       1.0000000
      11       1.0000000
      12       1.0000000
      13   1.0000
 
       1       0.0000000
       2       0.0000000
       3       0.0000000
       4       0.0000000
       5       0.0000000
       6       0.0000000
       7       0.0000000
       8       0.0000000
       9       0.0000000
      10       0.0000000
      11       0.0000000
      12       0.0000000
      13   0.0000
 
       1      0.71924861
       2      0.70466481
       3      0.65406208
       4      0.65901116
       5      0.63715682
       6      0.62663711
       7      0.67575869
       8      0.69664605
       9      0.70472269
      10      0.71041557
      11      0.73035558
      12      0.70777998
      13   0.6855
 
