       1       27.470180
       2       31.812717
       3       27.600448
       4       19.615003
       5       20.319193
       6       21.814143
       7       16.903859
       8       15.475549
       9       13.528376
      10       15.822098
      11       15.556450
      12       35.160090
      13   261.08
 
       1       14.066549
       2       15.973444
       3       14.870918
       4       11.158181
       5       11.834976
       6       13.141809
       7       9.6593521
       8       9.3822869
       9       8.0976622
      10       8.8849619
      11       8.3053424
      12       17.006358
      13   142.38
 
       1       2.3212079
       2       2.7470456
       3       2.2696023
       4       1.7194239
       5       1.5932232
       6       1.6907588
       7       1.2587786
       8       1.1780561
       9       1.0635866
      10       1.2669265
      11       1.2825385
      12       2.8533464
      13    21.24
 
       1       8.6376470
       2       10.904472
       3       9.1807874
       4       6.0435224
       5       6.0531544
       6       6.1401274
       7       5.2421794
       8       4.7995395
       9       4.1736148
      10       4.6670764
      11       5.0371213
      12       12.404544
      13    83.28
 
       1       1.7627550
       2       2.7099484
       3       1.5463960
       4       1.1128663
       5      0.91339450
       6      0.85057761
       7      0.77660456
       8      0.91635716
       9      0.98607137
      10       1.2660141
      11       1.3983975
      12       2.2590721
      13    16.50
 
       1      0.39728375
       2      0.47211921
       3      0.42357972
       4      0.35771472
       5      0.34159143
       6      0.38321576
       7      0.28663078
       8      0.26063470
       9      0.23135192
      10      0.22772977
      11      0.21788136
      12      0.47026282
      13     0.34
 
       1 0.0
       2 0.0
       3 0.0
       4 0.0
       5 0.0
       6 0.0
       7 0.0
       8 0.0
       9 0.0
      10 0.0
      11 0.0
      12 0.0
      13 0.0
 
       1     0.014921906
       2     0.017411376
       3     0.015907647
       4     0.013907611
       5     0.013606523
       6     0.015970137
       7     0.011440748
       8     0.011129840
       9    0.0094583490
      10    0.0086937399
      11    0.0082028271
      12     0.016765839
      13   0.0131
 
       1       1.0000000
       2       1.0000000
       3       1.0000000
       4       1.0000000
       5       1.0000000
       6       1.0000000
       7       1.0000000
       8       1.0000000
       9       1.0000000
      10       1.0000000
      11       1.0000000
      12       1.0000000
      13   1.0000
 
       1       0.0000000
       2       0.0000000
       3       0.0000000
       4       0.0000000
       5       0.0000000
       6       0.0000000
       7       0.0000000
       8       0.0000000
       9       0.0000000
      10       0.0000000
      11       0.0000000
      12       0.0000000
      13   0.0000
 
       1      0.35407553
       2      0.34726929
       3      0.31067864
       4      0.27603163
       5      0.25097983
       6      0.17465280
       7      0.22563098
       8      0.20324977
       9      0.23699628
      10      0.22858221
      11      0.30006752
      12      0.28399269
      13   0.2660
 
