       1       165.77244
       2       204.89805
       3       163.29370
       4       193.03161
       5       249.69765
       6       244.13483
       7       273.55819
       8       208.46646
       9       165.89196
      10       120.70337
      11       136.80518
      12       188.53741
      13  2314.79
 
       1       114.05285
       2       133.93826
       3       108.91681
       4       119.02760
       5       154.53861
       6       139.92147
       7       150.52146
       8       119.64941
       9       101.25205
      10       82.144740
      11       93.693864
      12       125.62562
      13  1443.28
 
       1       15.038709
       2       17.785765
       3       15.408888
       4       13.576562
       5       19.467764
       6       16.371972
       7       16.082810
       8       13.949193
       9       11.822814
      10       11.539885
      11       12.138493
      12       15.502958
      13   178.69
 
       1       18.339978
       2       25.243293
       3       22.556261
       4       20.087027
       5       35.787982
       6       50.513342
       7       53.904832
       8       36.061126
       9       22.954395
      10       15.957537
      11       17.469238
      12       21.292868
      13   340.17
 
       1       14.980901
       2       18.702729
       3       20.779359
       4       17.695068
       5       37.715682
       6       46.395991
       7       54.143510
       8       45.218604
       9       30.547353
      10       20.407907
      11       17.261026
      12       17.751920
      13   341.60
 
       1       14.425460
       2       21.907046
       3       20.078152
       4       25.942971
       5       41.400624
       6       38.217739
       7       35.834195
       8       26.028017
       9       21.229711
      10       16.612808
      11       14.716263
      12       14.955929
      13    24.28
 
       1 0.0
       2 0.0
       3 0.0
       4 0.0
       5 0.0
       6 0.0
       7 0.0
       8 0.0
       9 0.0
      10 0.0
      11 0.0
      12 0.0
      13 0.0
 
       1     0.014227496
       2     0.021902050
       3     0.019708444
       4     0.024470197
       5     0.040328600
       6     0.036628751
       7     0.033469606
       8     0.024178552
       9     0.019681905
      10     0.015940742
      11     0.014290248
      12     0.014784066
      13   0.0233
 
       1      0.88536782
       2      0.88419523
       3      0.88348881
       4      0.88073103
       5      0.88102784
       6      0.88198986
       7      0.88364841
       8      0.88549606
       9      0.88351975
      10      0.88481145
      11      0.88636008
      12      0.88580764
      13   0.8839
 
       1    0.0018614503
       2    0.0028320080
       3    0.0025839898
       4    0.0032949426
       5    0.0052985464
       6    0.0048537412
       7    0.0044903363
       8    0.0032631243
       9    0.0026698148
      10    0.0021262180
      11    0.0018898531
      12    0.0019262862
      13   0.0031
 
       1      0.26745848
       2      0.30820920
       3      0.31861201
       4      0.33614686
       5      0.38743785
       6      0.40322464
       7      0.36322598
       8      0.33312109
       9      0.31553600
      10      0.32364862
      11      0.28718517
      12      0.28672431
      13   0.3275
 
