       1       125.98149
       2       147.52093
       3       164.30106
       4       120.88716
       5       167.33300
       6       146.93052
       7       136.34884
       8       142.69595
       9       92.207668
      10       120.98588
      11       88.508388
      12       104.32674
      13  1558.03
 
       1       86.570913
       2       100.39987
       3       108.08376
       4       76.601258
       5       102.27645
       6       88.608095
       7       77.085394
       8       81.259433
       9       59.732410
      10       79.948004
      11       60.468477
      12       73.323395
      13   994.36
 
       1       10.578268
       2       12.678165
       3       12.753253
       4       7.5760137
       5       8.5908482
       6       7.6539542
       7       6.7866851
       8       7.1465041
       9       6.5834495
      10       8.7500542
      11       6.4692616
      12       9.0923822
      13   104.66
 
       1       10.621077
       2       14.922622
       3       19.324283
       4       9.0084187
       5       11.626137
       6       15.407708
       7       15.303570
       8       15.838883
       9       9.8449290
      10       9.8043237
      11       8.3231640
      12       11.145788
      13   151.17
 
       1       9.5088541
       2       13.041831
       3       18.041283
       4       12.111620
       5       17.468875
       6       20.870953
       7       21.485043
       8       26.795825
       9       19.632981
      10       20.525500
      11       11.833493
      12       8.6421327
      13   199.96
 
       1       8.8544801
       2       13.307139
       3       18.729323
       4       14.964014
       5       22.719510
       6       24.938431
       7       18.023464
       8       18.060859
       9       14.054002
      10       13.629972
      11       8.2922621
      12       7.7260047
      13    15.27
 
       1 0.0
       2 0.0
       3 0.0
       4 0.0
       5 0.0
       6 0.0
       7 0.0
       8 0.0
       9 0.0
      10 0.0
      11 0.0
      12 0.0
      13 0.0
 
       1      0.11804981
       2      0.17908500
       3      0.25581396
       4      0.19525422
       5      0.29582233
       6      0.33068357
       7      0.22776741
       8      0.22766790
       9      0.17945355
      10      0.17543431
      11      0.10829873
      12      0.10231794
      13   0.1996
 
       1      0.85166912
       2      0.85254025
       3      0.85287960
       4      0.85325770
       5      0.85242281
       6      0.85282111
       7      0.85136012
       8      0.85063609
       9      0.85167990
      10      0.85203359
      11      0.85398044
      12      0.85135906
      13   0.8522
 
       1     0.018071533
       2     0.027174292
       3     0.038465246
       4     0.030189534
       5     0.045776445
       6     0.050581192
       7     0.035714418
       8     0.035741665
       9     0.028103746
      10     0.027333010
      11     0.016832535
      12     0.015755186
      13   0.0308
 
       1      0.72120177
       2      0.75902373
       3      0.85734553
       4      0.75119521
       5      0.81743542
       6      0.89882438
       7      0.86292436
       8      0.85914847
       9      0.82829380
      10      0.75299166
      11      0.66758543
      12      0.72132706
      13   0.7914
 
