       1       8.8875329
       2       12.976585
       3       15.557911
       4       23.814811
       5       33.386466
       6       43.057387
       7       45.336433
       8       29.352554
       9       20.287570
      10       10.503042
      11       8.4489765
      12       10.985737
      13   262.60
 
       1       6.4027375
       2       8.6446986
       3       10.472702
       4       14.120326
       5       18.436312
       6       22.275413
       7       23.693267
       8       16.459448
       9       11.541176
      10       6.6969010
      11       5.8036053
      12       7.7571925
      13   152.30
 
       1      0.83855274
       2       1.2213401
       3       1.9920521
       4       2.6603638
       5       2.8706533
       6       2.6569627
       7       2.9833372
       8       2.1910971
       9       1.4725840
      10      0.89048671
      11      0.75095010
      12      0.97802934
      13    21.51
 
       1      0.55867241
       2       1.0029790
       3       3.0261899
       4       3.0741699
       5       6.0997490
       6       11.144768
       7       14.340094
       8       8.4297642
       9       3.6472961
      10       1.0138850
      11      0.66258527
      12       1.3746317
      13    54.37
 
       1      0.13480091
       2      0.76346576
       3       1.6221923
       4       2.6566682
       5       3.7186897
       6       4.7954606
       7       6.0097707
       8       3.9039009
       9       1.8804634
      10      0.56367139
      11      0.11608875
      12      0.30237018
      13    26.47
 
       1      0.63731627
       2       1.5435520
       3       2.3752290
       4       3.2118736
       5       3.8424649
       6       3.7125566
       7       3.7203710
       8       2.4920961
       9       1.6721893
      10       1.0149925
      11      0.70236178
      12      0.81201396
      13     2.14
 
       1 0.0
       2 0.0
       3 0.0
       4 0.0
       5 0.0
       6 0.0
       7 0.0
       8 0.0
       9 0.0
      10 0.0
      11 0.0
      12 0.0
      13 0.0
 
       1     0.017352468
       2     0.040932550
       3     0.061139705
       4     0.082410781
       5     0.096297199
       6     0.087833775
       7     0.086133193
       8     0.057240645
       9     0.039102919
      10     0.025989142
      11     0.019201223
      12     0.021733852
      13   0.0529
 
       1      0.92646173
       2      0.92498538
       3      0.92286152
       4      0.92351878
       5      0.92294881
       6      0.92142716
       7      0.92169743
       8      0.92085807
       9      0.92167331
      10      0.92405105
      11      0.92625863
      12      0.92665563
      13   0.9236
 
       1    0.0013254353
       2    0.0031615177
       3    0.0048053525
       4    0.0064581859
       5    0.0075990621
       6    0.0071112257
       7    0.0070571581
       8    0.0047353220
       9    0.0032209512
      10    0.0020543943
      11    0.0014591740
      12    0.0016705263
      13   0.0042
 
       1      0.91034545
       2      0.92560009
       3      0.94937380
       4      0.95755260
       5      0.98333211
       6      0.98546887
       7      0.97912053
       8      0.97045194
       9      0.97750289
      10      0.95372327
      11      0.95248933
      12      0.85320430
      13   0.9498
 
