       1       469.40738
       2       425.77476
       3       477.69104
       4       471.44566
       5       493.09447
       6       524.65086
       7       527.71304
       8       504.33578
       9       440.48933
      10       465.76364
      11       428.13611
      12       476.21483
      13  5704.72
 
       1       279.12725
       2       259.62271
       3       291.32770
       4       289.95098
       5       305.07262
       6       316.69832
       7       317.49520
       8       303.68392
       9       269.97833
      10       285.88674
      11       262.04183
      12       286.44428
      13  3467.33
 
       1       36.033687
       2       32.513666
       3       36.255980
       4       35.252082
       5       36.706205
       6       39.048003
       7       40.023363
       8       38.702638
       9       33.940860
      10       34.802772
      11       31.936602
      12       35.964230
      13   431.18
 
       1       130.88951
       2       116.01148
       3       128.16156
       4       123.79238
       5       127.55713
       6       140.66516
       7       143.24654
       8       135.86904
       9       117.05640
      10       123.18347
      11       114.83037
      12       132.31156
      13  1533.57
 
       1       20.301350
       2       19.224996
       3       22.484638
       4       21.763359
       5       24.289383
       6       27.050329
       7       27.566722
       8       25.006503
       9       21.256651
      10       20.732724
      11       19.339516
      12       21.773006
      13   270.79
 
       1       5.6513110
       2       5.8098419
       3       5.7411240
       4       5.7010818
       5       5.8537200
       6       6.5066812
       7       6.5331148
       8       6.3730444
       9       5.7494205
      10       5.5730586
      11       5.1924511
      12       5.7307445
      13     5.87
 
       1 0.0
       2 0.0
       3 0.0
       4 0.0
       5 0.0
       6 0.0
       7 0.0
       8 0.0
       9 0.0
      10 0.0
      11 0.0
      12 0.0
      13 0.0
 
       1     0.023002466
       2     0.024160527
       3     0.023771673
       4     0.023682726
       5     0.024250546
       6     0.026308666
       7     0.026457439
       8     0.025694729
       9     0.023388088
      10     0.022997939
      11     0.021515022
      12     0.023571650
      13   0.0241
 
       1       1.0000000
       2       1.0000000
       3       1.0000000
       4       1.0000000
       5       1.0000000
       6       1.0000000
       7       1.0000000
       8       1.0000000
       9       1.0000000
      10       1.0000000
      11       1.0000000
      12       1.0000000
      13   1.0000
 
       1       0.0000000
       2       0.0000000
       3       0.0000000
       4       0.0000000
       5       0.0000000
       6       0.0000000
       7       0.0000000
       8       0.0000000
       9       0.0000000
      10       0.0000000
      11       0.0000000
      12       0.0000000
      13   0.0000
 
       1      0.70661026
       2      0.69092328
       3      0.63884720
       4      0.62752444
       5      0.60008536
       6      0.59004904
       7      0.61734695
       8      0.65498634
       9      0.66448097
      10      0.67778336
      11      0.69966052
      12      0.69864678
      13   0.6556
 
