       1       474.90364
       2       439.01880
       3       460.07436
       4       463.41011
       5       524.76549
       6       529.87996
       7       538.94207
       8       538.32376
       9       475.16959
      10       469.75474
      11       472.43951
      12       469.02034
      13  5855.70
 
       1       288.14179
       2       268.52690
       3       284.56811
       4       282.45153
       5       322.43551
       6       323.27017
       7       324.97809
       8       325.74397
       9       296.01990
      10       293.87003
      11       289.11602
      12       286.65080
      13  3585.77
 
       1       36.354370
       2       33.826672
       3       35.215105
       4       34.795833
       5       39.040209
       6       39.697216
       7       40.689394
       8       41.367547
       9       36.336356
      10       34.943276
      11       36.137894
      12       35.105532
      13   443.51
 
       1       130.73651
       2       117.04647
       3       120.73582
       4       120.91363
       5       138.59380
       6       139.26545
       7       147.07090
       8       144.67073
       9       122.86975
      10       120.08548
      11       125.50474
      12       126.86601
      13  1554.36
 
       1       21.822346
       2       19.817799
       3       19.931645
       4       23.081438
       5       26.588742
       6       26.944279
       7       25.988830
       8       25.842002
       9       21.384124
      10       19.626371
      11       21.924712
      12       21.572681
      13   274.52
 
       1       5.8129262
       2       6.0118783
       3       5.5182090
       4       5.5918865
       5       6.2278403
       6       6.6743561
       7       6.6867700
       8       6.7226074
       9       5.9544304
      10       5.5752149
      11       5.9199521
      12       5.6480430
      13     6.03
 
       1 0.0
       2 0.0
       3 0.0
       4 0.0
       5 0.0
       6 0.0
       7 0.0
       8 0.0
       9 0.0
      10 0.0
      11 0.0
      12 0.0
      13 0.0
 
       1     0.024145064
       2     0.025175817
       3     0.023164851
       4     0.023134749
       5     0.025786695
       6     0.027219327
       7     0.026944663
       8     0.027320702
       9     0.024903365
      10     0.023584086
      11     0.024525152
      12     0.023600657
      13   0.0250
 
       1       1.0000000
       2       1.0000000
       3       1.0000000
       4       1.0000000
       5       1.0000000
       6       1.0000000
       7       1.0000000
       8       1.0000000
       9       1.0000000
      10       1.0000000
      11       1.0000000
      12       1.0000000
      13   1.0000
 
       1       0.0000000
       2       0.0000000
       3       0.0000000
       4       0.0000000
       5       0.0000000
       6       0.0000000
       7       0.0000000
       8       0.0000000
       9       0.0000000
      10       0.0000000
      11       0.0000000
      12       0.0000000
      13   0.0000
 
       1      0.74453658
       2      0.72810337
       3      0.69569422
       4      0.67000606
       5      0.61859329
       6      0.60121409
       7      0.62905602
       8      0.67015454
       9      0.69479343
      10      0.69345802
      11      0.71414322
      12      0.71970515
      13   0.6816
 
