       1       482.33170
       2       401.24059
       3       488.25198
       4       470.18957
       5       482.09787
       6       504.82533
       7       544.32412
       8       501.60912
       9       485.14590
      10       470.97368
      11       458.59911
      12       491.63923
      13  5781.23
 
       1       290.32787
       2       245.68280
       3       298.92841
       4       292.37173
       5       294.11527
       6       307.26707
       7       332.68595
       8       309.21380
       9       297.94269
      10       294.85288
      11       283.42080
      12       293.84855
      13  3540.66
 
       1       36.518137
       2       31.470356
       3       36.324923
       4       35.566155
       5       36.081873
       6       37.621078
       7       41.399362
       8       37.603708
       9       37.419413
      10       34.767647
      11       34.291002
      12       37.573178
      13   436.64
 
       1       133.46116
       2       106.44657
       3       130.56984
       4       121.74735
       5       126.70582
       6       133.60897
       7       145.49608
       8       131.42679
       9       126.74250
      10       120.27968
      11       121.71472
      12       136.24299
      13  1534.44
 
       1       21.790274
       2       17.497755
       3       22.486137
       4       21.654762
       5       24.060547
       6       24.806257
       7       25.319623
       8       23.599418
       9       23.525864
      10       20.665660
      11       20.029861
      12       23.872855
      13   269.31
 
       1       5.8626988
       2       5.4811572
       3       5.6952684
       4       5.6804639
       5       5.7283398
       6       6.2301484
       7       6.7385390
       8       6.1038735
       9       6.1642659
      10       5.4820059
      11       5.6190751
      12       5.9433498
      13     5.89
 
       1 0.0
       2 0.0
       3 0.0
       4 0.0
       5 0.0
       6 0.0
       7 0.0
       8 0.0
       9 0.0
      10 0.0
      11 0.0
      12 0.0
      13 0.0
 
       1     0.024018762
       2     0.023090751
       3     0.023770705
       4     0.023849307
       5     0.023393151
       6     0.025608005
       7     0.027445668
       8     0.025296794
       9     0.025539482
      10     0.023121438
      11     0.023402494
      12     0.024336722
      13   0.0244
 
       1       1.0000000
       2       1.0000000
       3       1.0000000
       4       1.0000000
       5       1.0000000
       6       1.0000000
       7       1.0000000
       8       1.0000000
       9       1.0000000
      10       1.0000000
      11       1.0000000
      12       1.0000000
      13   1.0000
 
       1       0.0000000
       2       0.0000000
       3       0.0000000
       4       0.0000000
       5       0.0000000
       6       0.0000000
       7       0.0000000
       8       0.0000000
       9       0.0000000
      10       0.0000000
      11       0.0000000
      12       0.0000000
      13   0.0000
 
       1      0.72726826
       2      0.72387575
       3      0.68493140
       4      0.63835136
       5      0.61958827
       6      0.60754789
       7      0.64732831
       8      0.67588569
       9      0.69386888
      10      0.71632673
      11      0.73088475
      12      0.73729042
      13   0.6836
 
