       1       475.50050
       2       416.00507
       3       493.49947
       4       481.29821
       5       493.00159
       6       516.42553
       7       560.91025
       8       495.24795
       9       457.07115
      10       488.16518
      11       463.97062
      12       488.32198
      13  5829.42
 
       1       286.67755
       2       254.87260
       3       303.23947
       4       298.72465
       5       300.14829
       6       312.68737
       7       342.01966
       8       303.07895
       9       281.74097
      10       304.47045
      11       283.83273
      12       294.74071
      13  3566.23
 
       1       36.654526
       2       31.997529
       3       37.624348
       4       35.706523
       5       36.382489
       6       38.882444
       7       42.051779
       8       37.957113
       9       34.833214
      10       36.654419
      11       34.643487
      12       37.056537
      13   440.44
 
       1       130.33510
       2       110.29071
       3       129.51877
       4       124.88172
       5       129.80676
       6       138.96954
       7       148.78510
       8       130.95243
       9       118.84387
      10       126.19094
      11       123.40010
      12       133.64884
      13  1545.62
 
       1       21.132504
       2       18.290282
       3       23.826430
       4       21.757192
       5       25.662751
       6       25.704967
       7       26.806440
       8       23.855539
       9       21.707119
      10       23.061200
      11       21.155475
      12       22.303876
      13   275.26
 
       1       5.7745943
       2       5.6665009
       3       5.8548719
       4       5.7268899
       5       5.7568269
       6       6.4953856
       7       6.8033647
       8       6.1309188
       9       5.8439758
      10       5.7722104
      11       5.6515301
      12       5.8706454
      13     5.95
 
       1 0.0
       2 0.0
       3 0.0
       4 0.0
       5 0.0
       6 0.0
       7 0.0
       8 0.0
       9 0.0
      10 0.0
      11 0.0
      12 0.0
      13 0.0
 
       1     0.023801316
       2     0.023658754
       3     0.024521574
       4     0.023963779
       5     0.023610669
       6     0.026406594
       7     0.027859803
       8     0.025339255
       9     0.024205687
      10     0.024013266
      11     0.023329319
      12     0.024135515
      13   0.0246
 
       1       1.0000000
       2       1.0000000
       3       1.0000000
       4       1.0000000
       5       1.0000000
       6       1.0000000
       7       1.0000000
       8       1.0000000
       9       1.0000000
      10       1.0000000
      11       1.0000000
      12       1.0000000
      13   1.0000
 
       1       0.0000000
       2       0.0000000
       3       0.0000000
       4       0.0000000
       5       0.0000000
       6       0.0000000
       7       0.0000000
       8       0.0000000
       9       0.0000000
      10       0.0000000
      11       0.0000000
      12       0.0000000
      13   0.0000
 
       1      0.73132736
       2      0.72569962
       3      0.68245406
       4      0.66907721
       5      0.61973746
       6      0.61850514
       7      0.64707082
       8      0.67830821
       9      0.68548486
      10      0.70660703
      11      0.70790815
      12      0.72471416
      13   0.6831
 
