       1       213.65225
       2       183.21667
       3       211.91696
       4       168.48579
       5       205.25127
       6       220.40603
       7       217.50508
       8       188.50566
       9       136.32863
      10       107.23515
      11       135.70884
      12       170.43443
      13  2158.65
 
       1       144.88786
       2       121.11840
       3       141.25029
       4       105.16015
       5       126.87191
       6       128.38616
       7       121.14779
       8       109.31474
       9       86.501541
      10       70.236520
      11       91.525905
      12       116.31941
      13  1362.72
 
       1       20.114694
       2       16.631876
       3       19.158698
       4       14.059039
       5       16.774179
       6       15.213880
       7       13.723862
       8       12.470048
       9       10.854839
      10       9.1039907
      11       11.450454
      12       15.198984
      13   174.75
 
       1       27.039615
       2       23.350381
       3       27.562942
       4       23.845537
       5       28.848384
       6       41.562322
       7       45.635517
       8       34.105617
       9       18.218572
      10       12.545675
      11       16.807006
      12       20.443909
      13   319.97
 
       1       19.048809
       2       17.419300
       3       23.048032
       4       19.680584
       5       32.058180
       6       37.017406
       7       41.024322
       8       36.357284
       9       25.270363
      10       16.679948
      11       16.005399
      12       15.010707
      13   298.62
 
       1       17.835492
       2       17.648633
       3       24.370695
       4       24.011683
       5       30.901073
       6       31.154268
       7       26.688501
       8       23.261966
       9       18.133425
      10       12.729233
      11       12.893212
      12       13.788257
      13    21.12
 
       1 0.0
       2 0.0
       3 0.0
       4 0.0
       5 0.0
       6 0.0
       7 0.0
       8 0.0
       9 0.0
      10 0.0
      11 0.0
      12 0.0
      13 0.0
 
       1     0.021727542
       2     0.021101711
       3     0.029286992
       4     0.028121626
       5     0.036045613
       6     0.035705308
       7     0.029830080
       8     0.025886935
       9     0.020378609
      10     0.014453800
      11     0.015143975
      12     0.016549114
      13   0.0245
 
       1      0.93146249
       2      0.93105623
       3      0.93102210
       4      0.93088568
       5      0.93013277
       6      0.93021292
       7      0.93141217
       8      0.93175985
       9      0.93030869
      10      0.93065345
      11      0.93156989
      12      0.93173778
      13   0.9310
 
       1    0.0016395056
       2    0.0016100078
       3    0.0022255739
       4    0.0021761457
       5    0.0027897117
       6    0.0027861845
       7    0.0023570945
       8    0.0020551603
       9    0.0016162149
      10    0.0011450998
      11    0.0011733251
      12    0.0012605923
      13   0.0019
 
       1      0.29106519
       2      0.28706652
       3      0.32228915
       4      0.35162267
       5      0.38348678
       6      0.39970878
       7      0.34318681
       8      0.32839328
       9      0.31378076
      10      0.29043186
      11      0.29436632
      12      0.29647626
      13   0.3252
 
