       1       486.83575
       2       425.78584
       3       508.36790
       4       491.80327
       5       485.73678
       6       500.42962
       7       518.97995
       8       512.71717
       9       475.75550
      10       479.82489
      11       466.70804
      12       449.69028
      13  5802.63
 
       1       290.10894
       2       261.11577
       3       308.92239
       4       302.83774
       5       296.65259
       6       302.15163
       7       313.48213
       8       311.54246
       9       296.65345
      10       299.64568
      11       287.01032
      12       272.46943
      13  3542.59
 
       1       37.587582
       2       32.381161
       3       39.342766
       4       36.990934
       5       36.368886
       6       37.571179
       7       38.896636
       8       39.386204
       9       36.733521
      10       36.612693
      11       34.955031
      12       34.526502
      13   441.35
 
       1       133.87772
       2       114.07787
       3       136.32634
       4       127.56080
       5       125.91525
       6       134.51769
       7       139.73311
       8       135.96943
       9       121.77975
      10       124.55258
      11       123.89161
      12       122.11422
      13  1540.32
 
       1       24.199916
       2       19.102568
       3       24.005721
       4       23.579675
       5       26.619695
       6       26.751372
       7       26.436852
       8       24.889133
       9       20.220037
      10       20.518018
      11       20.167570
      12       20.607544
      13   277.10
 
       1       5.9333929
       2       5.7708277
       3       6.3165821
       4       5.9036933
       5       5.7810433
       6       6.2013198
       7       6.3117181
       8       6.4856652
       9       6.0691906
      10       5.8475892
      11       5.7199669
      12       5.4898024
      13     5.99
 
       1 0.0
       2 0.0
       3 0.0
       4 0.0
       5 0.0
       6 0.0
       7 0.0
       8 0.0
       9 0.0
      10 0.0
      11 0.0
      12 0.0
      13 0.0
 
       1     0.024212049
       2     0.023850319
       3     0.026099034
       4     0.024635724
       5     0.023729348
       6     0.025067173
       7     0.025709896
       8     0.026473319
       9     0.025616983
      10     0.024474657
      11     0.023871562
      12     0.022767140
      13   0.0247
 
       1       1.0000000
       2       1.0000000
       3       1.0000000
       4       1.0000000
       5       1.0000000
       6       1.0000000
       7       1.0000000
       8       1.0000000
       9       1.0000000
      10       1.0000000
      11       1.0000000
      12       1.0000000
      13   1.0000
 
       1       0.0000000
       2       0.0000000
       3       0.0000000
       4       0.0000000
       5       0.0000000
       6       0.0000000
       7       0.0000000
       8       0.0000000
       9       0.0000000
      10       0.0000000
      11       0.0000000
      12       0.0000000
      13   0.0000
 
       1      0.71852949
       2      0.68442664
       3      0.69224760
       4      0.67081474
       5      0.61614655
       6      0.61737498
       7      0.65624574
       8      0.68195743
       9      0.69152199
      10      0.71763980
      11      0.71389643
      12      0.73367394
      13   0.6829
 
