       1       7.2704042
       2       10.892743
       3       15.316591
       4       21.035763
       5       35.355126
       6       45.697717
       7       35.464967
       8       20.102942
       9       17.673228
      10       11.721012
      11       8.3259453
      12       7.6241507
      13   236.48
 
       1       5.4302844
       2       6.8718575
       3       10.151992
       4       12.825663
       5       18.622864
       6       23.061241
       7       19.297226
       8       12.210102
       9       10.180651
      10       7.6026953
      11       6.1347459
      12       5.4872997
      13   137.88
 
       1      0.73459503
       2      0.93039698
       3       1.7965667
       4       2.3063787
       5       2.7283597
       6       2.8730274
       7       2.7231996
       8       1.8456857
       9       1.2931691
      10       1.0584864
      11       1.0103310
      12      0.74782606
      13    20.05
 
       1      0.91928487
       2      0.86975295
       3       2.5431818
       4       4.0977979
       5       5.1257859
       6       14.010149
       7       11.293632
       8       4.0439968
       9       2.9007801
      10       1.0399988
      11       1.4089742
      12       1.8585273
      13    50.11
 
       1      0.19872520
       2      0.36485234
       3       1.6838718
       4       3.2217840
       5       3.3839427
       6       6.6563360
       7       5.8796815
       8       3.2471657
       9       1.9632880
      10      0.52931652
      11      0.33463190
      12      0.89317466
      13    28.36
 
       1      0.64586434
       2       1.1116996
       3       2.2734013
       4       3.0208984
       5       3.3843428
       6       3.8374749
       7       3.0792574
       8       1.9607408
       9       1.4920166
      10       1.0747673
      11      0.97489245
      12      0.73624225
      13     1.97
 
       1 0.0
       2 0.0
       3 0.0
       4 0.0
       5 0.0
       6 0.0
       7 0.0
       8 0.0
       9 0.0
      10 0.0
      11 0.0
      12 0.0
      13 0.0
 
       1     0.018063600
       2     0.030657289
       3     0.059993582
       4     0.079884110
       5     0.088927004
       6     0.094538521
       7     0.074383973
       8     0.047091119
       9     0.036384120
      10     0.028825505
      11     0.027585750
      12     0.020674124
      13   0.0506
 
       1      0.88137455
       2      0.88066832
       3      0.87659986
       4      0.87742545
       5      0.87913963
       6      0.87737629
       7      0.87643544
       8      0.87652975
       9      0.87732180
      10      0.88035781
      11      0.88218764
      12      0.88267689
      13   0.8790
 
       1    0.0022162589
       2    0.0037537097
       3    0.0075227259
       4    0.0099536817
       5     0.011016559
       6     0.012007086
       7    0.0095660499
       8    0.0061267074
       9    0.0047115957
      10    0.0035783820
      11    0.0033507777
      12    0.0025209839
      13   0.0064
 
       1      0.86360561
       2      0.92949764
       3      0.95285213
       4      0.96769594
       5      0.98235898
       6      0.98268484
       7      0.97144420
       8      0.96975624
       9      0.96654752
      10      0.96292823
      11      0.95242031
      12      0.92615558
      13   0.9523
 
