       1       61.542373
       2       65.560407
       3       47.739033
       4       37.067159
       5       22.671862
       6       16.293233
       7       14.118347
       8       10.622502
       9       11.747381
      10       48.621124
      11       45.547906
      12       65.611061
      13   447.14
 
       1       31.349954
       2       34.708606
       3       28.093615
       4       22.353091
       5       15.148859
       6       11.049354
       7       9.5234965
       8       7.1542788
       9       7.6880637
      10       25.975405
      11       23.457547
      12       32.733867
      13   249.24
 
       1       5.9096898
       2       5.6438934
       3       3.9266747
       4       2.7129560
       5       1.4213507
       6      0.91830644
       7      0.75093663
       8      0.60479404
       9      0.71578800
      10       3.4440969
      11       3.7244387
      12       5.6589027
      13    35.43
 
       1       18.469450
       2       20.069862
       3       14.751420
       4       9.6514089
       5       6.4939816
       6       4.6718101
       7       4.3569495
       8       2.8456493
       9       2.7570509
      10       15.590902
      11       13.911377
      12       20.854671
      13   134.42
 
       1       3.3798519
       2       3.2821552
       3       2.4227333
       4       1.5981675
       5       1.3992682
       6       1.2241011
       7       1.1456405
       8      0.91968862
       9      0.75409746
      10       2.6125691
      11       2.7773359
      12       3.4661950
      13    24.98
 
       1      0.87138515
       2      0.95088713
       3      0.60710425
       4      0.43659129
       5      0.26023864
       6      0.18139023
       7      0.14239305
       8      0.10761487
       9      0.12107473
      10      0.53353798
      11      0.59987143
      12      0.86417062
      13     0.47
 
       1 0.0
       2 0.0
       3 0.0
       4 0.0
       5 0.0
       6 0.0
       7 0.0
       8 0.0
       9 0.0
      10 0.0
      11 0.0
      12 0.0
      13 0.0
 
       1     0.022962412
       2     0.024761830
       3     0.016778412
       4     0.012187687
       5    0.0074921877
       6    0.0053320495
       7    0.0041463731
       8    0.0031795119
       9    0.0036422114
      10     0.013819253
      11     0.015471644
      12     0.022003166
      13   0.0126
 
       1       1.0000000
       2       1.0000000
       3       1.0000000
       4       1.0000000
       5       1.0000000
       6       1.0000000
       7       1.0000000
       8       1.0000000
       9       1.0000000
      10       1.0000000
      11       1.0000000
      12       1.0000000
      13   1.0000
 
       1       0.0000000
       2       0.0000000
       3       0.0000000
       4       0.0000000
       5       0.0000000
       6       0.0000000
       7       0.0000000
       8       0.0000000
       9       0.0000000
      10       0.0000000
      11       0.0000000
      12       0.0000000
      13   0.0000
 
       1      0.70763538
       2      0.63308452
       3      0.50271626
       4      0.45149215
       5      0.37047398
       6      0.35007588
       7      0.46073174
       8      0.51549261
       9      0.51768255
      10      0.56075867
      11      0.62036637
      12      0.69285185
      13   0.5319
 
