       1       36.289508
       2       27.342286
       3       26.342852
       4       21.120287
       5       20.589675
       6       21.506966
       7       18.399360
       8       15.175327
       9       12.539020
      10       13.882400
      11       15.712491
      12       26.994293
      13   255.89
 
       1       18.592373
       2       14.858631
       3       15.079285
       4       12.082051
       5       12.231516
       6       13.080562
       7       11.025733
       8       9.4454724
       9       7.7451257
      10       7.7974887
      11       8.1790785
      12       14.026665
      13   144.14
 
       1       2.8872516
       2       2.4022197
       3       2.1447695
       4       1.7598574
       5       1.6561974
       6       1.7380723
       7       1.3594500
       8       1.1293209
       9       1.0110418
      10       1.2135911
      11       1.3528873
      12       2.1984848
      13    20.85
 
       1       12.146801
       2       9.1163976
       3       7.9607891
       4       6.3405343
       5       5.5617899
       6       6.1344873
       7       5.6620153
       8       4.3238942
       9       3.5075585
      10       4.6643326
      11       4.9737449
      12       9.4067150
      13    79.80
 
       1       1.5545160
       2       1.1665646
       3       1.7140031
       4      0.93211712
       5      0.94040120
       6      0.82929595
       7      0.72591751
       8      0.88462229
       9      0.92358104
      10       1.0014876
      11       1.1149208
      12       1.6235953
      13    13.41
 
       1      0.51317284
       2      0.46443950
       3      0.38970953
       4      0.36070347
       5      0.37170219
       6      0.41806068
       7      0.32967242
       8      0.26245118
       9      0.22710635
      10      0.23235008
      11      0.22517209
      12      0.37528792
      13     0.35
 
       1 0.0
       2 0.0
       3 0.0
       4 0.0
       5 0.0
       6 0.0
       7 0.0
       8 0.0
       9 0.0
      10 0.0
      11 0.0
      12 0.0
      13 0.0
 
       1     0.018694638
       2     0.017466474
       3     0.015376363
       4     0.013845544
       5     0.014746428
       6     0.017525946
       7     0.013760883
       8     0.011464552
       9    0.0094230242
      10    0.0090302004
      11    0.0085052877
      12     0.014122070
      13   0.0137
 
       1       1.0000000
       2       1.0000000
       3       1.0000000
       4       1.0000000
       5       1.0000000
       6       1.0000000
       7       1.0000000
       8       1.0000000
       9       1.0000000
      10       1.0000000
      11       1.0000000
      12       1.0000000
      13   1.0000
 
       1       0.0000000
       2       0.0000000
       3       0.0000000
       4       0.0000000
       5       0.0000000
       6       0.0000000
       7       0.0000000
       8       0.0000000
       9       0.0000000
      10       0.0000000
      11       0.0000000
      12       0.0000000
      13   0.0000
 
       1      0.28998376
       2      0.30189251
       3      0.24698551
       4      0.27497838
       5      0.20638858
       6      0.14425942
       7      0.19310438
       8      0.18659714
       9      0.19327311
      10      0.34312232
      11      0.35435372
      12      0.31293879
      13   0.2540
 
