       1       207.61398
       2       175.88288
       3       190.86102
       4       170.29718
       5       204.55550
       6       221.88287
       7       210.09803
       8       193.91295
       9       145.19875
      10       127.46589
      11       172.68961
      12       108.48350
      13  2128.94
 
       1       137.73557
       2       119.37593
       3       125.14508
       4       106.44264
       5       127.70938
       6       127.22056
       7       118.44273
       8       113.02785
       9       91.549813
      10       82.413299
      11       117.86786
      12       76.130244
      13  1343.06
 
       1       17.784656
       2       17.039748
       3       17.204029
       4       14.444386
       5       16.412605
       6       14.821722
       7       13.813059
       8       13.150483
       9       11.772481
      10       10.089916
      11       14.866516
      12       10.353284
      13   171.75
 
       1       21.324124
       2       21.874884
       3       25.209634
       4       22.383616
       5       29.799955
       6       39.751050
       7       42.818426
       8       33.702669
       9       22.017152
      10       12.684643
      11       21.392803
      12       14.336999
      13   307.30
 
       1       19.318769
       2       19.577042
       3       23.169063
       4       20.626949
       5       32.286114
       6       35.280736
       7       38.362213
       8       38.181879
       9       30.923408
      10       17.094952
      11       23.246915
      12       11.593416
      13   309.66
 
       1       15.851023
       2       18.739336
       3       23.827954
       4       23.647783
       5       30.274180
       6       30.119913
       7       26.200449
       8       23.880237
       9       19.894653
      10       13.992176
      11       16.888780
      12       9.9162595
      13    21.10
 
       1 0.0
       2 0.0
       3 0.0
       4 0.0
       5 0.0
       6 0.0
       7 0.0
       8 0.0
       9 0.0
      10 0.0
      11 0.0
      12 0.0
      13 0.0
 
       1     0.015333404
       2     0.018301127
       3     0.022962970
       4     0.022108370
       5     0.028168136
       6     0.027296544
       7     0.023590431
       8     0.021377163
       9     0.018151374
      10     0.012687505
      11     0.016143808
      12    0.0094152668
      13   0.0196
 
       1      0.93907180
       2      0.93946360
       3      0.93849118
       4      0.93849748
       5      0.93712169
       6      0.93702973
       7      0.93807505
       8      0.93882516
       9      0.93902486
      10      0.93817894
      11      0.94007142
      12      0.93971483
      13   0.9386
 
       1    0.0010595882
       2    0.0012572115
       3    0.0015948240
       4    0.0015706814
       5    0.0020059390
       6    0.0019763618
       7    0.0017127998
       8    0.0015608698
       9    0.0013102442
      10   0.00092424542
      11    0.0011273605
      12   0.00066352494
      13   0.0014
 
       1      0.27228262
       2      0.28879439
       3      0.32798501
       4      0.33521084
       5      0.34927157
       6      0.36618956
       7      0.33592454
       8      0.30645507
       9      0.30834566
      10      0.28303860
      11      0.29141773
      12      0.27255681
      13   0.3115
 
