       1       6.3489044
       2       12.492846
       3       17.686627
       4       26.847854
       5       38.166566
       6       47.142739
       7       38.146715
       8       25.401544
       9       17.084875
      10       8.9752569
      11       11.411609
      12       8.8278705
      13   258.53
 
       1       4.5522837
       2       9.1013037
       3       11.848067
       4       15.429198
       5       20.133350
       6       25.105536
       7       22.047177
       8       15.067867
       9       10.133668
      10       6.1178249
      11       7.7998257
      12       6.5656165
      13   153.90
 
       1      0.54386161
       2       1.5585062
       3       2.2113245
       4       3.1595498
       5       2.9689189
       6       3.2702840
       7       3.1394709
       8       2.2824600
       9       1.3780047
      10      0.92659064
      11       1.1642844
      12      0.93904693
      13    23.54
 
       1      0.51921381
       2       2.5466396
       3       3.5130471
       4       4.4928371
       5       4.8646931
       6       11.941315
       7       13.131714
       8       6.4876398
       9       1.5640423
      10      0.74200355
      11       1.2128046
      12       1.3901390
      13    52.41
 
       1     0.085865063
       2      0.50950953
       3       1.6622195
       4       3.0419899
       5       3.4389229
       6       7.0675925
       7       5.9418415
       8       3.7579258
       9       1.5846875
      10      0.38283626
      11      0.37957617
      12      0.48702768
      13    28.34
 
       1      0.42130175
       2       1.9555694
       3       3.0336409
       4       3.9852356
       5       3.7172364
       6       4.3271567
       7       3.7342824
       8       2.3271901
       9       1.5321470
      10       1.0666418
      11       1.0308040
      12      0.68600534
      13     2.32
 
       1 0.0
       2 0.0
       3 0.0
       4 0.0
       5 0.0
       6 0.0
       7 0.0
       8 0.0
       9 0.0
      10 0.0
      11 0.0
      12 0.0
      13 0.0
 
       1    0.0091587228
       2     0.043656769
       3     0.066311636
       4     0.087485395
       5     0.078490873
       6     0.085599318
       7     0.072427581
       8     0.044276955
       9     0.029565524
      10     0.022486762
      11     0.023201009
      12     0.015304024
      13   0.0482
 
       1      0.83242761
       2      0.83075038
       3      0.82847538
       4      0.82921620
       5      0.82869523
       6      0.82369335
       7      0.82385541
       8      0.82386524
       9      0.82057048
      10      0.82701538
      11      0.83281920
      12      0.82950821
      13   0.8276
 
       1    0.0016326226
       2    0.0075451472
       3     0.011585521
       4     0.015186005
       5     0.013790431
       6     0.015502878
       7     0.013276162
       8    0.0082664066
       9    0.0055169397
      10    0.0040442956
      11    0.0040062157
      12    0.0026798994
      13   0.0086
 
       1      0.78329236
       2      0.90743747
       3      0.94335629
       4      0.97660712
       5      0.98003477
       6      0.98076566
       7      0.97278479
       8      0.97096827
       9      0.96585882
      10      0.92791205
      11      0.94954847
      12      0.89292626
      13   0.9376
 
