       1       9.4616293
       2       11.373323
       3       18.090684
       4       23.078579
       5       32.540643
       6       45.393245
       7       46.948492
       8       35.775349
       9       17.687973
      10       9.4575329
      11       7.1218142
      12       8.8449658
      13   265.77
 
       1       6.4919380
       2       7.1950337
       3       11.974437
       4       13.491865
       5       17.630357
       6       23.802802
       7       23.874449
       8       19.902527
       9       10.274991
      10       6.5062573
      11       5.3770644
      12       6.4861214
      13   153.01
 
       1      0.82393637
       2      0.94559159
       3       2.0440365
       4       2.4263032
       5       2.6491308
       6       2.8524610
       7       3.0196358
       8       2.7491315
       9       1.3888353
      10       1.0282265
      11      0.73328343
      12      0.89966308
      13    21.56
 
       1      0.68519583
       2       1.1810838
       3       2.8779109
       4       3.8261881
       5       4.5252861
       6       12.681879
       7       15.310569
       8       11.858740
       9       2.5666043
      10      0.77720397
      11      0.87627318
      12       1.0761919
      13    58.24
 
       1      0.18905846
       2      0.32785347
       3       1.7568740
       4       2.3857734
       5       3.7037259
       6       5.9390718
       7       6.2691177
       8       4.9080655
       9       1.7188923
      10      0.49888462
      11      0.11057458
      12      0.26022541
      13    28.07
 
       1      0.74697246
       2       1.1707003
       3       2.5535376
       4       3.0458119
       5       3.6849593
       6       3.9725807
       7       3.6216186
       8       3.2606621
       9       1.5649711
      10       1.0163687
      11      0.81499772
      12      0.74487241
      13     2.18
 
       1 0.0
       2 0.0
       3 0.0
       4 0.0
       5 0.0
       6 0.0
       7 0.0
       8 0.0
       9 0.0
      10 0.0
      11 0.0
      12 0.0
      13 0.0
 
       1     0.019857344
       2     0.029637248
       3     0.065549675
       4     0.078829307
       5     0.094361133
       6     0.094710032
       7     0.083587467
       8     0.076458034
       9     0.037242585
      10     0.026138650
      11     0.022072750
      12     0.020320392
      13   0.0541
 
       1      0.92576100
       2      0.92323303
       3      0.92362546
       4      0.92397845
       5      0.92445402
       6      0.92247897
       7      0.92115461
       8      0.92246084
       9      0.92214818
      10      0.92463354
      11      0.92533453
      12      0.92666107
      13   0.9238
 
       1    0.0015354610
       2    0.0023467578
       3    0.0051317016
       4    0.0061269499
       5    0.0073461229
       6    0.0076370004
       7    0.0068557547
       8    0.0062477615
       9    0.0030365635
      10    0.0020540689
      11    0.0016962742
      12    0.0015536020
      13   0.0043
 
       1      0.88907069
       2      0.87542254
       3      0.94580426
       4      0.97112798
       5      0.98162521
       6      0.98063799
       7      0.97648527
       8      0.96821736
       9      0.96773962
      10      0.96917789
      11      0.95137230
      12      0.89901999
      13   0.9480
 
