       1       500.96906
       2       440.09362
       3       522.83797
       4       470.05287
       5       516.70449
       6       486.78356
       7       533.60854
       8       533.29715
       9       461.20043
      10       464.77030
      11       437.27203
      12       488.54465
      13  5856.13
 
       1       299.99014
       2       269.98295
       3       314.53197
       4       290.61883
       5       316.55760
       6       297.21817
       7       321.58190
       8       329.29264
       9       283.27984
      10       289.07016
      11       267.50688
      12       292.08987
      13  3571.72
 
       1       38.240029
       2       33.666010
       3       39.754429
       4       34.880423
       5       38.468560
       6       36.593371
       7       39.951209
       8       40.723620
       9       35.382765
      10       34.513753
      11       33.441600
      12       36.524535
      13   442.14
 
       1       138.05107
       2       117.69684
       3       140.43352
       4       121.16075
       5       135.01652
       6       128.62708
       7       145.34896
       8       138.02969
       9       121.92266
      10       120.58625
      11       116.48513
      12       135.78370
      13  1559.14
 
       1       25.195028
       2       20.201600
       3       26.300134
       4       23.467259
       5       25.940166
       6       24.615257
       7       26.508111
       8       25.498500
       9       21.185612
      10       20.427308
      11       20.630842
      12       22.617246
      13   282.59
 
       1       6.0560897
       2       5.7095270
       3       6.2250612
       4       5.5272230
       5       5.9971499
       6       6.1143372
       7       6.4847378
       8       6.6411397
       9       6.0046204
      10       5.4071474
      11       5.4666031
      12       5.8078710
      13     5.95
 
       1 0.0
       2 0.0
       3 0.0
       4 0.0
       5 0.0
       6 0.0
       7 0.0
       8 0.0
       9 0.0
      10 0.0
      11 0.0
      12 0.0
      13 0.0
 
       1     0.024670256
       2     0.023782560
       3     0.025344249
       4     0.022909420
       5     0.024705613
       6     0.024897001
       7     0.026338330
       8     0.027614624
       9     0.024560915
      10     0.022658708
      11     0.022564687
      12     0.023603737
      13   0.0245
 
       1       1.0000000
       2       1.0000000
       3       1.0000000
       4       1.0000000
       5       1.0000000
       6       1.0000000
       7       1.0000000
       8       1.0000000
       9       1.0000000
      10       1.0000000
      11       1.0000000
      12       1.0000000
      13   1.0000
 
       1       0.0000000
       2       0.0000000
       3       0.0000000
       4       0.0000000
       5       0.0000000
       6       0.0000000
       7       0.0000000
       8       0.0000000
       9       0.0000000
      10       0.0000000
      11       0.0000000
      12       0.0000000
      13   0.0000
 
       1      0.71595075
       2      0.68616928
       3      0.68707114
       4      0.66176964
       5      0.63319244
       6      0.63116144
       7      0.68020404
       8      0.70417731
       9      0.70517414
      10      0.70584775
      11      0.70807320
      12      0.71428416
      13   0.6861
 
