       1       60.071804
       2       58.540592
       3       45.590317
       4       45.082405
       5       25.939455
       6       17.013809
       7       13.739941
       8       14.108111
       9       11.000565
      10       29.981177
      11       58.065750
      12       63.462252
      13   442.60
 
       1       32.165929
       2       33.500661
       3       26.363427
       4       26.369933
       5       16.577090
       6       11.314713
       7       9.4150215
       8       9.2789875
       9       7.2393081
      10       15.947110
      11       30.256019
      12       33.416145
      13   251.84
 
       1       5.1568759
       2       4.7352076
       3       3.8992175
       4       3.4637114
       5       1.7203171
       6      0.97960475
       7      0.77171261
       8      0.80318221
       9      0.65413085
      10       2.2540755
      11       4.7680840
      12       5.5956394
      13    34.80
 
       1       19.164995
       2       18.691439
       3       13.298192
       4       11.738804
       5       6.9529047
       6       5.2082080
       7       4.3096127
       8       4.3631770
       9       2.8213960
      10       8.8569625
      11       18.310467
      12       19.017595
      13   132.73
 
       1       3.3259271
       2       2.7663333
       3       2.3901384
       4       2.0389834
       5       1.3211198
       6       1.4211667
       7       1.2465601
       8       1.3223842
       9      0.74033597
      10       1.5972865
      11       2.9105777
      12       3.4140838
      13    24.49
 
       1      0.81303327
       2      0.87268770
       3      0.62838779
       4      0.54783808
       5      0.29944157
       6      0.20462971
       7      0.15979010
       8      0.14643051
       9      0.11574234
      10      0.33770024
      11      0.72427576
      12      0.85617714
      13     0.48
 
       1 0.0
       2 0.0
       3 0.0
       4 0.0
       5 0.0
       6 0.0
       7 0.0
       8 0.0
       9 0.0
      10 0.0
      11 0.0
      12 0.0
      13 0.0
 
       1     0.021788280
       2     0.023987466
       3     0.017392548
       4     0.014647997
       5    0.0083585357
       6    0.0055607389
       7    0.0044840861
       8    0.0042485979
       9    0.0034773716
      10    0.0088170234
      11     0.018448362
      12     0.022689870
      13   0.0128
 
       1       1.0000000
       2       1.0000000
       3       1.0000000
       4       1.0000000
       5       1.0000000
       6       1.0000000
       7       1.0000000
       8       1.0000000
       9       1.0000000
      10       1.0000000
      11       1.0000000
      12       1.0000000
      13   1.0000
 
       1       0.0000000
       2       0.0000000
       3       0.0000000
       4       0.0000000
       5       0.0000000
       6       0.0000000
       7       0.0000000
       8       0.0000000
       9       0.0000000
      10       0.0000000
      11       0.0000000
      12       0.0000000
      13   0.0000
 
       1      0.77201231
       2      0.65238531
       3      0.53516725
       4      0.47427087
       5      0.33494576
       6      0.28243044
       7      0.38190725
       8      0.50097534
       9      0.46889168
      10      0.53738888
      11      0.56066068
      12      0.69521878
      13   0.5164
 
