       1       68.312014
       2       60.301337
       3       47.665627
       4       33.143989
       5       23.903704
       6       15.500233
       7       14.779053
       8       12.534502
       9       9.1957358
      10       33.687983
      11       44.175509
      12       73.960776
      13   437.16
 
       1       35.472517
       2       34.489265
       3       27.741202
       4       20.584400
       5       16.560336
       6       10.160848
       7       9.7716543
       8       8.2720917
       9       6.1970324
      10       18.446391
      11       22.658021
      12       35.685753
      13   246.04
 
       1       6.0354845
       2       4.9679206
       3       4.0035815
       4       2.3973724
       5       1.5002921
       6      0.90488786
       7      0.81153176
       8      0.69634155
       9      0.56101477
      10       2.5023701
      11       3.5670669
      12       6.7687782
      13    34.72
 
       1       20.481306
       2       18.536170
       3       14.448812
       4       8.7817807
       5       6.1431494
       6       5.1850865
       7       4.7496551
       8       3.8565815
       9       2.1285552
      10       10.508056
      11       14.517047
      12       22.800491
      13   132.14
 
       1       3.5244661
       2       3.0422604
       3       2.0010343
       4       1.7197000
       5       1.3217253
       6       1.3521882
       7       1.3567561
       8       1.0330085
       9      0.59671031
      10       1.8847880
      11       2.4812850
      12       3.6746955
      13    23.99
 
       1      0.92126379
       2      0.85650347
       3      0.65068275
       4      0.40856512
       5      0.27917748
       6      0.19052012
       7      0.15711119
       8      0.12765894
       9     0.094832768
      10      0.38007730
      11      0.56500893
      12      0.97489092
      13     0.47
 
       1 0.0
       2 0.0
       3 0.0
       4 0.0
       5 0.0
       6 0.0
       7 0.0
       8 0.0
       9 0.0
      10 0.0
      11 0.0
      12 0.0
      13 0.0
 
       1     0.024072698
       2     0.023113813
       3     0.017983699
       4     0.011338652
       5    0.0080543469
       6    0.0052831075
       7    0.0044198523
       8    0.0037844768
       9    0.0029208049
      10    0.0099968724
      11     0.014441629
      12     0.024712390
      13   0.0125
 
       1       1.0000000
       2       1.0000000
       3       1.0000000
       4       1.0000000
       5       1.0000000
       6       1.0000000
       7       1.0000000
       8       1.0000000
       9       1.0000000
      10       1.0000000
      11       1.0000000
      12       1.0000000
      13   1.0000
 
       1       0.0000000
       2       0.0000000
       3       0.0000000
       4       0.0000000
       5       0.0000000
       6       0.0000000
       7       0.0000000
       8       0.0000000
       9       0.0000000
      10       0.0000000
      11       0.0000000
      12       0.0000000
      13   0.0000
 
       1      0.70845513
       2      0.65550476
       3      0.51442820
       4      0.45972299
       5      0.38229244
       6      0.29180601
       7      0.38067547
       8      0.49193069
       9      0.47142147
      10      0.56691109
      11      0.59125393
      12      0.66367494
      13   0.5148
 
