       1       114.87805
       2       133.73260
       3       158.55627
       4       145.41217
       5       163.73613
       6       174.39132
       7       199.14499
       8       181.35785
       9       123.50480
      10       100.07976
      11       126.67729
      12       144.38656
      13  1765.86
 
       1       75.242174
       2       84.697274
       3       98.511420
       4       88.760498
       5       96.199849
       6       99.814095
       7       108.55295
       8       102.82519
       9       75.100651
      10       64.073458
      11       80.684709
      12       97.788850
      13  1072.25
 
       1       10.671774
       2       11.961125
       3       13.966999
       4       12.793869
       5       12.046358
       6       11.832409
       7       12.100604
       8       11.782763
       9       9.5568488
      10       8.7982329
      11       10.932723
      12       13.981853
      13   140.43
 
       1       18.093029
       2       18.493450
       3       25.531553
       4       27.508548
       5       26.264328
       6       31.927939
       7       37.830453
       8       33.655384
       9       19.547400
      10       14.799914
      11       18.119492
      12       20.632587
      13   292.40
 
       1       10.781926
       2       12.361254
       3       14.351636
       4       17.610640
       5       24.410422
       6       31.766612
       7       39.015474
       8       40.774547
       9       22.962610
      10       13.837135
      11       14.342134
      12       15.005617
      13   257.22
 
       1       10.444484
       2       13.988179
       3       18.199164
       4       22.445373
       5       24.274648
       6       27.364307
       7       26.211252
       8       25.099465
       9       17.858842
      10       13.439311
      11       12.624853
      12       12.675215
      13    18.72
 
       1 0.0
       2 0.0
       3 0.0
       4 0.0
       5 0.0
       6 0.0
       7 0.0
       8 0.0
       9 0.0
      10 0.0
      11 0.0
      12 0.0
      13 0.0
 
       1     0.010594239
       2     0.014046992
       3     0.018020221
       4     0.022414068
       5     0.023725966
       6     0.026344388
       7     0.024786352
       8     0.023944884
       9     0.017271623
      10     0.013299993
      11     0.012638573
      12     0.012920275
      13   0.0183
 
       1      0.88366609
       2      0.88283629
       3      0.88210285
       4      0.88317576
       5      0.88141461
       6      0.88110449
       7      0.88255663
       8      0.88272665
       9      0.88226605
      10      0.88336345
      11      0.88515128
      12      0.88464005
      13   0.8829
 
       1    0.0013553868
       2    0.0018053893
       3    0.0023340754
       4    0.0028878560
       5    0.0030959216
       6    0.0034602023
       7    0.0032851251
       8    0.0031612833
       9    0.0022704809
      10    0.0017300327
      11    0.0016289662
      12    0.0016430878
      13   0.0024
 
       1      0.25871099
       2      0.28072580
       3      0.29454933
       4      0.34908044
       5      0.35986016
       6      0.37290392
       7      0.34138586
       8      0.32295268
       9      0.32071381
      10      0.29856369
      11      0.27266236
      12      0.26453049
      13   0.3114
 
