       1       171.57219
       2       176.55446
       3       225.82577
       4       218.42479
       5       179.42213
       6       197.78546
       7       214.27330
       8       186.56006
       9       139.30587
      10       112.10430
      11       149.94566
      12       147.11949
      13  2118.89
 
       1       116.17929
       2       115.69744
       3       143.15426
       4       142.11699
       5       110.82939
       6       116.75976
       7       118.90196
       8       108.10559
       9       87.669970
      10       74.448814
      11       97.936165
      12       101.68239
      13  1333.48
 
       1       15.350247
       2       15.186187
       3       17.698428
       4       20.461791
       5       14.338927
       6       14.662804
       7       13.286335
       8       12.584020
       9       10.855893
      10       9.9426776
      11       11.340094
      12       13.466499
      13   169.17
 
       1       20.131052
       2       22.667655
       3       25.158304
       4       36.934131
       5       23.418803
       6       38.886169
       7       43.574844
       8       32.836664
       9       20.017928
      10       14.336607
      11       18.613034
      12       19.035553
      13   315.61
 
       1       15.672386
       2       18.920809
       3       20.705649
       4       33.405629
       5       27.874200
       6       33.242404
       7       36.139844
       8       37.517778
       9       26.450101
      10       17.313764
      11       19.037068
      12       15.326974
      13   301.61
 
       1       14.283917
       2       18.175317
       3       24.069638
       4       31.348817
       5       25.764002
       6       28.634686
       7       25.578993
       8       22.739583
       9       18.349438
      10       13.781597
      11       14.693269
      12       12.746234
      13    20.85
 
       1 0.0
       2 0.0
       3 0.0
       4 0.0
       5 0.0
       6 0.0
       7 0.0
       8 0.0
       9 0.0
      10 0.0
      11 0.0
      12 0.0
      13 0.0
 
       1     0.013671421
       2     0.017527425
       3     0.022779997
       4     0.030136870
       5     0.023561020
       6     0.026140502
       7     0.022797170
       8     0.020387856
       9     0.016521807
      10     0.012514921
      11     0.013776323
      12     0.012237415
      13   0.0193
 
       1      0.93835294
       2      0.93867193
       3      0.93858697
       4      0.93861573
       5      0.93743024
       6      0.93682270
       7      0.93820770
       8      0.93949060
       9      0.93876402
      10      0.93871584
      11      0.94014975
      12      0.93991520
      13   0.9386
 
       1   0.00095497561
       2    0.0012157610
       3    0.0016016680
       4    0.0020907642
       5    0.0017005091
       6    0.0018840556
       7    0.0016686346
       8    0.0014876996
       9    0.0012053138
      10   0.00091120403
      11   0.00097714382
      12   0.00085316983
      13   0.0014
 
       1      0.27067352
       2      0.29561040
       3      0.30442036
       4      0.35603072
       5      0.34100615
       6      0.36400442
       7      0.32785488
       8      0.30237524
       9      0.28406898
      10      0.27861842
      11      0.27394258
      12      0.26588624
      13   0.3054
 
