       1       186.26459
       2       137.41888
       3       132.28237
       4       130.46867
       5       141.74392
       6       122.44863
       7       146.59220
       8       119.27371
       9       100.05699
      10       80.798627
      11       74.825937
      12       69.255599
      13  1441.43
 
       1       127.97962
       2       92.352143
       3       88.229415
       4       82.663903
       5       87.279968
       6       72.046971
       7       81.903650
       8       70.610916
       9       63.815516
      10       54.081663
      11       53.169166
      12       49.218829
      13   923.35
 
       1       17.199782
       2       11.255620
       3       9.6461551
       4       9.3344358
       5       7.8281467
       6       6.5107168
       7       6.7643154
       8       6.7018604
       9       6.5373562
      10       5.8975727
      11       6.7033331
      12       6.1611439
      13   100.54
 
       1       20.488526
       2       11.308978
       3       11.831879
       4       12.721371
       5       10.393406
       6       12.730721
       7       18.964539
       8       13.102779
       9       9.9501851
      10       4.9265530
      11       7.4796659
      12       6.4596888
      13   140.36
 
       1       14.201294
       2       12.662646
       3       13.521211
       4       17.357419
       5       15.127805
       6       17.632289
       7       23.744978
       8       21.863752
       9       20.436485
      10       13.613068
      11       11.784953
      12       6.5511422
      13   188.50
 
       1       12.772102
       2       12.340617
       3       15.629216
       4       16.566009
       5       19.258542
       6       18.833368
       7       18.524545
       8       16.385987
       9       13.728159
      10       9.2443923
      11       7.8283744
      12       5.2929587
      13    13.87
 
       1 0.0
       2 0.0
       3 0.0
       4 0.0
       5 0.0
       6 0.0
       7 0.0
       8 0.0
       9 0.0
      10 0.0
      11 0.0
      12 0.0
      13 0.0
 
       1      0.17407372
       2      0.16823102
       3      0.20852059
       4      0.21344175
       5      0.24741584
       6      0.24515135
       7      0.23321417
       8      0.20796831
       9      0.17524100
      10      0.11761802
      11      0.10229251
      12     0.068175859
      13   0.1801
 
       1      0.85328371
       2      0.85475757
       3      0.85547308
       4      0.85112568
       5      0.85046027
       6      0.85178210
       7      0.85170463
       8      0.85208937
       9      0.85211417
      10      0.85206575
      11      0.85428369
      12      0.85061252
      13   0.8525
 
       1     0.026188552
       2     0.025397863
       3     0.031881038
       4     0.033223929
       5     0.038576833
       6     0.037921273
       7     0.036559293
       8     0.032598355
       9     0.027476525
      10     0.018536898
      11     0.015930718
      12     0.010717814
      13   0.0279
 
       1      0.75249033
       2      0.77388966
       3      0.74010398
       4      0.85706486
       5      0.84427333
       6      0.85663447
       7      0.85581551
       8      0.84082162
       9      0.81032779
      10      0.70701862
      11      0.66100492
      12      0.68134535
      13   0.7817
 
