       1       80.547491
       2       139.12000
       3       155.36777
       4       147.82537
       5       155.93626
       6       143.39331
       7       140.86832
       8       124.66243
       9       107.37904
      10       78.598465
      11       111.38622
      12       89.771424
      13  1474.86
 
       1       56.455745
       2       92.341751
       3       101.07188
       4       93.273142
       5       94.292787
       6       85.885897
       7       77.562374
       8       71.749373
       9       68.077557
      10       52.193121
      11       76.981907
      12       62.408389
      13   932.29
 
       1       7.3837219
       2       11.000484
       3       12.513049
       4       10.224557
       5       8.2815376
       6       7.5007104
       7       7.0949875
       8       6.5891119
       9       7.3944288
      10       6.2949693
      11       8.8280556
      12       7.5766118
      13   100.68
 
       1       7.3410250
       2       10.081253
       3       14.548892
       4       13.325782
       5       11.717706
       6       15.023867
       7       17.413298
       8       15.499308
       9       10.700784
      10       7.2045764
      11       10.284646
      12       8.7898411
      13   141.93
 
       1       9.2198478
       2       11.129008
       3       15.172098
       4       17.583633
       5       16.430156
       6       20.645684
       7       22.987585
       8       24.741630
       9       22.534872
      10       14.183624
      11       13.961129
      12       9.3237699
      13   197.91
 
       1       6.2892437
       2       12.645399
       3       16.277853
       4       20.017388
       5       20.560238
       6       24.850702
       7       18.307436
       8       16.368076
       9       14.728111
      10       8.9076801
      11       9.8829415
      12       6.6589518
      13    14.62
 
       1 0.0
       2 0.0
       3 0.0
       4 0.0
       5 0.0
       6 0.0
       7 0.0
       8 0.0
       9 0.0
      10 0.0
      11 0.0
      12 0.0
      13 0.0
 
       1     0.083411936
       2      0.16970809
       3      0.22030172
       4      0.26764458
       5      0.26867675
       6      0.33295315
       7      0.23407278
       8      0.20878285
       9      0.18902268
      10      0.11397893
      11      0.13054007
      12     0.088596763
      13   0.1923
 
       1      0.88059216
       2      0.88067452
       3      0.88165937
       4      0.88295610
       5      0.88111213
       6      0.88175268
       7      0.88189441
       8      0.88088358
       9      0.88061728
      10      0.88208678
      11      0.88159629
      12      0.88129481
      13   0.8814
 
       1     0.010373064
       2     0.020801387
       3     0.026814667
       4     0.032831297
       5     0.033332610
       6     0.040738677
       7     0.029298699
       8     0.026225939
       9     0.023728303
      10     0.014403170
      11     0.016185405
      12     0.010983213
      13   0.0238
 
       1      0.66467906
       2      0.73505423
       3      0.80859577
       4      0.77901730
       5      0.83561899
       6      0.89375590
       7      0.85580661
       8      0.85159254
       9      0.83439993
      10      0.71818588
      11      0.70931180
      12      0.65966405
      13   0.7788
 
