       1       486.72541
       2       417.73345
       3       488.54638
       4       452.19635
       5       500.17782
       6       524.60339
       7       542.91009
       8       506.90078
       9       435.22898
      10       448.50067
      11       439.72444
      12       492.20781
      13  5735.46
 
       1       295.64235
       2       250.82799
       3       300.19756
       4       278.87794
       5       308.38766
       6       321.48377
       7       326.97890
       8       308.18239
       9       267.42870
      10       278.95118
      11       271.49581
      12       296.89394
      13  3505.35
 
       1       37.812568
       2       32.268460
       3       37.484183
       4       33.426689
       5       37.237492
       6       39.370717
       7       41.732099
       8       38.515946
       9       33.855556
      10       33.721445
      11       33.350406
      12       37.255863
      13   436.03
 
       1       134.33312
       2       115.49200
       3       129.67723
       4       116.73943
       5       127.13026
       6       137.89434
       7       144.60911
       8       137.15123
       9       113.34869
      10       116.25818
      11       115.32791
      12       135.08867
      13  1523.05
 
       1       19.850510
       2       18.722750
       3       22.475351
       4       22.513869
       5       25.147780
       6       25.712520
       7       28.432584
       8       25.456826
       9       21.040775
      10       19.313877
      11       20.051747
      12       22.135324
      13   270.85
 
       1       6.0501151
       2       5.8151909
       3       5.8852629
       4       5.3265521
       5       5.8871727
       6       6.6488127
       7       6.7623518
       8       6.2082964
       9       5.6132121
      10       5.3934630
      11       5.4329116
      12       5.9285785
      13     5.91
 
       1 0.0
       2 0.0
       3 0.0
       4 0.0
       5 0.0
       6 0.0
       7 0.0
       8 0.0
       9 0.0
      10 0.0
      11 0.0
      12 0.0
      13 0.0
 
       1     0.025226862
       2     0.023797510
       3     0.024612842
       4     0.022178924
       5     0.024339332
       6     0.027384665
       7     0.027452090
       8     0.025591763
       9     0.023216704
      10     0.022393141
      11     0.022531574
      12     0.024310614
      13   0.0244
 
       1       1.0000000
       2       1.0000000
       3       1.0000000
       4       1.0000000
       5       1.0000000
       6       1.0000000
       7       1.0000000
       8       1.0000000
       9       1.0000000
      10       1.0000000
      11       1.0000000
      12       1.0000000
      13   1.0000
 
       1       0.0000000
       2       0.0000000
       3       0.0000000
       4       0.0000000
       5       0.0000000
       6       0.0000000
       7       0.0000000
       8       0.0000000
       9       0.0000000
      10       0.0000000
      11       0.0000000
      12       0.0000000
      13   0.0000
 
       1      0.71307111
       2      0.68179523
       3      0.66044179
       4      0.60714669
       5      0.59717357
       6      0.58069235
       7      0.61513377
       8      0.64286334
       9      0.66294782
      10      0.68421795
      11      0.68771421
      12      0.71273195
      13   0.6538
 
