       1       132.98350
       2       201.65148
       3       188.03722
       4       220.05995
       5       189.25413
       6       216.75401
       7       263.63081
       8       196.33512
       9       154.41687
      10       101.46073
      11       136.57214
      12       175.02073
      13  2176.18
 
       1       91.459805
       2       132.76209
       3       125.55574
       4       137.37673
       5       116.50120
       6       124.30850
       7       145.56346
       8       113.60659
       9       97.070196
      10       66.949495
      11       93.284073
      12       119.43971
      13  1363.88
 
       1       12.516763
       2       16.970062
       3       17.904766
       4       17.320654
       5       14.672686
       6       13.546230
       7       15.642583
       8       13.273236
       9       11.856886
      10       9.1529285
      11       11.870704
      12       15.662571
      13   170.39
 
       1       15.554943
       2       20.593184
       3       25.253888
       4       29.456060
       5       26.952382
       6       39.086172
       7       56.041524
       8       34.575566
       9       19.635966
      10       13.797946
      11       16.514135
      12       21.792110
      13   319.25
 
       1       11.497622
       2       17.849411
       3       22.296383
       4       27.247644
       5       31.565830
       6       36.273036
       7       50.187979
       8       42.449813
       9       29.912716
      10       16.679085
      11       17.031388
      12       17.570923
      13   320.56
 
       1       12.333532
       2       19.628419
       3       23.226626
       4       31.656672
       5       27.446847
       6       30.719018
       7       33.954005
       8       25.048621
       9       21.451867
      10       12.812860
      11       14.380202
      12       13.832083
      13    22.21
 
       1 0.0
       2 0.0
       3 0.0
       4 0.0
       5 0.0
       6 0.0
       7 0.0
       8 0.0
       9 0.0
      10 0.0
      11 0.0
      12 0.0
      13 0.0
 
       1     0.015405131
       2     0.024547619
       3     0.029342714
       4     0.039246561
       5     0.033296855
       6     0.036610451
       7     0.040160068
       8     0.029652792
       9     0.025598879
      10     0.015389345
      11     0.017812743
      12     0.017136582
      13   0.0270
 
       1      0.89698264
       2      0.89707365
       3      0.89651495
       4      0.89728726
       5      0.89547632
       6      0.89424082
       7      0.89568537
       8      0.89896061
       9      0.89694604
      10      0.89794501
      11      0.89912674
      12      0.89842836
      13   0.8971
 
       1    0.0017702825
       2    0.0028037787
       3    0.0033348546
       4    0.0045054722
       5    0.0038774369
       6    0.0042972827
       7    0.0047157099
       8    0.0034909110
       9    0.0030093266
      10    0.0018127108
      11    0.0020546646
      12    0.0019716491
      13   0.0031
 
       1      0.31133980
       2      0.30397414
       3      0.34286962
       4      0.38607931
       5      0.37588759
       6      0.39703502
       7      0.38088082
       8      0.35380549
       9      0.33610039
      10      0.31703785
      11      0.30126691
      12      0.29737398
      13   0.3420
 
