       1       74.686118
       2       121.94170
       3       120.30034
       4       130.30333
       5       140.69563
       6       115.34121
       7       115.30502
       8       110.79861
       9       92.653241
      10       82.157209
      11       67.332759
      12       166.14961
      13  1337.66
 
       1       51.819761
       2       79.627426
       3       76.128081
       4       79.879058
       5       87.127670
       6       70.247067
       7       66.551940
       8       64.855653
       9       58.635537
      10       54.584894
      11       45.059387
      12       112.91042
      13   847.43
 
       1       6.5763255
       2       9.4830666
       3       9.3685306
       4       7.9925881
       5       9.5266482
       6       7.8619490
       7       7.1593505
       8       7.0519265
       9       6.9106024
      10       7.0555829
      11       5.2541323
      12       14.957414
      13    99.20
 
       1       7.2522470
       2       8.7360055
       3       11.810631
       4       8.6461851
       5       12.402009
       6       15.253219
       7       15.861398
       8       13.983535
       9       10.490610
      10       8.3023416
      11       5.7461545
      12       18.599220
      13   137.08
 
       1       7.1091154
       2       8.2707870
       3       11.798425
       4       10.008444
       5       18.629641
       6       14.441383
       7       16.765023
       8       20.683852
       9       18.757650
      10       16.088358
      11       9.0858499
      12       13.470436
      13   165.11
 
       1       5.9706525
       2       11.174397
       3       13.063047
       4       14.689635
       5       20.310424
       6       16.136452
       7       14.659207
       8       13.925645
       9       12.329900
      10       9.7596956
      11       6.0149847
      12       11.604921
      13    12.47
 
       1 0.0
       2 0.0
       3 0.0
       4 0.0
       5 0.0
       6 0.0
       7 0.0
       8 0.0
       9 0.0
      10 0.0
      11 0.0
      12 0.0
      13 0.0
 
       1     0.062546391
       2      0.11712920
       3      0.13722821
       4      0.14779418
       5      0.20792448
       6      0.16009430
       7      0.14501307
       8      0.13704124
       9      0.12159292
      10     0.097069795
      11     0.059679830
      12      0.12328868
      13   0.1264
 
       1      0.87211209
       2      0.87137058
       3      0.87211689
       4      0.87249818
       5      0.87124915
       6      0.86876386
       7      0.87125582
       8      0.87223241
       9      0.87114952
      10      0.87271892
      11      0.87372573
      12      0.87198565
      13   0.8718
 
       1    0.0084384297
       2     0.015653103
       3     0.018334081
       4     0.020266494
       5     0.028224701
       6     0.022168464
       7     0.020045059
       8     0.019005284
       9     0.016896312
      10     0.013491349
      11    0.0083410097
      12     0.016333588
      13   0.0173
 
       1      0.64273735
       2      0.71959372
       3      0.74562956
       4      0.70040954
       5      0.82695717
       6      0.83437790
       7      0.75341546
       8      0.76618810
       9      0.75743431
      10      0.70318764
      11      0.61554900
      12      0.70609159
      13   0.7310
 
