       1       10.836585
       2       12.913200
       3       15.806010
       4       24.286482
       5       44.396038
       6       42.942464
       7       45.996345
       8       33.454242
       9       16.835823
      10       11.666105
      11       7.4617601
      12       5.8571194
      13   272.45
 
       1       7.7441659
       2       8.5488808
       3       10.450932
       4       15.649700
       5       23.528973
       6       23.326996
       7       23.974064
       8       18.516162
       9       9.7007154
      10       7.4477931
      11       5.5179526
      12       4.3186322
      13   158.72
 
       1       1.0500479
       2       1.2103189
       3       1.8274846
       4       3.2764277
       5       3.4119588
       6       3.0780925
       7       3.1695602
       8       2.4194941
       9       1.2364030
      10       1.0182392
      11      0.78632455
      12      0.51455220
      13    23.00
 
       1       1.0790160
       2       1.4090891
       3       3.2941455
       4       5.2020910
       5       6.8704743
       6       9.5557346
       7       14.036440
       8       9.6084377
       9       2.6148810
      10      0.98584526
      11      0.98419702
      12      0.53085962
      13    56.17
 
       1      0.31972391
       2      0.55093472
       3       1.0986744
       4       3.5736003
       5       3.9342066
       6       6.5483484
       7       6.4516046
       8       5.4351910
       9       1.7528519
      10      0.34902324
      11      0.14490710
      12      0.11398304
      13    30.27
 
       1      0.82913404
       2       1.3981359
       3       2.2265766
       4       5.0098474
       5       4.5206360
       6       4.0676084
       7       3.7062732
       8       2.9426452
       9       1.4697542
      10       1.0402325
      11      0.82597317
      12      0.43101064
      13     2.37
 
       1 0.0
       2 0.0
       3 0.0
       4 0.0
       5 0.0
       6 0.0
       7 0.0
       8 0.0
       9 0.0
      10 0.0
      11 0.0
      12 0.0
      13 0.0
 
       1     0.018604890
       2     0.030369052
       3     0.046090654
       4      0.10843170
       5     0.095053772
       6     0.082106418
       7     0.071549356
       8     0.056347769
       9     0.028667777
      10     0.022197365
      11     0.018235719
      12    0.0093903925
      13   0.0489
 
       1      0.83228972
       2      0.82737482
       3      0.82335838
       4      0.82640931
       5      0.82747699
       6      0.82747286
       7      0.82472921
       8      0.82190197
       9      0.82218026
      10      0.82898624
      11      0.82859548
      12      0.83044947
      13   0.8268
 
       1    0.0032161888
       2    0.0053387206
       3    0.0082959046
       4     0.018999183
       5     0.016703484
       6     0.014677818
       7     0.013105799
       8     0.010441453
       9    0.0053064541
      10    0.0039349216
      11    0.0032119908
      12    0.0016677491
      13   0.0087
 
       1      0.84516131
       2      0.93484945
       3      0.92542095
       4      0.97941955
       5      0.98488660
       6      0.97809194
       7      0.97534876
       8      0.97211526
       9      0.97712979
      10      0.96788015
      11      0.95993712
      12      0.90706094
      13   0.9506
 
