       1     0.044634723
       2     0.047782503
       3     0.055565314
       4     0.066405995
       5     0.080970458
       6     0.080441360
       7     0.070936965
       8     0.062566254
       9     0.058146841
      10     0.046160866
      11     0.043701244
      12     0.042552032
      13   0.0583
 
       1      0.96143879
       2      0.95771108
       3      0.95344720
       4      0.95080294
       5      0.94799270
       6      0.94890182
       7      0.95303993
       8      0.95510673
       9      0.95729519
      10      0.95800384
      11      0.95967213
      12      0.96135503
      13   0.9554
 
       1    0.0026969853
       2    0.0031232317
       3    0.0040027361
       4    0.0055780883
       5    0.0072268219
       6    0.0070766650
       7    0.0060128982
       8    0.0049507251
       9    0.0042669483
      10    0.0029293663
      11    0.0024632507
      12    0.0023488744
      13   0.0044
 
