       1       137.01443
       2       128.96120
       3       190.39719
       4       212.57497
       5       253.77833
       6       232.81571
       7       241.68488
       8       200.83410
       9       174.37647
      10       107.81599
      11       116.14462
      12       143.97432
      13  2140.37
 
       1       95.229205
       2       86.245203
       3       121.24154
       4       131.50160
       5       157.78549
       6       137.18649
       7       131.73250
       8       115.43077
       9       110.59398
      10       71.697428
      11       79.369393
      12       97.109632
      13  1335.12
 
       1       12.883902
       2       12.094954
       3       15.476630
       4       16.021637
       5       19.214007
       6       16.446946
       7       14.161139
       8       13.249203
       9       13.752702
      10       9.7879672
      11       10.591366
      12       12.091027
      13   165.77
 
       1       17.792327
       2       15.697230
       3       23.154311
       4       27.171351
       5       37.317165
       6       46.119745
       7       52.829090
       8       33.573165
       9       22.694799
      10       13.283488
      11       15.048988
      12       17.303928
      13   321.99
 
       1       13.155207
       2       14.506435
       3       20.013223
       4       24.193540
       5       38.329811
       6       43.536850
       7       43.542715
       8       40.315582
       9       35.801172
      10       17.537388
      11       15.588764
      12       14.345941
      13   320.87
 
       1       13.518014
       2       13.945493
       3       20.981525
       4       29.491548
       5       40.210517
       6       36.091385
       7       29.597909
       8       25.254192
       9       24.002178
      10       13.220054
      11       12.390588
      12       12.045832
      13    22.56
 
       1 0.0
       2 0.0
       3 0.0
       4 0.0
       5 0.0
       6 0.0
       7 0.0
       8 0.0
       9 0.0
      10 0.0
      11 0.0
      12 0.0
      13 0.0
 
       1     0.013297252
       2     0.013426568
       3     0.019895691
       4     0.028330200
       5     0.039332533
       6     0.034344306
       7     0.027096171
       8     0.023239141
       9     0.022590042
      10     0.012292547
      11     0.011675438
      12     0.011539839
      13   0.0214
 
       1      0.88410022
       2      0.88325097
       3      0.88050765
       4      0.88179372
       5      0.88166105
       6      0.88253146
       7      0.88507669
       8      0.88328665
       9      0.88249876
      10      0.88228092
      11      0.88388112
      12      0.88307849
      13   0.8828
 
       1    0.0017463026
       2    0.0017902952
       3    0.0026684292
       4    0.0037670689
       5    0.0051526084
       6    0.0045691601
       7    0.0036845833
       8    0.0031589966
       9    0.0030334343
      10    0.0016754806
      11    0.0015778730
      12    0.0015402631
      13   0.0029
 
       1      0.27146942
       2      0.26957565
       3      0.29652948
       4      0.34490922
       5      0.38123333
       6      0.40128252
       7      0.33898228
       8      0.32684799
       9      0.30650440
      10      0.29308198
      11      0.27722072
      12      0.25661260
      13   0.3137
 
