       1       195.13582
       2       169.54168
       3       207.49506
       4       189.24550
       5       275.71043
       6       213.34355
       7       228.42160
       8       180.95561
       9       142.85226
      10       120.41568
      11       133.18541
      12       116.68281
      13  2172.99
 
       1       133.70185
       2       111.50563
       3       136.61671
       4       117.44470
       5       165.09311
       6       127.66987
       7       129.52023
       8       105.44852
       9       89.022097
      10       77.826542
      11       90.413244
      12       80.330838
      13  1364.59
 
       1       18.948402
       2       14.963659
       3       18.666013
       4       13.944195
       5       18.303885
       6       15.575180
       7       14.189789
       8       12.382471
       9       10.723246
      10       9.6841084
      11       11.097993
      12       10.320764
      13   168.80
 
       1       26.218016
       2       18.926938
       3       27.523438
       4       24.694823
       5       38.747463
       6       44.149485
       7       44.580641
       8       31.507676
       9       19.454489
      10       15.466377
      11       15.105415
      12       15.886124
      13   322.26
 
       1       17.605432
       2       15.898092
       3       24.514709
       4       20.891227
       5       40.138197
       6       43.175013
       7       44.492101
       8       38.847431
       9       27.651336
      10       17.325827
      11       17.632837
      12       13.080745
      13   321.25
 
       1       15.629402
       2       16.132242
       3       23.984881
       4       26.570244
       5       40.466267
       6       34.969425
       7       30.410859
       8       22.768578
       9       19.298336
      10       14.304894
      11       13.546213
      12       10.350292
      13    22.37
 
       1 0.0
       2 0.0
       3 0.0
       4 0.0
       5 0.0
       6 0.0
       7 0.0
       8 0.0
       9 0.0
      10 0.0
      11 0.0
      12 0.0
      13 0.0
 
       1     0.015440111
       2     0.015780890
       3     0.023664285
       4     0.025501712
       5     0.039574079
       6     0.034221809
       7     0.028517844
       8     0.021052594
       9     0.017881518
      10     0.013432077
      11     0.013158827
      12     0.010049379
      13   0.0215
 
       1      0.84554609
       2      0.84391454
       3      0.84258151
       4      0.84137960
       5      0.84089660
       6      0.84448847
       7      0.84401859
       8      0.84537172
       9      0.84032095
      10      0.84129980
      11      0.84573874
      12      0.84359805
      13   0.8433
 
       1    0.0026647865
       2    0.0027411630
       3    0.0040840225
       4    0.0044842960
       5    0.0068591722
       6    0.0059195391
       7    0.0050441044
       8    0.0037670425
       9    0.0032067199
      10    0.0024043639
      11    0.0023107368
      12    0.0017638495
      13   0.0038
 
       1      0.26453065
       2      0.27969544
       3      0.30821286
       4      0.33299073
       5      0.39520112
       6      0.40152297
       7      0.34307731
       8      0.31327810
       9      0.30907675
      10      0.30642314
      11      0.28100753
      12      0.27994505
      13   0.3179
 
