       1       155.19278
       2       192.60189
       3       170.50815
       4       128.01616
       5       150.74110
       6       127.53024
       7       137.75930
       8       113.38693
       9       90.648968
      10       76.834213
      11       73.722630
      12       91.317278
      13  1508.26
 
       1       104.47198
       2       129.52318
       3       114.16464
       4       77.802054
       5       92.482416
       6       77.702900
       7       76.828954
       8       67.019028
       9       56.861850
      10       52.120924
      11       50.705958
      12       63.480377
      13   963.16
 
       1       12.582848
       2       15.812442
       3       14.771897
       4       6.9715188
       5       8.4681898
       6       6.9496016
       7       6.6988876
       8       6.6885127
       9       6.0278118
      10       6.4241585
      11       5.7692643
      12       7.6084037
      13   104.77
 
       1       13.982438
       2       17.872770
       3       20.004324
       4       8.2782465
       5       11.102022
       6       11.422153
       7       17.299455
       8       13.672832
       9       7.8937305
      10       6.4829261
      11       6.5263470
      12       9.8967398
      13   144.43
 
       1       11.097512
       2       17.411468
       3       19.296907
       4       10.244679
       5       16.020237
       6       16.679953
       7       23.461594
       8       22.680503
       9       16.795880
      10       15.843918
      11       9.9406963
      12       9.4003920
      13   188.87
 
       1       10.884485
       2       17.993393
       3       18.232621
       4       13.640791
       5       20.487922
       6       21.537179
       7       17.498999
       8       16.135483
       9       12.066975
      10       9.3431337
      11       7.3303694
      12       6.8013688
      13    14.33
 
       1 0.0
       2 0.0
       3 0.0
       4 0.0
       5 0.0
       6 0.0
       7 0.0
       8 0.0
       9 0.0
      10 0.0
      11 0.0
      12 0.0
      13 0.0
 
       1      0.11785837
       2      0.20105123
       3      0.20045168
       4      0.13861389
       5      0.21476917
       6      0.22719467
       7      0.17678019
       8      0.16396336
       9      0.12091018
      10     0.094865607
      11     0.074578373
      12     0.071027765
      13   0.1502
 
       1      0.83241386
       2      0.83471769
       3      0.83325696
       4      0.83078857
       5      0.83124095
       6      0.83215347
       7      0.83017996
       8      0.83080731
       9      0.82838430
      10      0.83244817
      11      0.83033095
      12      0.82856785
      13   0.8313
 
       1     0.020411892
       2     0.034077278
       3     0.034341720
       4     0.024918437
       5     0.037931457
       6     0.039982765
       7     0.031825275
       8     0.029425240
       9     0.021986489
      10     0.017205507
      11     0.013552835
      12     0.012650360
      13   0.0265
 
       1      0.70917036
       2      0.81095386
       3      0.86256387
       4      0.71868765
       5      0.81690888
       6      0.84608039
       7      0.84049244
       8      0.81580642
       9      0.79158461
      10      0.65558811
      11      0.67080608
      12      0.66504882
      13   0.7670
 
