       1       489.05456
       2       464.09122
       3       458.10905
       4       479.51051
       5       486.01948
       6       499.62377
       7       533.62752
       8       499.97535
       9       468.01071
      10       445.36020
      11       488.83917
      12       444.34837
      13  5756.57
 
       1       293.76461
       2       282.57278
       3       277.97404
       4       294.04582
       5       297.73280
       6       301.11584
       7       325.87430
       8       313.58580
       9       289.21467
      10       278.68511
      11       299.80571
      12       272.01924
      13  3526.39
 
       1       37.802833
       2       36.449725
       3       35.407416
       4       36.074703
       5       36.035832
       6       38.418287
       7       40.419290
       8       38.241289
       9       35.713630
      10       33.468040
      11       36.320243
      12       33.513146
      13   437.86
 
       1       136.23089
       2       125.51639
       3       122.47584
       4       125.88291
       5       128.04225
       6       134.69385
       7       140.75755
       8       127.85256
       9       122.92527
      10       115.42017
      11       131.01320
      12       117.52884
      13  1528.34
 
       1       21.774830
       2       20.001818
       3       21.257537
       4       23.413869
       5       23.815288
       6       26.160052
       7       24.667211
       8       21.244374
       9       20.645698
      10       19.189939
      11       21.154616
      12       20.875339
      13   264.20
 
       1       6.1098292
       2       6.2651546
       3       5.6562861
       4       5.8500916
       5       5.6670687
       6       6.4615299
       7       6.5924264
       8       6.2542298
       9       6.0052965
      10       5.3862056
      11       5.9246049
      12       5.2785705
      13     5.95
 
       1 0.0
       2 0.0
       3 0.0
       4 0.0
       5 0.0
       6 0.0
       7 0.0
       8 0.0
       9 0.0
      10 0.0
      11 0.0
      12 0.0
      13 0.0
 
       1     0.025326395
       2     0.026056752
       3     0.023257425
       4     0.024102790
       5     0.023342301
       6     0.026080519
       7     0.026947277
       8     0.026382254
       9     0.025046265
      10     0.022551443
      11     0.024573717
      12     0.022013390
      13   0.0246
 
       1       1.0000000
       2       1.0000000
       3       1.0000000
       4       1.0000000
       5       1.0000000
       6       1.0000000
       7       1.0000000
       8       1.0000000
       9       1.0000000
      10       1.0000000
      11       1.0000000
      12       1.0000000
      13   1.0000
 
       1       0.0000000
       2       0.0000000
       3       0.0000000
       4       0.0000000
       5       0.0000000
       6       0.0000000
       7       0.0000000
       8       0.0000000
       9       0.0000000
      10       0.0000000
      11       0.0000000
      12       0.0000000
      13   0.0000
 
       1      0.72245178
       2      0.70548057
       3      0.68226555
       4      0.61520785
       5      0.57123419
       6      0.57745241
       7      0.63181696
       8      0.65739947
       9      0.66384074
      10      0.68145181
      11      0.68821552
      12      0.69372410
      13   0.6575
 
