       1       66.862924
       2       56.013487
       3       67.285495
       4       35.107896
       5       21.749952
       6       16.568091
       7       16.481599
       8       10.972641
       9       13.692520
      10       27.774989
      11       45.425368
      12       69.255174
      13   447.19
 
       1       35.176055
       2       30.362722
       3       38.530924
       4       21.400458
       5       15.243931
       6       10.681556
       7       11.207000
       8       7.6191915
       9       8.7977452
      10       15.228871
      11       23.968845
      12       33.822564
      13   252.04
 
       1       5.8608836
       2       4.9743744
       3       5.7025526
       4       2.4998403
       5       1.3359117
       6       1.0317756
       7      0.91982862
       8      0.57027039
       9      0.90168484
      10       2.1378652
      11       3.8224549
      12       6.1172899
      13    35.87
 
       1       22.397642
       2       18.019524
       3       18.986486
       4       9.8533430
       5       5.6372281
       6       5.6428628
       7       4.9085816
       8       3.2098313
       9       3.7086203
      10       8.6462641
      11       14.665009
      12       21.575286
      13   137.25
 
       1       3.7021997
       2       2.8095269
       3       3.0400526
       4       1.7504650
       5       1.3710144
       6       1.4813815
       7       1.3925452
       8      0.88213743
       9      0.88830724
      10       1.5954928
      11       2.6161239
      12       3.6144642
      13    25.14
 
       1      0.96349796
       2      0.89081032
       3      0.86824464
       4      0.42590081
       5      0.24578923
       6      0.22282715
       7      0.17755757
       8      0.11217868
       9      0.15909490
      10      0.34246285
      11      0.57916432
      12      0.92286989
      13     0.49
 
       1 0.0
       2 0.0
       3 0.0
       4 0.0
       5 0.0
       6 0.0
       7 0.0
       8 0.0
       9 0.0
      10 0.0
      11 0.0
      12 0.0
      13 0.0
 
       1     0.025194603
       2     0.024177013
       3     0.023770803
       4     0.011751946
       5    0.0073710654
       6    0.0060437145
       7    0.0051301895
       8    0.0033475187
       9    0.0046081935
      10    0.0089215353
      11     0.015051641
      12     0.023190632
      13   0.0132
 
       1       1.0000000
       2       1.0000000
       3       1.0000000
       4       1.0000000
       5       1.0000000
       6       1.0000000
       7       1.0000000
       8       1.0000000
       9       1.0000000
      10       1.0000000
      11       1.0000000
      12       1.0000000
      13   1.0000
 
       1       0.0000000
       2       0.0000000
       3       0.0000000
       4       0.0000000
       5       0.0000000
       6       0.0000000
       7       0.0000000
       8       0.0000000
       9       0.0000000
      10       0.0000000
      11       0.0000000
      12       0.0000000
      13   0.0000
 
       1      0.69345733
       2      0.64459141
       3      0.56610393
       4      0.49075563
       5      0.38770960
       6      0.33400095
       7      0.43416832
       8      0.50899203
       9      0.52718099
      10      0.59035779
      11      0.59849168
      12      0.65778074
      13   0.5361
 
