       1       154.67637
       2       139.75012
       3       186.33244
       4       189.74594
       5       238.40583
       6       207.34262
       7       264.12506
       8       202.96762
       9       149.32067
      10       126.94536
      11       154.76668
      12       220.78623
      13  2235.16
 
       1       106.29855
       2       94.780026
       3       119.34639
       4       121.23710
       5       146.95741
       6       121.83298
       7       147.35055
       8       119.29980
       9       94.018336
      10       85.536708
      11       103.96145
      12       149.70355
      13  1410.32
 
       1       14.464728
       2       12.472808
       3       14.699252
       4       15.851762
       5       16.658880
       6       14.186451
       7       15.179075
       8       13.397236
       9       11.366191
      10       11.240887
      11       12.295942
      12       19.052168
      13   170.87
 
       1       19.415559
       2       16.261566
       3       21.079719
       4       26.870771
       5       33.029303
       6       39.801495
       7       53.121522
       8       34.910441
       9       21.160691
      10       17.060191
      11       17.240366
      12       27.476210
      13   327.43
 
       1       14.340541
       2       13.268580
       3       17.586346
       4       23.301797
       5       34.291011
       6       39.108403
       7       49.076335
       8       40.189990
       9       29.859827
      10       18.340836
      11       18.175355
      12       24.968543
      13   322.51
 
       1       13.052225
       2       14.842057
       3       21.648717
       4       30.040090
       5       35.921197
       6       32.699615
       7       35.945884
       8       27.813920
       9       20.440471
      10       16.549722
      11       15.049191
      12       17.307187
      13    23.44
 
       1 0.0
       2 0.0
       3 0.0
       4 0.0
       5 0.0
       6 0.0
       7 0.0
       8 0.0
       9 0.0
      10 0.0
      11 0.0
      12 0.0
      13 0.0
 
       1     0.015995522
       2     0.017880994
       3     0.026167349
       4     0.036764690
       5     0.043698870
       6     0.039373727
       7     0.042241866
       8     0.032628971
       9     0.024004694
      10     0.019966763
      11     0.018251333
      12     0.021431389
      13   0.0282
 
       1      0.86072412
       2      0.85960420
       3      0.86105553
       4      0.86211347
       5      0.86046454
       6      0.86018775
       7      0.86217688
       8      0.86416131
       9      0.86222751
      10      0.86308617
      11      0.86399377
      12      0.86479075
      13   0.8620
 
       1    0.0024295040
       2    0.0027445454
       3    0.0040010857
       4    0.0055872614
       5    0.0066468535
       6    0.0060159747
       7    0.0065094489
       8    0.0050498359
       9    0.0037238264
      10    0.0030678330
      11    0.0027920143
      12    0.0032255484
      13   0.0043
 
       1      0.30184029
       2      0.30471543
       3      0.32970361
       4      0.36627139
       5      0.39576029
       6      0.41646500
       7      0.37411258
       8      0.36360511
       9      0.33703690
      10      0.32722927
      11      0.31694369
      12      0.31938750
      13   0.3461
 
