       1       108.55858
       2       163.49617
       3       225.88711
       4       192.07625
       5       211.64945
       6       256.68367
       7       257.61311
       8       227.30593
       9       169.44206
      10       118.77368
      11       117.33704
      12       170.17606
      13  2219.00
 
       1       73.767779
       2       105.81371
       3       151.64502
       4       119.88848
       5       130.96595
       6       150.94663
       7       143.30072
       8       131.08110
       9       107.26757
      10       77.806328
      11       78.632135
      12       112.91444
      13  1384.03
 
       1       9.5138423
       2       13.627727
       3       21.575333
       4       15.953109
       5       15.936078
       6       16.462605
       7       15.739856
       8       14.385041
       9       13.371649
      10       9.9276639
      11       9.8980210
      12       14.761211
      13   171.15
 
       1       11.430171
       2       15.566071
       3       29.193806
       4       25.399473
       5       27.867590
       6       44.572000
       7       50.931514
       8       38.866590
       9       21.958069
      10       15.692715
      11       15.202243
      12       21.829751
      13   318.51
 
       1       9.4161339
       2       12.930207
       3       25.391326
       4       25.638903
       5       33.441381
       6       44.463448
       7       53.384836
       8       48.925805
       9       34.835669
      10       18.476205
      11       13.560859
      12       20.620372
      13   341.09
 
       1       9.2050733
       2       15.788352
       3       25.982083
       4       26.849304
       5       33.123812
       6       39.171350
       7       33.984013
       8       29.160357
       9       22.878811
      10       14.566812
      11       12.088643
      12       13.257164
      13    23.00
 
       1 0.0
       2 0.0
       3 0.0
       4 0.0
       5 0.0
       6 0.0
       7 0.0
       8 0.0
       9 0.0
      10 0.0
      11 0.0
      12 0.0
      13 0.0
 
       1     0.011184507
       2     0.019364857
       3     0.032672750
       4     0.032956784
       5     0.040268054
       6     0.047855891
       7     0.040503566
       8     0.034612341
       9     0.027512326
      10     0.017370493
      11     0.014674171
      12     0.016317264
      13   0.0279
 
       1      0.89832586
       2      0.89615353
       3      0.89633657
       4      0.89707570
       5      0.89573044
       6      0.89614986
       7      0.89742026
       8      0.89810320
       9      0.89610777
      10      0.89591052
      11      0.89778801
      12      0.89712925
      13   0.8969
 
       1    0.0013099290
       2    0.0022398603
       3    0.0037164275
       4    0.0038138894
       5    0.0046839715
       6    0.0055280286
       7    0.0047396413
       8    0.0040614393
       9    0.0032143560
      10    0.0020547950
      11    0.0017193631
      12    0.0018861457
      13   0.0032
 
       1      0.27784734
       2      0.29230212
       3      0.32858938
       4      0.37009088
       5      0.38928575
       6      0.39711163
       7      0.37282879
       8      0.33877601
       9      0.33651488
      10      0.31523018
      11      0.29804566
      12      0.28965433
      13   0.3339
 
