       1       10.207933
       2       9.1972622
       3       14.923787
       4       25.522948
       5       44.073674
       6       50.980408
       7       39.631411
       8       32.510822
       9       18.819259
      10       11.432000
      11       9.4761016
      12       8.1012650
      13   274.88
 
       1       6.6390655
       2       6.5660223
       3       9.5611237
       4       14.630174
       5       25.267038
       6       26.909904
       7       21.803315
       8       18.057032
       9       11.125486
      10       7.6221635
      11       6.7182476
      12       5.9480493
      13   160.85
 
       1      0.80271782
       2       1.0298390
       3       1.5431778
       4       2.6251315
       5       3.8851010
       6       3.5078803
       7       3.0201616
       8       2.4065579
       9       1.4786740
      10       1.1431033
      11      0.94107044
      12      0.80407139
      13    23.19
 
       1      0.68785735
       2      0.93714141
       3       1.8703994
       4       4.3246594
       5       6.0815595
       6       13.796359
       7       11.474805
       8       9.1103256
       9       3.5478653
      10       1.2227324
      11      0.85191175
      12       1.0774206
      13    54.98
 
       1      0.23326998
       2      0.25497413
       3       1.2168131
       4       3.1888473
       5       4.8945051
       6       7.6167457
       7       6.0661999
       8       5.1923523
       9       2.5580141
      10      0.65003368
      11      0.18338360
      12      0.23556824
      13    32.29
 
       1      0.78610868
       2       1.2700322
       3       1.9388744
       4       3.7232589
       5       5.6145670
       6       4.3736576
       7       3.4266513
       8       2.8556028
       9       1.7405029
      10       1.1932539
      11      0.88465512
      12      0.64640373
      13     2.37
 
       1 0.0
       2 0.0
       3 0.0
       4 0.0
       5 0.0
       6 0.0
       7 0.0
       8 0.0
       9 0.0
      10 0.0
      11 0.0
      12 0.0
      13 0.0
 
       1     0.021576696
       2     0.036378664
       3     0.050365989
       4     0.098802608
       5      0.14921593
       6      0.10766170
       7     0.081894628
       8     0.068412692
       9     0.042627802
      10     0.031293214
      11     0.024552322
      12     0.018042335
      13   0.0609
 
       1      0.85239270
       2      0.85419277
       3      0.84768594
       4      0.84736320
       5      0.84984810
       6      0.84750560
       7      0.84625245
       8      0.84594658
       9      0.84505604
      10      0.84942159
      11      0.85176023
      12      0.85292906
      13   0.8492
 
       1    0.0033130879
       2    0.0054456064
       3    0.0078823124
       4     0.015294524
       5     0.022865681
       6     0.017031311
       7     0.013141611
       8     0.011031268
       9    0.0068363951
      10    0.0048933119
      11    0.0037511841
      12    0.0027489822
      13   0.0095
 
       1      0.83520279
       2      0.94381493
       3      0.94874315
       4      0.97895720
       5      0.98719568
       6      0.98522370
       7      0.97954840
       8      0.97490795
       9      0.98034522
      10      0.96046159
      11      0.93652374
      12      0.90142352
      13   0.9510
 
