       1       118.17523
       2       140.73573
       3       148.01416
       4       134.36311
       5       149.50203
       6       114.85372
       7       122.74389
       8       118.25642
       9       94.525686
      10       88.114191
      11       81.801795
      12       117.12017
      13  1428.21
 
       1       81.578586
       2       91.023295
       3       100.79867
       4       84.543430
       5       89.868336
       6       71.471205
       7       70.156398
       8       69.514077
       9       58.547739
      10       58.969030
      11       55.710985
      12       81.302082
      13   913.48
 
       1       10.360836
       2       10.392526
       3       13.675003
       4       9.4138098
       5       8.2035457
       6       7.8162624
       7       6.4657980
       8       7.2612328
       9       6.5512603
      10       7.3165885
      11       6.5757245
      12       10.006369
      13   104.04
 
       1       10.881393
       2       12.100291
       3       14.516530
       4       10.698628
       5       10.251500
       6       15.539540
       7       14.932895
       8       13.889517
       9       9.0170691
      10       8.6623173
      11       7.1857079
      12       12.979882
      13   140.66
 
       1       10.284851
       2       12.026663
       3       16.516510
       4       14.161350
       5       14.900743
       6       20.063047
       7       20.224960
       8       24.915113
       9       18.119076
      10       16.173189
      11       11.179433
      12       12.697057
      13   191.26
 
       1       8.9689048
       2       12.220526
       3       16.921978
       4       15.771996
       5       18.473763
       6       18.324367
       7       15.852913
       8       15.168622
       9       12.021233
      10       10.374342
      11       7.4969184
      12       8.9378427
      13    13.38
 
       1 0.0
       2 0.0
       3 0.0
       4 0.0
       5 0.0
       6 0.0
       7 0.0
       8 0.0
       9 0.0
      10 0.0
      11 0.0
      12 0.0
      13 0.0
 
       1      0.11707595
       2      0.16056672
       3      0.22210501
       4      0.19887539
       5      0.22965838
       6      0.22804898
       7      0.19259663
       8      0.18528308
       9      0.14632363
      10      0.12840624
      11     0.094101072
      12      0.11699921
      13   0.1683
 
       1      0.92560194
       2      0.92667087
       3      0.92643033
       4      0.92633769
       5      0.92501028
       6      0.92491671
       7      0.92495432
       8      0.92554841
       9      0.92486560
      10      0.92563485
      11      0.92546845
      12      0.92599085
      13   0.9256
 
       1    0.0090176700
       2     0.012263024
       3     0.016989910
       4     0.015586559
       5     0.018157987
       6     0.018001229
       7     0.015410327
       8     0.014782189
       9     0.011744981
      10     0.010227243
      11    0.0074460989
      12    0.0089970874
      13   0.0132
 
       1      0.69311434
       2      0.73937961
       3      0.83960645
       4      0.72484439
       5      0.80715479
       6      0.85332247
       7      0.79969641
       8      0.79925074
       9      0.77765204
      10      0.74545454
      11      0.70605215
      12      0.65933921
      13   0.7621
 
