       1       159.76074
       2       107.98213
       3       130.65416
       4       133.82918
       5       128.31612
       6       131.55856
       7       113.50213
       8       105.46520
       9       119.76895
      10       67.006868
      11       93.609162
      12       120.62927
      13  1412.08
 
       1       108.56782
       2       70.727514
       3       83.560861
       4       84.130177
       5       78.557183
       6       80.115791
       7       64.183208
       8       62.788127
       9       76.357053
      10       43.913942
      11       63.056598
      12       82.347959
      13   898.31
 
       1       15.243802
       2       8.2631582
       3       9.4964424
       4       9.7905062
       5       7.8652930
       6       8.7396784
       7       6.2144591
       8       6.6158392
       9       9.0409050
      10       5.3581260
      11       6.9141069
      12       9.6665996
      13   103.21
 
       1       19.000941
       2       8.8073839
       3       11.300079
       4       12.664128
       5       10.308611
       6       15.759966
       7       14.183779
       8       13.458290
       9       10.040370
      10       5.5235406
      11       6.9718329
      12       11.239118
      13   139.26
 
       1       15.178908
       2       8.5241663
       3       12.675330
       4       15.611650
       5       14.237771
       6       17.350778
       7       17.022655
       8       21.376330
       9       24.177839
      10       11.306310
      11       10.135046
      12       12.777084
      13   180.37
 
       1       11.851119
       2       10.580400
       3       13.202027
       4       15.935027
       5       16.859909
       6       20.241680
       7       14.017358
       8       14.037726
       9       15.956208
      10       7.6784006
      11       8.1286004
      12       8.6216921
      13    13.09
 
       1 0.0
       2 0.0
       3 0.0
       4 0.0
       5 0.0
       6 0.0
       7 0.0
       8 0.0
       9 0.0
      10 0.0
      11 0.0
      12 0.0
      13 0.0
 
       1      0.12632685
       2      0.10853915
       3      0.13499102
       4      0.16208695
       5      0.16777581
       6      0.20340168
       7      0.13584815
       8      0.13710538
       9      0.16017595
      10     0.074009521
      11     0.082046930
      12     0.089910392
      13   0.1319
 
       1      0.93285666
       2      0.93308858
       3      0.93276526
       4      0.93230401
       5      0.93172427
       6      0.93088877
       7      0.93200196
       8      0.93331903
       9      0.93300714
      10      0.93270033
      11      0.93429174
      12      0.93381655
      13   0.9327
 
       1    0.0087381164
       2    0.0077445975
       3    0.0096508183
       4     0.011603224
       5     0.012239691
       6     0.014693642
       7     0.010074162
       8     0.010111778
       9     0.011576728
      10    0.0055538596
      11    0.0059408194
      12    0.0063419276
      13   0.0095
 
       1      0.68236309
       2      0.68377755
       3      0.70413532
       4      0.77336234
       5      0.77203889
       6      0.87588787
       7      0.75830072
       8      0.75922237
       9      0.81029551
      10      0.69419447
      11      0.63552495
      12      0.66180790
      13   0.7342
 
