       1       221.98824
       2       181.10451
       3       207.41301
       4       171.98871
       5       243.07219
       6       230.95967
       7       233.24060
       8       177.04338
       9       154.78157
      10       103.71656
      11       163.52439
      12       164.03637
      13  2252.87
 
       1       149.66638
       2       120.28602
       3       132.89071
       4       108.95701
       5       151.26241
       6       135.49356
       7       131.10667
       8       103.10309
       9       96.774819
      10       69.716467
      11       108.94898
      12       110.56627
      13  1418.77
 
       1       21.077384
       2       16.393611
       3       17.346655
       4       14.366165
       5       18.542067
       6       16.843739
       7       14.922727
       8       12.162664
       9       12.085909
      10       9.8359414
      11       13.792305
      12       14.370570
      13   181.74
 
       1       26.946148
       2       21.690273
       3       27.372430
       4       25.198013
       5       31.612389
       6       43.173833
       7       49.055665
       8       29.846149
       9       18.249937
      10       13.591908
      11       19.235113
      12       18.018593
      13   323.99
 
       1       21.411552
       2       16.704526
       3       21.543808
       4       19.491227
       5       34.910171
       6       43.004926
       7       45.563295
       8       37.767883
       9       28.942505
      10       18.901800
      11       19.005459
      12       17.805551
      13   325.05
 
       1       17.324224
       2       18.375793
       3       25.064752
       4       25.858096
       5       37.713598
       6       34.440509
       7       29.229438
       8       21.942421
       9       19.150676
      10       13.117178
      11       14.760003
      12       12.654536
      13    22.47
 
       1 0.0
       2 0.0
       3 0.0
       4 0.0
       5 0.0
       6 0.0
       7 0.0
       8 0.0
       9 0.0
      10 0.0
      11 0.0
      12 0.0
      13 0.0
 
       1     0.016847499
       2     0.017505534
       3     0.024008396
       4     0.024328647
       5     0.035659696
       6     0.032170734
       7     0.026432642
       8     0.019631673
       9     0.017261743
      10     0.011846964
      11     0.013828966
      12     0.012112544
      13   0.0210
 
       1      0.93950350
       2      0.93819844
       3      0.93890767
       4      0.93847892
       5      0.93776899
       6      0.93854566
       7      0.93895061
       8      0.93921334
       9      0.93832103
      10      0.93811741
      11      0.93847542
      12      0.93896939
      13   0.9386
 
       1    0.0011591139
       2    0.0012239965
       3    0.0016737570
       4    0.0017213644
       5    0.0025061871
       6    0.0022774495
       7    0.0019114190
       8    0.0014348746
       9    0.0012573036
      10   0.00086631108
      11   0.00098077537
      12   0.00084640131
      13   0.0015
 
       1      0.27833045
       2      0.28532590
       3      0.30614526
       4      0.33887763
       5      0.37972876
       6      0.37697781
       7      0.33967469
       8      0.30665949
       9      0.29430713
      10      0.27667718
      11      0.26366564
      12      0.25537048
      13   0.3085
 
