       1       32.371586
       2       23.353729
       3       25.834844
       4       21.901047
       5       24.807705
       6       18.657815
       7       18.026438
       8       17.181549
       9       11.683119
      10       11.499044
      11       18.964103
      12       28.429024
      13   252.71
 
       1       17.043481
       2       13.106264
       3       14.275767
       4       12.588661
       5       14.360023
       6       11.559527
       7       10.921752
       8       10.525433
       9       6.9963903
      10       6.6332995
      11       10.245271
      12       14.531429
      13   142.79
 
       1       2.5227902
       2       1.9794439
       3       2.1868441
       4       1.8111708
       5       1.9907502
       6       1.4661898
       7       1.3007444
       8       1.2501633
       9      0.90087509
      10       1.0076205
      11       1.4911812
      12       2.2564745
      13    20.16
 
       1       10.654222
       2       7.4516460
       3       7.6720178
       4       6.3413131
       5       7.0825057
       6       5.2460505
       7       5.8711268
       8       5.2657424
       9       3.6460981
      10       3.5089129
      11       6.3452023
      12       9.5107433
      13    78.60
 
       1       1.8998365
       2      0.87404918
       3       1.3265332
       4      0.87917749
       5      0.93874403
       6      0.65150564
       7      0.70203776
       8      0.88132541
       9      0.94376043
      10       1.0110167
      11       1.4389544
      12       2.0406987
      13    13.59
 
       1      0.44223496
       2      0.40272618
       3      0.40640148
       4      0.38505230
       5      0.45687203
       6      0.35497388
       7      0.32096775
       8      0.29698168
       9      0.20667188
      10      0.18631802
      11      0.26624759
      12      0.38564336
      13     0.34
 
       1 0.0
       2 0.0
       3 0.0
       4 0.0
       5 0.0
       6 0.0
       7 0.0
       8 0.0
       9 0.0
      10 0.0
      11 0.0
      12 0.0
      13 0.0
 
       1     0.016235695
       2     0.015484373
       3     0.015532779
       4     0.015462422
       5     0.017938203
       6     0.015125900
       7     0.013427268
       8     0.012954287
       9    0.0084294485
      10    0.0073477817
      11     0.010196186
      12     0.014114351
      13   0.0135
 
       1       1.0000000
       2       1.0000000
       3       1.0000000
       4       1.0000000
       5       1.0000000
       6       1.0000000
       7       1.0000000
       8       1.0000000
       9       1.0000000
      10       1.0000000
      11       1.0000000
      12       1.0000000
      13   1.0000
 
       1       0.0000000
       2       0.0000000
       3       0.0000000
       4       0.0000000
       5       0.0000000
       6       0.0000000
       7       0.0000000
       8       0.0000000
       9       0.0000000
      10       0.0000000
      11       0.0000000
      12       0.0000000
      13   0.0000
 
       1      0.31428892
       2      0.21809316
       3      0.18340872
       4      0.14142214
       5      0.17298342
       6      0.12017783
       7      0.16372310
       8      0.17506988
       9      0.19791869
      10      0.29161585
      11      0.35482162
      12      0.30522901
      13   0.2199
 
