       1       474.03843
       2       427.93648
       3       477.88067
       4       461.98122
       5       505.01118
       6       534.36650
       7       528.66016
       8       523.89307
       9       409.81955
      10       457.41556
      11       443.69397
      12       471.28237
      13  5715.98
 
       1       287.73565
       2       260.70976
       3       295.92009
       4       282.61976
       5       308.52994
       6       321.35988
       7       321.12540
       8       322.04537
       9       249.90719
      10       281.22920
      11       273.97020
      12       284.94233
      13  3490.09
 
       1       36.626347
       2       33.473173
       3       36.573841
       4       34.638525
       5       38.097558
       6       39.419388
       7       39.833314
       8       40.457642
       9       31.774516
      10       34.631569
      11       33.120723
      12       35.697667
      13   434.34
 
       1       129.60979
       2       114.67964
       3       124.85730
       4       122.06817
       5       133.45715
       6       143.95730
       7       143.13962
       8       138.87453
       9       108.67359
      10       120.86951
      11       116.99936
      12       129.78232
      13  1526.97
 
       1       20.538674
       2       19.111500
       3       20.946703
       4       22.416981
       5       24.936674
       6       26.334056
       7       25.972685
       8       23.629190
       9       19.854189
      10       20.703521
      11       18.929762
      12       21.421029
      13   264.79
 
       1       5.9012655
       2       5.8609025
       3       5.7121772
       4       5.6134519
       5       6.0138345
       6       6.6846458
       7       6.4754332
       8       6.6779733
       9       5.3703963
      10       5.5112831
      11       5.4367519
      12       5.7331261
      13     5.92
 
       1 0.0
       2 0.0
       3 0.0
       4 0.0
       5 0.0
       6 0.0
       7 0.0
       8 0.0
       9 0.0
      10 0.0
      11 0.0
      12 0.0
      13 0.0
 
       1     0.024248466
       2     0.024406318
       3     0.024040900
       4     0.023158691
       5     0.024610746
       6     0.026888534
       7     0.026577086
       8     0.027626245
       9     0.021973574
      10     0.022759428
      11     0.022600362
      12     0.023483180
      13   0.0244
 
       1       1.0000000
       2       1.0000000
       3       1.0000000
       4       1.0000000
       5       1.0000000
       6       1.0000000
       7       1.0000000
       8       1.0000000
       9       1.0000000
      10       1.0000000
      11       1.0000000
      12       1.0000000
      13   1.0000
 
       1       0.0000000
       2       0.0000000
       3       0.0000000
       4       0.0000000
       5       0.0000000
       6       0.0000000
       7       0.0000000
       8       0.0000000
       9       0.0000000
      10       0.0000000
      11       0.0000000
      12       0.0000000
      13   0.0000
 
       1      0.73775665
       2      0.71112428
       3      0.69193295
       4      0.64149303
       5      0.63862695
       6      0.60871676
       7      0.65371565
       8      0.67584612
       9      0.68921396
      10      0.70169059
      11      0.71081997
      12      0.72710568
      13   0.6823
 
