       1       166.01112
       2       195.51141
       3       142.40812
       4       166.76557
       5       220.12507
       6       217.08123
       7       242.57413
       8       207.19690
       9       163.41767
      10       131.02069
      11       130.09496
      12       141.34737
      13  2123.55
 
       1       111.95238
       2       129.39720
       3       96.031642
       4       105.05968
       5       133.24540
       6       125.98687
       7       135.52958
       8       119.06354
       9       103.39656
      10       86.469197
      11       89.677154
      12       95.227582
      13  1331.04
 
       1       15.221911
       2       17.266363
       3       13.583766
       4       14.069696
       5       15.834343
       6       14.153117
       7       15.056316
       8       13.403130
       9       12.775670
      10       10.874914
      11       11.734197
      12       11.634912
      13   165.61
 
       1       20.535148
       2       21.424334
       3       22.209162
       4       22.954211
       5       32.052866
       6       37.166653
       7       50.921128
       8       34.340750
       9       22.809291
      10       13.721010
      11       15.755560
      12       17.386922
      13   311.28
 
       1       17.565438
       2       20.745935
       3       18.354070
       4       20.770330
       5       31.660981
       6       36.220289
       7       49.585148
       8       39.670197
       9       34.852961
      10       21.026153
      11       18.346497
      12       15.035267
      13   323.83
 
       1       13.355669
       2       19.695339
       3       18.773836
       4       23.386094
       5       31.637409
       6       32.931218
       7       31.411394
       8       26.032104
       9       22.735348
      10       15.435489
      11       14.340525
      12       12.039817
      13    21.81
 
       1 0.0
       2 0.0
       3 0.0
       4 0.0
       5 0.0
       6 0.0
       7 0.0
       8 0.0
       9 0.0
      10 0.0
      11 0.0
      12 0.0
      13 0.0
 
       1     0.016685215
       2     0.024581121
       3     0.023249655
       4     0.028295550
       5     0.038426203
       6     0.039649640
       7     0.037108785
       8     0.030595376
       9     0.027513875
      10     0.018565493
      11     0.017767436
      12     0.014869182
      13   0.0264
 
       1      0.89760983
       2      0.89639649
       3      0.89700876
       4      0.89558309
       5      0.89445678
       6      0.89564611
       7      0.89746895
       8      0.89889330
       9      0.89743562
      10      0.89795260
      11      0.89881460
      12      0.89838818
      13   0.8971
 
       1    0.0019108526
       2    0.0028133694
       3    0.0026839590
       4    0.0033060595
       5    0.0044696585
       6    0.0046260353
       7    0.0043631176
       8    0.0036159928
       9    0.0032047557
      10    0.0021775424
      11    0.0020515143
      12    0.0017195217
      13   0.0031
 
       1      0.28674941
       2      0.29806382
       3      0.32256808
       4      0.35085876
       5      0.38983391
       6      0.40764416
       7      0.38412260
       8      0.33773400
       9      0.34200316
      10      0.29686250
      11      0.30193579
      12      0.29712081
      13   0.3346
 
