       1       110.23645
       2       138.36202
       3       117.62814
       4       110.90873
       5       153.36890
       6       152.43945
       7       123.43023
       8       114.02207
       9       101.98282
      10       83.835905
      11       92.713439
      12       79.296758
      13  1378.22
 
       1       73.427302
       2       95.672280
       3       72.144996
       4       70.582266
       5       95.728482
       6       92.126085
       7       71.361196
       8       66.123943
       9       63.452761
      10       56.397943
      11       64.529805
      12       55.185582
      13   876.73
 
       1       8.9257008
       2       13.227959
       3       7.4577039
       4       7.8384971
       5       10.050233
       6       8.8963518
       7       6.9125082
       8       6.6788203
       9       6.9275025
      10       6.9998647
      11       8.0093484
      12       6.2466239
      13    98.17
 
       1       10.257724
       2       13.488947
       3       8.3956697
       4       7.9695297
       5       12.816813
       6       17.352753
       7       16.387316
       8       15.040507
       9       11.042535
      10       7.6636449
      11       9.6805517
      12       6.6652389
      13   136.76
 
       1       9.3919272
       2       11.658913
       3       10.571488
       4       11.388938
       5       16.187688
       6       22.777781
       7       19.395904
       8       23.284745
       9       20.311244
      10       17.245516
      11       13.691031
      12       7.0309023
      13   182.94
 
       1       7.6850604
       2       12.973000
       3       10.003795
       4       13.576414
       5       21.886177
       6       23.010804
       7       15.926347
       8       14.503993
       9       12.883629
      10       10.115686
      11       8.8066737
      12       6.1858459
      13    13.13
 
       1 0.0
       2 0.0
       3 0.0
       4 0.0
       5 0.0
       6 0.0
       7 0.0
       8 0.0
       9 0.0
      10 0.0
      11 0.0
      12 0.0
      13 0.0
 
       1     0.098584781
       2      0.17049545
       3      0.12457819
       4      0.16804951
       5      0.27753713
       6      0.28815427
       7      0.19368844
       8      0.17563994
       9      0.15766854
      10      0.12490947
      11      0.11160514
      12     0.078344037
      13   0.1641
 
       1      0.92510389
       2      0.92549108
       3      0.92555353
       4      0.92603104
       5      0.92598527
       6      0.92474208
       7      0.92564356
       8      0.92508557
       9      0.92547205
      10      0.92561374
      11      0.92549326
      12      0.92612506
      13   0.9255
 
       1    0.0076751279
       2     0.013027830
       3    0.0098520235
       4     0.013359906
       5     0.021681081
       6     0.022610208
       7     0.015459231
       8     0.014079296
       9     0.012592139
      10    0.0099637994
      11    0.0087697652
      12    0.0061824188
      13   0.0129
 
       1      0.65095460
       2      0.76578610
       3      0.66761682
       4      0.73835767
       5      0.81005850
       6      0.88931305
       7      0.79881173
       8      0.81131037
       9      0.79536243
      10      0.72579486
      11      0.72476841
      12      0.66976653
      13   0.7540
 
