       1       140.24938
       2       103.95411
       3       113.16959
       4       109.29583
       5       128.54920
       6       107.56984
       7       120.47961
       8       106.44138
       9       80.999195
      10       87.068110
      11       105.71860
      12       103.85389
      13  1307.35
 
       1       94.993633
       2       67.657592
       3       71.815245
       4       69.592585
       5       79.511338
       6       66.209891
       7       67.778767
       8       62.154818
       9       51.656248
      10       56.608342
      11       72.561195
      12       71.257910
      13   831.80
 
       1       12.608713
       2       7.4093006
       3       8.4308418
       4       8.5268588
       5       8.9058257
       6       7.3752142
       7       6.8739522
       8       6.7062632
       9       6.1658780
      10       6.7017994
      11       9.2497387
      12       9.3900231
      13    98.34
 
       1       15.868463
       2       7.9708710
       3       9.1642294
       4       10.875834
       5       11.447694
       6       12.333573
       7       15.809939
       8       15.062657
       9       8.9283087
      10       6.6798834
      11       10.719808
      12       12.000351
      13   136.86
 
       1       13.769182
       2       8.2557098
       3       10.449411
       4       13.847356
       5       14.212008
       6       12.861656
       7       18.062340
       8       20.825390
       9       15.551822
      10       16.189201
      11       14.642946
      12       11.686990
      13   170.35
 
       1       10.814883
       2       9.9835540
       3       11.445513
       4       13.446928
       5       16.017665
       6       14.829431
       7       14.815344
       8       13.245634
       9       10.485704
      10       9.6548798
      11       10.457287
      12       7.6278138
      13    11.90
 
       1 0.0
       2 0.0
       3 0.0
       4 0.0
       5 0.0
       6 0.0
       7 0.0
       8 0.0
       9 0.0
      10 0.0
      11 0.0
      12 0.0
      13 0.0
 
       1      0.11756213
       2      0.10460540
       3      0.11732864
       4      0.13711555
       5      0.16286930
       6      0.14814345
       7      0.14643494
       8      0.13054626
       9      0.10258571
      10     0.094996740
      11      0.10918799
      12     0.080036760
      13   0.1210
 
       1      0.87402701
       2      0.87417595
       3      0.87165335
       4      0.87132464
       5      0.87125573
       6      0.87068493
       7      0.87089116
       8      0.87289334
       9      0.87006421
      10      0.87008991
      11      0.87572598
      12      0.87149826
      13   0.8720
 
       1     0.015375182
       2     0.014045377
       3     0.015938955
       4     0.018671981
       5     0.022201821
       6     0.020424338
       7     0.020225727
       8     0.018099623
       9     0.014398584
      10     0.013304735
      11     0.014668180
      12     0.010753508
      13   0.0165
 
       1      0.72312433
       2      0.65991235
       3      0.73482361
       4      0.76935599
       5      0.78753255
       6      0.78204445
       7      0.79699225
       8      0.74918440
       9      0.75818449
      10      0.69102407
      11      0.66873652
      12      0.65196482
      13   0.7311
 
