       1       156.37139
       2       137.28618
       3       152.89365
       4       141.32600
       5       137.47680
       6       123.48332
       7       147.97445
       8       135.69437
       9       117.49545
      10       66.418779
      11       99.962282
      12       195.27969
      13  1611.66
 
       1       102.72699
       2       93.804163
       3       102.39222
       4       85.732495
       5       84.637966
       6       74.518174
       7       80.672726
       8       78.249958
       9       72.201757
      10       45.953222
      11       68.338988
      12       130.85401
      13  1020.08
 
       1       12.363051
       2       11.946309
       3       13.941449
       4       8.4378913
       5       8.5361415
       6       7.3190003
       7       7.3787993
       8       7.4090228
       9       7.4502018
      10       6.2202333
      11       8.2510741
      12       15.929466
      13   115.18
 
       1       12.754921
       2       12.621950
       3       15.885305
       4       10.198299
       5       11.753308
       6       14.407346
       7       17.350800
       8       15.056322
       9       12.087852
      10       6.6965594
      11       8.3074647
      12       20.300165
      13   157.42
 
       1       11.490343
       2       14.157513
       3       18.141122
       4       13.806896
       5       15.019033
       6       17.807551
       7       24.842316
       8       26.908009
       9       24.273194
      10       15.739464
      11       12.703467
      12       20.315774
      13   215.20
 
       1       10.530132
       2       14.537630
       3       16.967197
       4       16.815435
       5       18.826568
       6       20.870057
       7       18.658139
       8       18.081014
       9       15.311772
      10       8.4510518
      11       8.9744870
      12       13.303673
      13    15.11
 
       1 0.0
       2 0.0
       3 0.0
       4 0.0
       5 0.0
       6 0.0
       7 0.0
       8 0.0
       9 0.0
      10 0.0
      11 0.0
      12 0.0
      13 0.0
 
       1      0.11202801
       2      0.15936064
       3      0.18407478
       4      0.17291047
       5      0.19523472
       6      0.21618954
       7      0.18693817
       8      0.18160909
       9      0.15453130
      10     0.085112440
      11     0.092224802
      12      0.14546028
      13   0.1571
 
       1      0.87283961
       2      0.87616810
       3      0.87426163
       4      0.87152563
       5      0.87192080
       6      0.87145230
       7      0.87211945
       8      0.87220711
       9      0.87176136
      10      0.87433139
      11      0.87186256
      12      0.87780738
      13   0.8732
 
       1     0.014814321
       2     0.020687266
       3     0.024038412
       4     0.023371378
       5     0.026262449
       6     0.029097615
       7     0.025628576
       8     0.024890123
       9     0.021146609
      10     0.011757061
      11     0.012534878
      12     0.018882170
      13   0.0211
 
       1      0.70658211
       2      0.75281883
       3      0.81863535
       4      0.76833738
       5      0.80895054
       6      0.83946515
       7      0.82661816
       8      0.81672715
       9      0.82051968
      10      0.67158108
      11      0.68932292
      12      0.68607905
      13   0.7671
 
