       1       98.673178
       2       184.33268
       3       187.39786
       4       213.86550
       5       222.44594
       6       249.06015
       7       247.80773
       8       196.65624
       9       157.99493
      10       107.53993
      11       159.42279
      12       184.76182
      13  2209.96
 
       1       68.679004
       2       120.79355
       3       121.33019
       4       133.21311
       5       138.15902
       6       141.86525
       7       136.33420
       8       114.31560
       9       98.628662
      10       71.088152
      11       106.27955
      12       126.52205
      13  1377.21
 
       1       9.2432752
       2       14.909579
       3       16.044304
       4       16.650134
       5       18.106175
       6       15.569187
       7       14.917677
       8       13.421970
       9       11.777967
      10       9.7430940
      11       12.909517
      12       16.622907
      13   169.92
 
       1       12.460526
       2       19.601855
       3       22.990449
       4       30.031755
       5       38.006161
       6       45.727384
       7       50.636018
       8       37.323521
       9       19.769336
      10       14.249420
      11       15.273521
      12       23.339203
      13   329.41
 
       1       9.9453110
       2       16.140673
       3       20.982795
       4       21.741780
       5       37.102969
       6       42.877561
       7       47.541334
       8       44.306456
       9       30.396915
      10       17.894082
      11       17.952433
      12       22.010103
      13   328.89
 
       1       9.0192359
       2       17.866406
       3       23.184480
       4       33.349091
       5       37.586629
       6       37.014742
       7       32.545887
       8       26.818545
       9       20.732135
      10       13.203117
      11       14.753415
      12       15.023889
      13    23.42
 
       1 0.0
       2 0.0
       3 0.0
       4 0.0
       5 0.0
       6 0.0
       7 0.0
       8 0.0
       9 0.0
      10 0.0
      11 0.0
      12 0.0
      13 0.0
 
       1     0.010985139
       2     0.021924000
       3     0.028746228
       4     0.041728007
       5     0.047056753
       6     0.044865117
       7     0.038575251
       8     0.031954593
       9     0.024569739
      10     0.015835074
      11     0.018047425
      12     0.018734820
      13   0.0286
 
       1      0.89807744
       2      0.89655974
       3      0.89689705
       4      0.89661429
       5      0.89634908
       6      0.89705764
       7      0.89892880
       8      0.89936572
       9      0.89905251
      10      0.89783688
      11      0.89900746
      12      0.89924643
      13   0.8979
 
       1    0.0012842054
       2    0.0025342020
       3    0.0033050399
       4    0.0047743281
       5    0.0053696537
       6    0.0052043692
       7    0.0045260680
       8    0.0037486144
       9    0.0029013837
      10    0.0018673430
      11    0.0020972656
      12    0.0021441487
      13   0.0033
 
       1      0.27797139
       2      0.27227239
       3      0.33025326
       4      0.37524977
       5      0.42258451
       6      0.40926478
       7      0.36894389
       8      0.34815053
       9      0.32249278
      10      0.30462236
      11      0.29914236
      12      0.29779834
      13   0.3357
 
