       1     0.045776113
       2     0.052618134
       3     0.060637227
       4     0.074015717
       5     0.080977385
       6     0.092278173
       7     0.080861244
       8     0.057773387
       9     0.051239879
      10     0.046814229
      11     0.039600187
      12     0.043128794
      13   0.0605
 
       1      0.96047131
       2      0.96136729
       3      0.95755060
       4      0.95097005
       5      0.94826972
       6      0.94825526
       7      0.95085232
       8      0.95637346
       9      0.95857637
      10      0.96169466
      11      0.96221093
      12      0.96245362
      13   0.9566
 
       1    0.0026936387
       2    0.0033252577
       3    0.0046346703
       4    0.0064240419
       5    0.0071542751
       6    0.0088604749
       7    0.0072970685
       8    0.0042611987
       9    0.0035765282
      10    0.0030875394
      11    0.0019799733
      12    0.0024433452
      13   0.0046
 
