       1       277.23424
       2       188.16711
       3       280.60783
       4       298.54006
       5       373.48393
       6       361.80831
       7       366.46918
       8       277.17080
       9       194.40046
      10       153.03470
      11       162.54158
      12       159.19464
      13  3092.65
 
       1       189.76808
       2       130.77758
       3       180.59573
       4       191.40398
       5       225.18900
       6       211.60308
       7       212.19790
       8       161.20960
       9       125.04760
      10       101.86726
      11       112.54923
      12       111.12154
      13  1953.33
 
       1       24.951777
       2       19.517409
       3       22.650288
       4       24.229938
       5       24.072648
       6       22.926649
       7       23.036950
       8       18.554844
       9       15.263601
      10       13.980999
      11       14.969109
      12       14.294824
      13   238.45
 
       1       34.019621
       2       22.816100
       3       32.347876
       4       42.255651
       5       46.001993
       6       73.030812
       7       71.605079
       8       46.108609
       9       25.835698
      10       19.399723
      11       20.577411
      12       19.216852
      13   453.22
 
       1       25.290715
       2       17.537464
       3       27.912166
       4       34.130485
       5       48.995046
       6       70.038456
       7       75.452246
       8       59.253571
       9       35.743761
      10       19.961940
      11       20.161868
      12       16.977342
      13   451.46
 
       1       21.781078
       2       18.964491
       3       30.243954
       4       45.494051
       5       51.664665
       6       59.933603
       7       54.889701
       8       37.276861
       9       28.123699
      10       18.372136
      11       17.087622
      12       13.867318
      13    33.14
 
       1 0.0
       2 0.0
       3 0.0
       4 0.0
       5 0.0
       6 0.0
       7 0.0
       8 0.0
       9 0.0
      10 0.0
      11 0.0
      12 0.0
      13 0.0
 
       1     0.021722010
       2     0.018548342
       3     0.029246000
       4     0.044669745
       5     0.050895092
       6     0.059485469
       7     0.053124097
       8     0.034929336
       9     0.026530338
      10     0.017423313
      11     0.016457477
      12     0.013350128
      13   0.0322
 
       1      0.84526304
       2      0.84424275
       3      0.84126026
       4      0.84159672
       5      0.84080653
       6      0.84348551
       7      0.84669410
       8      0.84707629
       9      0.84473281
      10      0.84540938
      11      0.84558927
      12      0.84633122
      13   0.8444
 
       1    0.0037302759
       2    0.0032305584
       3    0.0051215655
       4    0.0077349883
       5    0.0088011502
       6     0.010219635
       7    0.0092461864
       8    0.0062026347
       9    0.0047244374
      10    0.0031100865
      11    0.0029102963
      12    0.0023571755
      13   0.0056
 
       1      0.31722365
       2      0.30576806
       3      0.34687398
       4      0.38595264
       5      0.42419545
       6      0.43924655
       7      0.42641024
       8      0.37398138
       9      0.33359676
      10      0.32371823
      11      0.31748511
      12      0.31079930
      13   0.3588
 
