       1       464.12850
       2       433.71813
       3       472.14456
       4       482.11370
       5       536.67040
       6       502.56254
       7       489.45254
       8       477.11394
       9       462.88755
      10       470.81007
      11       452.65866
      12       478.90001
      13  5723.16
 
       1       279.32291
       2       265.11726
       3       288.27588
       4       297.36449
       5       331.32193
       6       304.95037
       7       293.37672
       8       292.20036
       9       283.32600
      10       289.10480
      11       277.20577
      12       286.95681
      13  3488.52
 
       1       35.303797
       2       33.048017
       3       36.393422
       4       36.150846
       5       39.614285
       6       38.246591
       7       37.756462
       8       36.717253
       9       35.404700
      10       35.606047
      11       33.629012
      12       36.991783
      13   434.86
 
       1       127.27888
       2       116.29045
       3       127.01149
       4       125.26749
       5       140.07919
       6       134.01031
       7       133.52345
       8       124.42339
       9       123.13826
      10       124.10370
      11       120.71413
      12       130.62307
      13  1526.46
 
       1       21.007577
       2       19.618720
       3       21.635876
       4       22.751968
       5       24.778015
       6       24.840202
       7       25.693823
       8       23.429487
       9       22.352379
      10       21.353202
      11       20.674068
      12       23.442126
      13   271.58
 
       1       5.5868745
       2       5.7997694
       3       5.8139955
       4       5.7590674
       5       6.3133790
       6       6.4231536
       7       6.1469538
       8       6.0617853
       9       5.9671348
      10       5.6521065
      11       5.4605364
      12       5.7761891
      13     5.90
 
       1 0.0
       2 0.0
       3 0.0
       4 0.0
       5 0.0
       6 0.0
       7 0.0
       8 0.0
       9 0.0
      10 0.0
      11 0.0
      12 0.0
      13 0.0
 
       1     0.023049276
       2     0.024307094
       3     0.024056889
       4     0.023751287
       5     0.026203261
       6     0.026055404
       7     0.024722665
       8     0.025049614
       9     0.024568161
      10     0.023305327
      11     0.022626812
      12     0.023418451
      13   0.0243
 
       1       1.0000000
       2       1.0000000
       3       1.0000000
       4       1.0000000
       5       1.0000000
       6       1.0000000
       7       1.0000000
       8       1.0000000
       9       1.0000000
      10       1.0000000
      11       1.0000000
      12       1.0000000
      13   1.0000
 
       1       0.0000000
       2       0.0000000
       3       0.0000000
       4       0.0000000
       5       0.0000000
       6       0.0000000
       7       0.0000000
       8       0.0000000
       9       0.0000000
      10       0.0000000
      11       0.0000000
      12       0.0000000
      13   0.0000
 
       1      0.69852474
       2      0.68115510
       3      0.63440594
       4      0.63846716
       5      0.58887428
       6      0.58988004
       7      0.63666166
       8      0.64397674
       9      0.65310964
      10      0.70483596
      11      0.67701270
      12      0.69257463
      13   0.6533
 
