       1       99.404514
       2       110.46520
       3       195.09010
       4       113.95151
       5       176.62588
       6       135.70831
       7       142.35696
       8       115.16854
       9       97.370133
      10       84.220589
      11       76.093330
      12       102.48902
      13  1448.94
 
       1       69.653249
       2       73.671507
       3       125.73981
       4       73.539659
       5       105.84878
       6       81.899670
       7       80.094766
       8       66.769974
       9       61.080441
      10       55.756396
      11       50.843703
      12       71.744548
      13   916.64
 
       1       9.0310691
       2       8.7565904
       3       15.071537
       4       8.1542096
       5       8.8924664
       6       7.8130927
       7       7.2197783
       8       6.9256522
       9       6.2612981
      10       6.6624265
      11       5.4755625
      12       8.8406548
      13    99.10
 
       1       9.1503492
       2       8.2723065
       3       18.264752
       4       9.4938511
       5       11.849698
       6       15.924194
       7       19.328137
       8       12.651313
       9       9.9354765
      10       7.3931001
      11       7.0985943
      12       10.142419
      13   139.50
 
       1       10.124495
       2       8.2602185
       3       20.338329
       4       12.495677
       5       14.919072
       6       18.486593
       7       25.742228
       8       23.665151
       9       19.170751
      10       16.944170
      11       9.9749423
      12       9.1669531
      13   189.29
 
       1       8.2943699
       2       10.025210
       3       18.861599
       4       15.235224
       5       23.131005
       6       23.684643
       7       20.464589
       8       15.904722
       9       13.527848
      10       9.4897074
      11       6.9543112
      12       7.6287416
      13    14.43
 
       1 0.0
       2 0.0
       3 0.0
       4 0.0
       5 0.0
       6 0.0
       7 0.0
       8 0.0
       9 0.0
      10 0.0
      11 0.0
      12 0.0
      13 0.0
 
       1      0.11387351
       2      0.13441497
       3      0.25684998
       4      0.20126126
       5      0.30551481
       6      0.31847608
       7      0.26661577
       8      0.20465373
       9      0.17489699
      10      0.12159514
      11     0.089910469
      12      0.10248716
      13   0.1909
 
       1      0.89122066
       2      0.88898793
       3      0.88854101
       4      0.88799631
       5      0.88774362
       6      0.88921956
       7      0.88894345
       8      0.88920974
       9      0.88805769
      10      0.88791499
      11      0.88954089
      12      0.88943058
      13   0.8889
 
       1     0.013110187
       2     0.015685478
       3     0.029502341
       4     0.023670002
       5     0.035754438
       6     0.036906141
       7     0.031409429
       8     0.024380309
       9     0.020827960
      10     0.014628352
      11     0.010766030
      12     0.011952030
      13   0.0224
 
       1      0.68809401
       2      0.72515046
       3      0.81766099
       4      0.81880800
       5      0.83980300
       6      0.88576860
       7      0.88318579
       8      0.83400107
       9      0.79889031
      10      0.72965843
      11      0.63680318
      12      0.72422961
      13   0.7818
 
