       1       165.39014
       2       161.67799
       3       128.43634
       4       140.38264
       5       152.83086
       6       135.30073
       7       131.55728
       8       125.74572
       9       115.69761
      10       82.884664
      11       121.48213
      12       102.33195
      13  1563.72
 
       1       112.99877
       2       110.10381
       3       81.514226
       4       86.020383
       5       95.178736
       6       81.619738
       7       73.678054
       8       72.179665
       9       71.530070
      10       57.436213
      11       80.209389
      12       72.949140
      13   995.42
 
       1       13.590502
       2       13.478688
       3       8.9931427
       4       7.7532807
       5       9.6943753
       6       7.1165385
       7       6.4765831
       8       6.7189840
       9       7.0305330
      10       7.0387557
      11       8.3390164
      12       9.8058408
      13   106.04
 
       1       15.381730
       2       13.603656
       3       11.497559
       4       9.9152862
       5       15.172250
       6       13.883494
       7       16.511453
       8       14.541877
       9       11.294082
      10       7.9365646
      11       8.3320585
      12       12.096992
      13   150.17
 
       1       10.769276
       2       15.444636
       3       12.857601
       4       13.002017
       5       20.112548
       6       19.345889
       7       21.219770
       8       23.405620
       9       20.794081
      10       16.224423
      11       12.412235
      12       14.227824
      13   199.82
 
       1       12.174439
       2       16.263240
       3       13.118639
       4       15.925978
       5       22.681128
       6       21.128303
       7       16.160735
       8       16.373146
       9       14.990987
      10       10.896780
      11       9.3966460
      12       8.1265958
      13    14.77
 
       1 0.0
       2 0.0
       3 0.0
       4 0.0
       5 0.0
       6 0.0
       7 0.0
       8 0.0
       9 0.0
      10 0.0
      11 0.0
      12 0.0
      13 0.0
 
       1      0.13396197
       2      0.18209114
       3      0.14005881
       4      0.16496166
       5      0.24173319
       6      0.21858777
       7      0.16227069
       8      0.16548655
       9      0.15386240
      10      0.11278072
      11     0.096998130
      12     0.087983692
      13   0.1551
 
       1      0.83452722
       2      0.83609014
       3      0.83345932
       4      0.83152580
       5      0.83208195
       6      0.82915761
       7      0.83121044
       8      0.83069508
       9      0.83212650
      10      0.83437697
      11      0.83148145
      12      0.83297545
      13   0.8325
 
       1     0.022964729
       2     0.030853237
       3     0.024478773
       4     0.029283587
       5     0.042227192
       6     0.038861236
       7     0.029253110
       8     0.029751928
       9     0.027505479
      10     0.020179295
      11     0.017367742
      12     0.015295245
      13   0.0273
 
       1      0.71461534
       2      0.78045964
       3      0.75506846
       4      0.77467603
       5      0.87933357
       6      0.85530901
       7      0.81964253
       8      0.81765916
       9      0.79731741
      10      0.69253646
      11      0.68636764
      12      0.68519405
      13   0.7715
 
