       1       190.92651
       2       203.71749
       3       181.55865
       4       157.31000
       5       191.04938
       6       200.23502
       7       217.44993
       8       215.38426
       9       135.44612
      10       136.48102
      11       145.33941
      12       130.04165
      13  2104.94
 
       1       128.21024
       2       134.36598
       3       119.91186
       4       100.74880
       5       117.36126
       6       116.71212
       7       120.86622
       8       124.86973
       9       87.700942
      10       89.137332
      11       98.864384
      12       88.294989
      13  1327.04
 
       1       17.875358
       2       17.675035
       3       17.503254
       4       14.076728
       5       15.336270
       6       13.744833
       7       13.330912
       8       14.009837
       9       11.915078
      10       10.631394
      11       12.424909
      12       11.163161
      13   169.69
 
       1       22.748448
       2       23.318543
       3       25.532470
       4       23.402518
       5       26.981657
       6       35.938089
       7       44.087110
       8       33.125420
       9       22.378931
      10       12.020435
      11       18.182715
      12       16.833651
      13   304.55
 
       1       17.062936
       2       18.033934
       3       23.229368
       4       19.774712
       5       27.432111
       6       31.545958
       7       38.963569
       8       40.356559
       9       31.532328
      10       19.676536
      11       18.679123
      12       13.837352
      13   300.12
 
       1       14.688206
       2       19.983648
       3       22.224216
       4       23.888123
       5       26.686009
       6       27.461732
       7       27.118941
       8       26.357287
       9       19.173802
      10       14.577994
      11       14.002308
      12       11.072629
      13    20.60
 
       1 0.0
       2 0.0
       3 0.0
       4 0.0
       5 0.0
       6 0.0
       7 0.0
       8 0.0
       9 0.0
      10 0.0
      11 0.0
      12 0.0
      13 0.0
 
       1     0.014048800
       2     0.019052106
       3     0.021208734
       4     0.022393060
       5     0.024598359
       6     0.024945383
       7     0.024272122
       8     0.023723050
       9     0.017510521
      10     0.013338004
      11     0.013222213
      12     0.010559612
      13   0.0191
 
       1      0.93917572
       2      0.93812915
       3      0.93817527
       4      0.93835769
       5      0.93710890
       6      0.93733518
       7      0.93833511
       8      0.94044541
       9      0.93791320
      10      0.93865708
      11      0.94030432
      12      0.94067423
      13   0.9387
 
       1   0.00097979636
       2    0.0013310567
       3    0.0014829174
       4    0.0015888474
       5    0.0017641770
       6    0.0018054049
       7    0.0017695830
       8    0.0017238839
       9    0.0012638791
      10   0.00096400294
      11   0.00093287238
      12   0.00074047158
      13   0.0014
 
       1      0.26131108
       2      0.28512330
       3      0.32495587
       4      0.34718050
       5      0.35910134
       6      0.36941704
       7      0.33852146
       8      0.31002517
       9      0.31473599
      10      0.28350157
      11      0.28041121
      12      0.26550948
      13   0.3116
 
