       1       12.355950
       2       9.9864145
       3       14.805794
       4       25.879684
       5       41.356892
       6       48.834770
       7       39.943898
       8       30.143622
       9       20.322356
      10       12.710880
      11       7.2831823
      12       8.6238637
      13   272.25
 
       1       7.9354916
       2       7.1219243
       3       10.840564
       4       15.544067
       5       22.945340
       6       25.230807
       7       21.883615
       8       15.914797
       9       11.364431
      10       8.0502473
      11       5.8591157
      12       6.1327716
      13   158.82
 
       1      0.96681726
       2       1.0564992
       3       2.3172975
       4       2.9630096
       5       3.6937974
       6       3.0931993
       7       3.1066163
       8       2.0516999
       9       1.4741680
      10       1.1604229
      11      0.94627149
      12      0.79664902
      13    23.63
 
       1       1.2711365
       2       1.3144453
       3       3.3876215
       4       5.3422088
       5       8.2421507
       6       14.551964
       7       12.598581
       8       8.0645567
       9       3.5067220
      10       1.0051524
      11       1.1869979
      12       1.1459897
      13    61.62
 
       1      0.30777308
       2      0.61927584
       3       2.1041724
       4       3.0720996
       5       5.0583637
       6       6.1572233
       7       6.0404532
       8       3.5800229
       9       1.9494721
      10      0.48946137
      11      0.38196753
      12      0.23689581
      13    30.00
 
       1      0.87047174
       2       1.3712869
       3       3.1404868
       4       4.3314279
       5       4.4630443
       6       3.9251011
       7       3.5413276
       8       2.4280401
       9       1.6482811
      10       1.1661744
      11      0.95915274
      12      0.67337672
      13     2.38
 
       1 0.0
       2 0.0
       3 0.0
       4 0.0
       5 0.0
       6 0.0
       7 0.0
       8 0.0
       9 0.0
      10 0.0
      11 0.0
      12 0.0
      13 0.0
 
       1     0.018481085
       2     0.029778315
       3     0.066918254
       4     0.091051096
       5     0.092131326
       6     0.075976385
       7     0.068259559
       8     0.045754538
       9     0.031826179
      10     0.024704201
      11     0.020605210
      12     0.014397749
      13   0.0483
 
       1      0.87089363
       2      0.87221141
       3      0.86783494
       4      0.86766922
       5      0.86918664
       6      0.86669419
       7      0.86514527
       8      0.86611433
       9      0.86468443
      10      0.86981941
      11      0.87178459
      12      0.87128389
      13   0.8686
 
       1    0.0024893380
       2    0.0039457282
       3    0.0090034028
       4     0.012251674
       5     0.012452674
       6     0.010581499
       7    0.0095712760
       8    0.0065129700
       9    0.0044899803
      10    0.0033143159
      11    0.0027721377
      12    0.0019403661
      13   0.0066
 
       1      0.85694201
       2      0.88714601
       3      0.97193923
       4      0.97125339
       5      0.98215365
       6      0.97940588
       7      0.97068769
       8      0.96437425
       9      0.97948298
      10      0.97114347
      11      0.89681170
      12      0.87527824
      13   0.9422
 
