       1       7.0393000
       2       11.023960
       3       12.878000
       4       20.537031
       5       32.605385
       6       42.511153
       7       45.156516
       8       24.629799
       9       17.670318
      10       10.740641
      11       7.9892509
      12       4.6438184
      13   237.43
 
       1       4.7647532
       2       7.0444885
       3       8.9748671
       4       12.467082
       5       16.874901
       6       21.506471
       7       24.893508
       8       13.964723
       9       10.368886
      10       7.0913472
      11       6.1090675
      12       3.8082788
      13   137.87
 
       1      0.62727684
       2      0.94557666
       3       1.7873548
       4       2.3716044
       5       2.5361111
       6       2.5254922
       7       3.4397177
       8       2.0643883
       9       1.5056201
      10       1.0563385
      11      0.86593635
      12      0.50995489
      13    20.24
 
       1      0.88655687
       2       1.3404501
       3       2.5652833
       4       3.1431887
       5       3.5627256
       6       10.818707
       7       16.163386
       8       6.7127776
       9       3.0708642
      10      0.88519733
      11       1.3131910
      12      0.77399268
      13    51.24
 
       1      0.47966220
       2      0.60855803
       3       1.3284161
       4       3.3034209
       5       2.6785056
       6       5.7335820
       7       6.4145048
       8       3.7950676
       9       2.5644462
      10      0.45236762
      11      0.26632643
      12      0.24465551
      13    27.87
 
       1      0.57666551
       2       1.1468223
       3       2.5413266
       4       2.8968234
       5       2.9303137
       6       3.1904112
       7       4.2140738
       8       2.1187384
       9       1.6367470
      10       1.1118464
      11      0.95047040
      12      0.49506465
      13     1.98
 
       1 0.0
       2 0.0
       3 0.0
       4 0.0
       5 0.0
       6 0.0
       7 0.0
       8 0.0
       9 0.0
      10 0.0
      11 0.0
      12 0.0
      13 0.0
 
       1     0.012411470
       2     0.023473326
       3     0.055197108
       4     0.059680695
       5     0.060041281
       6     0.061669473
       7     0.081232920
       8     0.039887791
       9     0.032616345
      10     0.023788309
      11     0.020776989
      12     0.010963637
      13   0.0401
 
       1      0.83061959
       2      0.82372791
       3      0.82682899
       4      0.82283455
       5      0.82629934
       6      0.82323035
       7      0.82271921
       8      0.82331960
       9      0.82545481
      10      0.83027526
      11      0.82895969
      12      0.82869772
      13   0.8261
 
       1    0.0022102851
       2    0.0042636553
       3    0.0097464690
       4     0.010754640
       5     0.010792415
       6     0.011270279
       7     0.014929823
       8    0.0074817477
       9    0.0059579238
      10    0.0042273796
      11    0.0036731884
      12    0.0019368355
      13   0.0073
 
       1      0.82425504
       2      0.87445303
       3      0.92476795
       4      0.96461968
       5      0.96854387
       6      0.98044527
       7      0.96934462
       8      0.96630947
       9      0.97665756
      10      0.93492925
      11      0.94195780
      12      0.88517446
      13   0.9343
 
