       1       231.37311
       2       166.33770
       3       181.33763
       4       174.15674
       5       193.09071
       6       205.35866
       7       226.07329
       8       177.76093
       9       171.70092
      10       120.55630
      11       182.58437
      12       219.38730
      13  2249.72
 
       1       151.59940
       2       116.90205
       3       114.69972
       4       110.91716
       5       119.68858
       6       119.81882
       7       125.81775
       8       103.86152
       9       107.18686
      10       80.836363
      11       121.33026
      12       148.38023
      13  1421.04
 
       1       20.100277
       2       18.177982
       3       14.400159
       4       14.710719
       5       15.599304
       6       14.610922
       7       14.000873
       8       12.080911
       9       12.590104
      10       11.171885
      11       14.591065
      12       19.971594
      13   182.01
 
       1       26.482557
       2       26.189450
       3       22.828689
       4       24.472549
       5       29.427360
       6       40.174756
       7       45.357835
       8       32.544532
       9       20.616314
      10       15.126483
      11       19.770956
      12       26.283242
      13   329.27
 
       1       18.499423
       2       20.680182
       3       19.060134
       4       19.885675
       5       30.048102
       6       34.599155
       7       38.694357
       8       35.230906
       9       29.702358
      10       21.545981
      11       23.234096
      12       24.056706
      13   315.24
 
       1       17.140713
       2       18.845358
       3       21.059562
       4       26.598264
       5       29.120302
       6       28.151633
       7       26.910356
       8       22.648876
       9       21.720258
      10       15.479430
      11       17.481393
      12       16.768498
      13    21.83
 
       1 0.0
       2 0.0
       3 0.0
       4 0.0
       5 0.0
       6 0.0
       7 0.0
       8 0.0
       9 0.0
      10 0.0
      11 0.0
      12 0.0
      13 0.0
 
       1     0.016484914
       2     0.018335644
       3     0.019748837
       4     0.024980478
       5     0.027096365
       6     0.025774955
       7     0.024132387
       8     0.020329780
       9     0.019708440
      10     0.014369737
      11     0.016609359
      12     0.016137038
      13   0.0203
 
       1      0.93879949
       2      0.93924150
       3      0.93860382
       4      0.93845905
       5      0.93738017
       6      0.93726737
       7      0.93926924
       8      0.94004351
       9      0.93834179
      10      0.93917954
      11      0.94080093
      12      0.93984732
      13   0.9389
 
       1    0.0011435652
       2    0.0012620849
       3    0.0013998566
       4    0.0017698409
       5    0.0019284798
       6    0.0018521455
       7    0.0017568959
       8    0.0014821602
       9    0.0014278298
      10    0.0010275275
      11    0.0011651643
      12    0.0011193047
      13   0.0014
 
       1      0.28977275
       2      0.29872242
       3      0.29919746
       4      0.33606564
       5      0.36451813
       6      0.36898582
       7      0.32404122
       8      0.30319966
       9      0.31819083
      10      0.29948747
      11      0.27791499
      12      0.27258647
      13   0.3127
 
