       1       155.28775
       2       130.83342
       3       131.43992
       4       154.67417
       5       161.89784
       6       126.72704
       7       122.36599
       8       118.86712
       9       102.96796
      10       78.708357
      11       99.753172
      12       101.18394
      13  1484.71
 
       1       104.64725
       2       86.303328
       3       85.750823
       4       93.938262
       5       98.161912
       6       78.107341
       7       68.161474
       8       67.900998
       9       64.086390
      10       52.865797
      11       68.589440
      12       70.519844
      13   939.03
 
       1       13.210161
       2       10.533361
       3       10.599520
       4       8.7857751
       5       9.4559590
       6       7.3041951
       7       6.2541695
       8       6.5674330
       9       6.8913391
      10       6.4178505
      11       7.8863073
      12       9.1482195
      13   103.05
 
       1       14.446395
       2       11.487672
       3       11.559244
       4       9.4262160
       5       14.333505
       6       16.483943
       7       16.648193
       8       14.276620
       9       10.670115
      10       7.1123459
      11       8.6822181
      12       10.816710
      13   145.94
 
       1       15.804076
       2       13.212959
       3       14.310357
       4       12.774882
       5       17.377892
       6       16.556656
       7       18.953619
       8       23.624117
       9       23.250671
      10       16.134902
      11       12.533609
      12       11.182008
      13   195.72
 
       1       10.740252
       2       12.196293
       3       12.859174
       4       17.479237
       5       22.292921
       6       22.208389
       7       14.851704
       8       14.785066
       9       13.643002
      10       9.2093293
      11       8.6696237
      12       7.6368605
      13    13.88
 
       1 0.0
       2 0.0
       3 0.0
       4 0.0
       5 0.0
       6 0.0
       7 0.0
       8 0.0
       9 0.0
      10 0.0
      11 0.0
      12 0.0
      13 0.0
 
       1      0.14713878
       2      0.16592810
       3      0.17309103
       4      0.22742745
       5      0.29753723
       6      0.29627229
       7      0.18801078
       8      0.18856589
       9      0.17629101
      10      0.11784009
      11      0.11523420
      12      0.10396276
      13   0.1831
 
       1      0.88914174
       2      0.88914226
       3      0.88890390
       4      0.88812654
       5      0.88835317
       6      0.88846979
       7      0.88811459
       8      0.88931353
       9      0.88817606
      10      0.89002834
      11      0.89029645
      12      0.88964586
      13   0.8890
 
       1     0.016890548
       2     0.019141355
       3     0.020083263
       4     0.026897330
       5     0.034689570
       6     0.034465296
       7     0.022565231
       8     0.022529076
       9     0.020961952
      10     0.014185914
      11     0.013538983
      12     0.012030729
      13   0.0215
 
       1      0.72638538
       2      0.75334455
       3      0.79717593
       4      0.76418733
       5      0.86875250
       6      0.89086910
       7      0.82890400
       8      0.80876658
       9      0.82975226
      10      0.67485174
      11      0.67442762
      12      0.70324201
      13   0.7767
 
