       1       473.60076
       2       410.05282
       3       494.99122
       4       493.03386
       5       496.65706
       6       515.66608
       7       565.32879
       8       554.19103
       9       465.78226
      10       479.34005
      11       456.01538
      12       506.17652
      13  5910.84
 
       1       288.64246
       2       249.96397
       3       301.71553
       4       301.76910
       5       306.68306
       6       312.58275
       7       343.90079
       8       340.61782
       9       291.24398
      10       295.87742
      11       281.00293
      12       305.51640
      13  3619.52
 
       1       36.272005
       2       31.950368
       3       38.082222
       4       37.564113
       5       37.128416
       6       38.746136
       7       42.197231
       8       42.783134
       9       35.324020
      10       36.522583
      11       33.944385
      12       38.391890
      13   448.91
 
       1       125.76732
       2       110.46741
       3       130.95811
       4       129.51567
       5       128.89771
       6       135.64111
       7       151.59332
       8       145.02381
       9       118.92694
      10       126.69237
      11       120.00174
      12       138.79829
      13  1562.28
 
       1       21.662991
       2       19.210439
       3       23.048575
       4       24.269209
       5       24.370717
       6       27.025925
       7       28.584592
       8       25.556109
       9       19.896501
      10       22.448614
      11       20.411994
      12       23.155498
      13   279.64
 
       1       5.8781876
       2       5.6553440
       3       5.9088269
       4       5.9912656
       5       5.8714106
       6       6.3847814
       7       6.7746697
       8       6.9459993
       9       5.8425586
      10       5.7484436
      11       5.5244384
      12       6.1344453
      13     6.06
 
       1 0.0
       2 0.0
       3 0.0
       4 0.0
       5 0.0
       6 0.0
       7 0.0
       8 0.0
       9 0.0
      10 0.0
      11 0.0
      12 0.0
      13 0.0
 
       1     0.024251568
       2     0.023425589
       3     0.024722394
       4     0.024889770
       5     0.024202381
       6     0.025842600
       7     0.027850207
       8     0.028703856
       9     0.024550675
      10     0.023786822
      11     0.022890796
      12     0.025204572
      13   0.0250
 
       1       1.0000000
       2       1.0000000
       3       1.0000000
       4       1.0000000
       5       1.0000000
       6       1.0000000
       7       1.0000000
       8       1.0000000
       9       1.0000000
      10       1.0000000
      11       1.0000000
      12       1.0000000
      13   1.0000
 
       1       0.0000000
       2       0.0000000
       3       0.0000000
       4       0.0000000
       5       0.0000000
       6       0.0000000
       7       0.0000000
       8       0.0000000
       9       0.0000000
      10       0.0000000
      11       0.0000000
      12       0.0000000
      13   0.0000
 
       1      0.72771738
       2      0.71120561
       3      0.67201499
       4      0.66478916
       5      0.65072843
       6      0.63381044
       7      0.66407546
       8      0.69354493
       9      0.69165434
      10      0.71696140
      11      0.70858227
      12      0.72744319
      13   0.6885
 
