       1       496.26588
       2       455.68189
       3       481.58420
       4       470.55029
       5       516.36980
       6       500.37520
       7       502.29002
       8       539.36979
       9       490.16570
      10       487.83315
      11       465.71060
      12       465.08407
      13  5871.28
 
       1       300.27806
       2       277.81889
       3       295.64147
       4       291.85359
       5       314.69070
       6       302.80154
       7       304.04698
       8       330.60411
       9       301.70007
      10       304.48051
      11       285.64344
      12       280.83128
      13  3590.39
 
       1       37.923470
       2       34.610270
       3       36.848573
       4       35.484052
       5       38.459073
       6       37.451057
       7       38.285726
       8       41.064203
       9       36.849636
      10       36.521147
      11       34.790688
      12       35.430580
      13   443.72
 
       1       134.80912
       2       123.36963
       3       126.36187
       4       122.37727
       5       137.31779
       6       134.63117
       7       132.05143
       8       141.78130
       9       129.44068
      10       125.18293
      11       123.91292
      12       127.40723
      13  1558.64
 
       1       22.817990
       2       20.103921
       3       22.083334
       4       21.312769
       5       25.079228
       6       26.115423
       7       25.654854
       8       27.211888
       9       23.106426
      10       21.785767
      11       21.180186
      12       21.781851
      13   278.23
 
       1       6.0587806
       2       6.0718425
       3       5.7593252
       4       5.7162564
       5       6.0752972
       6       6.1758215
       7       6.2490518
       8       6.5604664
       9       6.0616333
      10       5.7208518
      11       5.7125503
      12       5.6285374
      13     5.98
 
       1 0.0
       2 0.0
       3 0.0
       4 0.0
       5 0.0
       6 0.0
       7 0.0
       8 0.0
       9 0.0
      10 0.0
      11 0.0
      12 0.0
      13 0.0
 
       1     0.025043172
       2     0.025233235
       3     0.024083080
       4     0.023728743
       5     0.024907431
       6     0.025096942
       7     0.025508116
       8     0.027050695
       9     0.025230398
      10     0.024152580
      11     0.023635905
      12     0.023154796
      13   0.0247
 
       1       1.0000000
       2       1.0000000
       3       1.0000000
       4       1.0000000
       5       1.0000000
       6       1.0000000
       7       1.0000000
       8       1.0000000
       9       1.0000000
      10       1.0000000
      11       1.0000000
      12       1.0000000
      13   1.0000
 
       1       0.0000000
       2       0.0000000
       3       0.0000000
       4       0.0000000
       5       0.0000000
       6       0.0000000
       7       0.0000000
       8       0.0000000
       9       0.0000000
      10       0.0000000
      11       0.0000000
      12       0.0000000
      13   0.0000
 
       1      0.70475842
       2      0.70840897
       3      0.66457094
       4      0.64803228
       5      0.61624951
       6      0.60523321
       7      0.65661467
       8      0.68694510
       9      0.69547586
      10      0.69140185
      11      0.70260975
      12      0.72097844
      13   0.6751
 
