       1       157.06662
       2       120.04035
       3       210.54356
       4       154.51162
       5       120.93194
       6       123.98900
       7       133.76298
       8       124.26809
       9       123.44692
      10       76.572447
      11       120.64564
      12       144.31931
      13  1610.10
 
       1       106.09582
       2       80.294383
       3       135.90519
       4       100.44643
       5       75.063423
       6       73.794956
       7       76.106291
       8       71.137324
       9       76.816358
      10       51.792994
      11       82.178139
      12       101.33842
      13  1030.97
 
       1       13.177791
       2       10.024531
       3       15.716632
       4       10.855487
       5       7.8004929
       6       6.4265593
       7       6.5823525
       8       6.5777499
       9       7.6569854
      10       6.3080782
      11       9.0608540
      12       12.650103
      13   112.84
 
       1       15.021445
       2       12.770097
       3       19.495799
       4       14.545472
       5       10.800151
       6       10.654154
       7       18.012514
       8       13.474012
       9       10.914519
      10       7.3028832
      11       10.749441
      12       16.208418
      13   159.95
 
       1       14.110773
       2       11.679588
       3       18.116479
       4       16.739106
       5       14.496376
       6       13.611524
       7       21.105630
       8       23.014855
       9       23.742434
      10       16.949127
      11       15.808916
      12       15.208202
      13   204.58
 
       1       10.676213
       2       11.308306
       3       21.556968
       4       21.949181
       5       16.716846
       6       17.489249
       7       18.752377
       8       15.646316
       9       16.781273
      10       9.3281196
      11       10.754861
      12       10.622782
      13    15.13
 
       1 0.0
       2 0.0
       3 0.0
       4 0.0
       5 0.0
       6 0.0
       7 0.0
       8 0.0
       9 0.0
      10 0.0
      11 0.0
      12 0.0
      13 0.0
 
       1      0.11528462
       2      0.12198669
       3      0.23710326
       4      0.23865928
       5      0.17495450
       6      0.17936795
       7      0.19158587
       8      0.15738049
       9      0.17157785
      10     0.095590505
      11      0.11356850
      12      0.11488372
      13   0.1593
 
       1      0.83138111
       2      0.83162930
       3      0.83375125
       4      0.83356647
       5      0.83083334
       6      0.82857761
       7      0.83047258
       8      0.83143748
       9      0.83117969
      10      0.83318548
      11      0.83260285
      12      0.83246945
      13   0.8318
 
       1     0.020012697
       2     0.021215397
       3     0.040539118
       4     0.041225194
       5     0.031040587
       6     0.032069229
       7     0.034231137
       8     0.028434722
       9     0.030723231
      10     0.017227633
      11     0.020054795
      12     0.019956031
      13   0.0281
 
       1      0.69037641
       2      0.70589677
       3      0.84989787
       4      0.85344794
       5      0.80486707
       6      0.81219048
       7      0.86017950
       8      0.80315540
       9      0.79351894
      10      0.66863909
      11      0.70382009
      12      0.72811756
      13   0.7728
 
