       1       103.55759
       2       155.64014
       3       152.87494
       4       167.69823
       5       158.91426
       6       120.21440
       7       142.12678
       8       137.24143
       9       124.33779
      10       83.836364
      11       106.10712
      12       81.631062
      13  1534.18
 
       1       70.788644
       2       106.04152
       3       99.958508
       4       102.67295
       5       96.036587
       6       75.024951
       7       78.241377
       8       78.726485
       9       77.429472
      10       57.632241
      11       72.867727
      12       57.622459
      13   973.04
 
       1       8.3169137
       2       14.156136
       3       12.985936
       4       9.9897737
       5       9.0623610
       6       7.8167756
       7       6.9275074
       8       7.5159929
       9       7.9643395
      10       7.4954778
      11       8.4343189
      12       6.9073646
      13   107.57
 
       1       7.2085240
       2       16.687904
       3       14.397722
       4       12.543993
       5       13.149746
       6       15.740418
       7       16.693388
       8       14.719088
       9       10.277790
      10       8.1729701
      11       9.7002805
      12       6.6679426
      13   145.96
 
       1       7.2493479
       2       15.155944
       3       16.414118
       4       16.708201
       5       17.437845
       6       20.092643
       7       22.859407
       8       26.897396
       9       22.993025
      10       19.022067
      11       14.938571
      12       9.0503351
      13   208.82
 
       1       7.2610134
       2       15.087133
       3       15.114699
       4       19.238562
       5       21.297471
       6       21.499787
       7       17.674879
       8       18.310094
       9       16.156103
      10       10.493969
      11       9.6221127
      12       6.2371316
      13    14.83
 
       1 0.0
       2 0.0
       3 0.0
       4 0.0
       5 0.0
       6 0.0
       7 0.0
       8 0.0
       9 0.0
      10 0.0
      11 0.0
      12 0.0
      13 0.0
 
       1     0.097514056
       2      0.21005818
       3      0.20459433
       4      0.25820173
       5      0.28458311
       6      0.28577305
       7      0.22606758
       8      0.23611043
       9      0.20982030
      10      0.13825389
      11      0.12854450
      12     0.083739059
      13   0.1969
 
       1      0.88964682
       2      0.89015251
       3      0.88793665
       4      0.88858286
       5      0.88884571
       6      0.88795316
       7      0.88831399
       8      0.88906301
       9      0.88862533
      10      0.88960244
      11      0.89000195
      12      0.89023916
      13   0.8891
 
       1     0.011388070
       2     0.023834296
       3     0.023614105
       4     0.029915259
       5     0.033122513
       6     0.033392431
       7     0.026916907
       8     0.028056529
       9     0.024832243
      10     0.016315124
      11     0.015041966
      12    0.0098196363
      13   0.0230
 
       1      0.66325526
       2      0.80067138
       3      0.80385060
       4      0.81760654
       5      0.84538899
       6      0.89580191
       7      0.84541335
       8      0.83974605
       9      0.83850326
      10      0.75607632
      11      0.71760883
      12      0.68785992
      13   0.7926
 
