       1       9.1100260
       2       12.132612
       3       18.872201
       4       39.443736
       5       38.458252
       6       63.515713
       7       42.346043
       8       29.185199
       9       20.892726
      10       11.239727
      11       7.5799630
      12       8.7815035
      13   301.56
 
       1       6.1523113
       2       8.5309575
       3       12.093403
       4       21.299100
       5       21.160614
       6       32.196241
       7       23.463037
       8       16.617338
       9       12.496522
      10       7.3696253
      11       5.4992872
      12       6.4244459
      13   173.30
 
       1      0.86109142
       2       1.2970054
       3       1.9641650
       4       2.9545358
       5       3.2731989
       6       3.9310112
       7       3.3248068
       8       2.3117510
       9       1.6932073
      10       1.0827611
      11      0.78103748
      12      0.76127666
      13    24.24
 
       1      0.87868684
       2       1.3520973
       3       2.3165485
       4       4.4809777
       5       6.0740524
       6       18.757144
       7       13.722476
       8       7.0255651
       9       4.1770427
      10      0.88972896
      11      0.83408059
      12       1.0551404
      13    61.56
 
       1      0.41345337
       2      0.53288416
       3       1.1219357
       4       2.9499988
       5       4.7124515
       6       10.152550
       7       7.3728559
       8       4.6473907
       9       2.9489320
      10      0.37943509
      11      0.13005148
      12      0.15010627
      13    35.51
 
       1      0.80640931
       2       1.7077457
       3       2.2991879
       4       3.7974834
       5       4.3474807
       6       5.4880570
       7       4.0362029
       8       2.6828008
       9       1.9572497
      10       1.1492070
      11      0.84097706
      12      0.65208970
      13     2.48
 
       1 0.0
       2 0.0
       3 0.0
       4 0.0
       5 0.0
       6 0.0
       7 0.0
       8 0.0
       9 0.0
      10 0.0
      11 0.0
      12 0.0
      13 0.0
 
       1     0.017558899
       2     0.038124412
       3     0.049942497
       4     0.078313225
       5     0.091379856
       6      0.10795177
       7     0.078556565
       8     0.051282599
       9     0.038394475
      10     0.024469132
      11     0.018585436
      12     0.014258609
      13   0.0507
 
       1      0.87161188
       2      0.87362276
       3      0.87044500
       4      0.86836474
       5      0.87056202
       6      0.86734206
       7      0.86708589
       8      0.86695475
       9      0.86767171
      10      0.87142755
      11      0.87307712
      12      0.87318996
      13   0.8701
 
       1    0.0023280699
       2    0.0049678211
       3    0.0066078334
       4     0.010588569
       5     0.012231218
       6     0.014909738
       7     0.010942968
       8    0.0072699526
       9    0.0053707954
      10    0.0032756800
      11    0.0024574871
      12    0.0018940035
      13   0.0069
 
       1      0.87706759
       2      0.89456827
       3      0.91169510
       4      0.96406498
       5      0.98075654
       6      0.98357670
       7      0.97836179
       8      0.96566004
       9      0.97523959
      10      0.94270049
      11      0.91015988
      12      0.90009173
      13   0.9403
 
