       1       504.11817
       2       456.53119
       3       501.81829
       4       453.43076
       5       506.99332
       6       492.36055
       7       533.61556
       8       504.25542
       9       472.66747
      10       462.97123
      11       427.30463
      12       498.67780
      13  5814.74
 
       1       300.45960
       2       275.44827
       3       310.52818
       4       282.03391
       5       308.54585
       6       296.32587
       7       324.10152
       8       305.50948
       9       289.23374
      10       284.76751
      11       265.31217
      12       304.75048
      13  3547.02
 
       1       39.272770
       2       35.088629
       3       38.225309
       4       34.233262
       5       38.049768
       6       37.365551
       7       40.882264
       8       38.142973
       9       36.361484
      10       35.053397
      11       32.115827
      12       37.401538
      13   442.19
 
       1       141.70993
       2       124.79854
       3       129.63391
       4       117.90445
       5       133.73046
       6       132.52766
       7       142.82114
       8       134.84799
       9       123.54072
      10       123.29263
      11       111.71577
      12       135.68242
      13  1552.21
 
       1       23.841649
       2       21.206634
       3       22.109245
       4       21.439737
       5       25.306699
       6       26.129741
       7       25.757173
       8       25.485024
       9       23.160416
      10       20.327715
      11       18.387055
      12       20.671652
      13   273.82
 
       1       6.2535203
       2       6.2964076
       3       6.0179918
       4       5.4876784
       5       6.0729843
       6       6.1821482
       7       6.7100949
       8       6.2610442
       9       6.0606416
      10       5.6201738
      11       5.3361227
      12       5.9977541
      13     6.02
 
       1 0.0
       2 0.0
       3 0.0
       4 0.0
       5 0.0
       6 0.0
       7 0.0
       8 0.0
       9 0.0
      10 0.0
      11 0.0
      12 0.0
      13 0.0
 
       1     0.025603075
       2     0.025829979
       3     0.025209237
       4     0.023121707
       5     0.024835998
       6     0.024879842
       7     0.027258622
       8     0.025357089
       9     0.024774266
      10     0.023256648
      11     0.022244383
      12     0.024956669
      13   0.0248
 
       1       1.0000000
       2       1.0000000
       3       1.0000000
       4       1.0000000
       5       1.0000000
       6       1.0000000
       7       1.0000000
       8       1.0000000
       9       1.0000000
      10       1.0000000
      11       1.0000000
      12       1.0000000
      13   1.0000
 
       1       0.0000000
       2       0.0000000
       3       0.0000000
       4       0.0000000
       5       0.0000000
       6       0.0000000
       7       0.0000000
       8       0.0000000
       9       0.0000000
      10       0.0000000
      11       0.0000000
      12       0.0000000
      13   0.0000
 
       1      0.70969894
       2      0.69813578
       3      0.66095178
       4      0.61890056
       5      0.59027009
       6      0.56833992
       7      0.60674275
       8      0.64640878
       9      0.65864661
      10      0.68359948
      11      0.69027952
      12      0.71365980
      13   0.6538
 
