       1       486.39234
       2       458.95721
       3       490.95082
       4       485.83752
       5       505.18830
       6       493.89566
       7       507.30584
       8       510.56353
       9       498.30973
      10       491.81089
      11       445.10451
      12       460.09930
      13  5834.42
 
       1       293.05614
       2       275.66658
       3       302.82699
       4       301.11801
       5       313.65419
       6       302.15458
       7       310.22712
       8       311.68445
       9       306.69289
      10       306.45071
      11       276.07169
      12       277.07326
      13  3576.68
 
       1       37.203869
       2       35.241229
       3       37.061496
       4       36.793734
       5       37.723286
       6       37.252320
       7       38.580764
       8       39.087814
       9       38.721548
      10       36.901698
      11       33.359022
      12       35.188561
      13   443.12
 
       1       133.33813
       2       126.47670
       3       130.93635
       4       125.00335
       5       131.01229
       6       128.10492
       7       135.26181
       8       134.28644
       9       130.11410
      10       127.61399
      11       115.64497
      12       125.48400
      13  1543.28
 
       1       23.060465
       2       21.030087
       3       20.976929
       4       21.511082
       5       23.846373
       6       24.933842
       7       24.793854
       8       23.989597
       9       23.496108
      10       21.346787
      11       19.929453
      12       22.514481
      13   271.43
 
       1       5.9156614
       2       6.0248388
       3       5.8978939
       4       5.9647609
       5       6.0167574
       6       6.3270520
       7       6.3023134
       8       6.4125204
       9       6.4404229
      10       5.8095926
      11       5.4624159
      12       5.5797100
      13     6.01
 
       1 0.0
       2 0.0
       3 0.0
       4 0.0
       5 0.0
       6 0.0
       7 0.0
       8 0.0
       9 0.0
      10 0.0
      11 0.0
      12 0.0
      13 0.0
 
       1     0.024436161
       2     0.024796517
       3     0.024678979
       4     0.024854391
       5     0.025088652
       6     0.025892338
       7     0.025839829
       8     0.026426335
       9     0.026695232
      10     0.024345185
      11     0.022736658
      12     0.022889178
      13   0.0249
 
       1       1.0000000
       2       1.0000000
       3       1.0000000
       4       1.0000000
       5       1.0000000
       6       1.0000000
       7       1.0000000
       8       1.0000000
       9       1.0000000
      10       1.0000000
      11       1.0000000
      12       1.0000000
      13   1.0000
 
       1       0.0000000
       2       0.0000000
       3       0.0000000
       4       0.0000000
       5       0.0000000
       6       0.0000000
       7       0.0000000
       8       0.0000000
       9       0.0000000
      10       0.0000000
      11       0.0000000
      12       0.0000000
      13   0.0000
 
       1      0.73149501
       2      0.72348982
       3      0.70342836
       4      0.66141913
       5      0.61722149
       6      0.60307484
       7      0.65216064
       8      0.67783355
       9      0.70579636
      10      0.70980003
      11      0.70699100
      12      0.70048362
      13   0.6828
 
