       1       34.336409
       2       24.584684
       3       25.410225
       4       19.593210
       5       19.604247
       6       20.527571
       7       17.419346
       8       15.524530
       9       11.340165
      10       13.805234
      11       25.432982
      12       25.394492
      13   252.97
 
       1       18.016907
       2       13.505876
       3       13.901305
       4       11.305954
       5       11.594812
       6       12.690008
       7       10.420559
       8       9.6476587
       9       7.0622997
      10       7.6142861
      11       13.086989
      12       13.230823
      13   142.08
 
       1       2.7568891
       2       2.1690440
       3       2.1484364
       4       1.6280578
       5       1.5824209
       6       1.6800834
       7       1.2877921
       8       1.1709168
       9      0.92062780
      10       1.1378866
      11       1.8567357
      12       1.9723689
      13    20.31
 
       1       11.765553
       2       8.3874839
       3       7.8144468
       4       5.8259321
       5       5.2193942
       6       5.8815757
       7       5.4203800
       8       4.6377456
       9       3.5667069
      10       4.8645060
      11       8.3554269
      12       8.5266375
      13    80.27
 
       1       1.9305132
       2       1.4826449
       3       1.2868978
       4      0.79248380
       5      0.98010834
       6      0.77234944
       7      0.66737177
       8      0.86942385
       9      0.83682955
      10       1.2628096
      11       1.4568012
      12       1.4711337
      13    13.81
 
       1      0.47238675
       2      0.43597081
       3      0.39995796
       4      0.34390536
       5      0.35053922
       6      0.41554285
       7      0.31004539
       8      0.28303052
       9      0.20980943
      10      0.20404969
      11      0.35202082
      12      0.36509298
      13     0.35
 
       1 0.0
       2 0.0
       3 0.0
       4 0.0
       5 0.0
       6 0.0
       7 0.0
       8 0.0
       9 0.0
      10 0.0
      11 0.0
      12 0.0
      13 0.0
 
       1     0.017792609
       2     0.016484869
       3     0.015120036
       4     0.013761002
       5     0.013962237
       6     0.017346092
       7     0.012963751
       8     0.012053850
       9    0.0088035947
      10    0.0078311700
      11     0.012958707
      12     0.013420372
      13   0.0135
 
       1       1.0000000
       2       1.0000000
       3       1.0000000
       4       1.0000000
       5       1.0000000
       6       1.0000000
       7       1.0000000
       8       1.0000000
       9       1.0000000
      10       1.0000000
      11       1.0000000
      12       1.0000000
      13   1.0000
 
       1       0.0000000
       2       0.0000000
       3       0.0000000
       4       0.0000000
       5       0.0000000
       6       0.0000000
       7       0.0000000
       8       0.0000000
       9       0.0000000
      10       0.0000000
      11       0.0000000
      12       0.0000000
      13   0.0000
 
       1      0.36474361
       2      0.26551656
       3      0.22742525
       4      0.15925710
       5      0.14034982
       6      0.15530641
       7      0.18105085
       8      0.17645526
       9      0.17624201
      10      0.30008685
      11      0.30664500
      12      0.31399148
      13   0.2306
 
