       1       172.79492
       2       220.40036
       3       182.16945
       4       195.70644
       5       218.05649
       6       250.73428
       7       238.69289
       8       185.71561
       9       155.13766
      10       100.68827
      11       162.49274
      12       209.49113
      13  2292.08
 
       1       116.90478
       2       146.05326
       3       116.01684
       4       123.14913
       5       135.17851
       6       145.14454
       7       133.48136
       8       108.80337
       9       96.147095
      10       67.940331
      11       107.25299
      12       140.76179
      13  1436.83
 
       1       16.800586
       2       20.920551
       3       14.591708
       4       15.908745
       5       16.403927
       6       16.079145
       7       15.153310
       8       12.983155
       9       11.475287
      10       9.6977206
      11       13.348204
      12       18.529046
      13   181.89
 
       1       21.516003
       2       28.939775
       3       21.405552
       4       26.655031
       5       30.740726
       6       46.075669
       7       48.059111
       8       30.506119
       9       18.533546
      10       13.703508
      11       19.086068
      12       27.543753
      13   332.76
 
       1       19.696904
       2       22.285074
       3       16.069174
       4       24.683684
       5       33.668061
       6       43.673441
       7       50.767732
       8       39.498417
       9       29.180450
      10       17.450503
      11       19.405687
      12       25.146121
      13   341.53
 
       1       15.310646
       2       22.638188
       3       20.943602
       4       29.403183
       5       35.796582
       6       40.602744
       7       32.460718
       8       24.677999
       9       20.179535
      10       13.799183
      11       14.979445
      12       15.762465
      13    23.88
 
       1 0.0
       2 0.0
       3 0.0
       4 0.0
       5 0.0
       6 0.0
       7 0.0
       8 0.0
       9 0.0
      10 0.0
      11 0.0
      12 0.0
      13 0.0
 
       1     0.015168945
       2     0.022783195
       3     0.020094265
       4     0.028223354
       5     0.034605315
       6     0.039055466
       7     0.030368374
       8     0.022760013
       9     0.018530152
      10     0.013008431
      11     0.014261857
      12     0.015475635
      13   0.0229
 
       1      0.88596659
       2      0.88361873
       3      0.88311014
       4      0.88296628
       5      0.88203685
       6      0.88034841
       7      0.88417635
       8      0.88574930
       9      0.88126779
      10      0.88298304
      11      0.88421922
      12      0.88389376
      13   0.8834
 
       1    0.0019750135
       2    0.0029258757
       3    0.0026753179
       4    0.0037507420
       5    0.0045732635
       6    0.0051611760
       7    0.0040774453
       8    0.0030919962
       9    0.0025315038
      10    0.0017570693
      11    0.0019047165
      12    0.0020223035
      13   0.0030
 
       1      0.28154065
       2      0.31149734
       3      0.31803022
       4      0.34507946
       5      0.37285257
       6      0.38450196
       7      0.34718969
       8      0.31275742
       9      0.30297695
      10      0.29393798
      11      0.28569822
      12      0.28276816
      13   0.3199
 
