       1       6.4269985
       2       12.358044
       3       18.311780
       4       23.570628
       5       37.194977
       6       46.982099
       7       36.662862
       8       25.630902
       9       16.492218
      10       14.063893
      11       9.0332536
      12       6.4579166
      13   253.19
 
       1       4.8493500
       2       9.2843630
       3       12.011550
       4       14.147652
       5       19.563214
       6       23.956246
       7       20.495788
       8       14.569524
       9       9.8081569
      10       8.7485320
      11       6.5810193
      12       5.0141834
      13   149.03
 
       1      0.69575846
       2       1.5060826
       3       2.4322185
       4       2.5442567
       5       3.0012982
       6       3.1550419
       7       2.7389743
       8       2.1207926
       9       1.3789917
      10       1.1746570
      11      0.98843198
      12      0.67845953
      13    22.41
 
       1      0.90231361
       2       2.9688119
       3       3.5353607
       4       4.1804941
       5       4.6000165
       6       13.107531
       7       9.8018208
       8       6.0693261
       9       2.5306535
      10       1.0878075
      11      0.80964605
      12       1.1645885
      13    50.76
 
       1      0.44471393
       2       1.0739864
       3       3.0650647
       4       2.9861577
       5       3.9106522
       6       7.0899597
       7       5.2812708
       8       3.9727783
       9       1.9314105
      10      0.32763313
      11      0.18487524
      12      0.19803683
      13    30.47
 
       1      0.65716766
       2       2.0190034
       3       2.7935837
       4       3.6295929
       5       3.7714171
       6       3.8246425
       7       3.2578459
       8       2.2345035
       9       1.6042029
      10       1.0873070
      11      0.86390805
      12      0.61270215
      13     2.20
 
       1 0.0
       2 0.0
       3 0.0
       4 0.0
       5 0.0
       6 0.0
       7 0.0
       8 0.0
       9 0.0
      10 0.0
      11 0.0
      12 0.0
      13 0.0
 
       1     0.017481024
       2     0.053321361
       3     0.074262465
       4     0.092653049
       5     0.094584407
       6     0.090344780
       7     0.075919942
       8     0.051412560
       9     0.037737076
      10     0.027626895
      11     0.023624237
      12     0.016752087
      13   0.0546
 
       1      0.92577617
       2      0.92441985
       3      0.92451131
       4      0.92287734
       5      0.92379475
       6      0.92186280
       7      0.92157290
       8      0.92109101
       9      0.92103393
      10      0.92360291
      11      0.92607964
      12      0.92631811
      13   0.9236
 
       1    0.0013557551
       2    0.0041228785
       3    0.0057135126
       4    0.0072738547
       5    0.0074473034
       6    0.0073237521
       7    0.0062113902
       8    0.0042629774
       9    0.0031043716
      10    0.0021850876
      11    0.0018020960
      12    0.0012805489
      13   0.0043
 
       1      0.84480715
       2      0.94864067
       3      0.96592490
       4      0.97222200
       5      0.98061061
       6      0.98745141
       7      0.97686464
       8      0.95711771
       9      0.98300528
      10      0.96297729
      11      0.93753108
      12      0.91287816
      13   0.9525
 
