       1       134.09897
       2       158.75310
       3       132.83390
       4       154.79513
       5       168.42001
       6       109.83464
       7       147.33625
       8       114.68595
       9       83.109282
      10       88.485703
      11       97.063582
      12       97.031746
      13  1486.45
 
       1       91.899752
       2       108.89661
       3       82.482241
       4       98.318265
       5       104.65993
       6       68.566652
       7       81.348757
       8       68.148915
       9       53.454250
      10       59.991285
      11       67.032204
      12       68.093023
      13   952.89
 
       1       11.269924
       2       14.255591
       3       8.3257521
       4       9.5586700
       5       8.9941610
       6       6.8098165
       7       6.8672891
       8       6.6645120
       9       5.7648966
      10       7.0177713
      11       7.7510612
      12       8.3383885
      13   101.62
 
       1       12.893451
       2       15.322048
       3       9.8789827
       4       11.208810
       5       11.455088
       6       13.965529
       7       15.659888
       8       15.298853
       9       9.1831835
      10       7.3819590
      11       8.3423821
      12       9.3202061
      13   139.91
 
       1       13.214203
       2       14.092227
       3       10.541337
       4       14.227580
       5       17.625051
       6       17.131226
       7       21.720857
       8       21.413454
       9       17.042298
      10       14.320240
      11       12.052196
      12       9.3482100
      13   182.73
 
       1       9.5981689
       2       15.367985
       3       12.261051
       4       19.796779
       5       24.131918
       6       21.541869
       7       18.268173
       8       16.208830
       9       11.566226
      10       10.433073
      11       9.0906179
      12       7.0822046
      13    14.61
 
       1 0.0
       2 0.0
       3 0.0
       4 0.0
       5 0.0
       6 0.0
       7 0.0
       8 0.0
       9 0.0
      10 0.0
      11 0.0
      12 0.0
      13 0.0
 
       1      0.12913428
       2      0.21206900
       3      0.15868233
       4      0.26295417
       5      0.32118729
       6      0.28941764
       7      0.23050002
       8      0.20516750
       9      0.14546973
      10      0.13414599
      11      0.11932829
      12     0.093781991
      13   0.1918
 
       1      0.85186790
       2      0.85421046
       3      0.85289340
       4      0.85334263
       5      0.85369243
       6      0.85262016
       7      0.85267825
       8      0.85150099
       9      0.85148736
      10      0.85297819
      11      0.85451843
      12      0.85291080
      13   0.8529
 
       1     0.019650030
       2     0.031696529
       3     0.024640453
       4     0.040154124
       5     0.049100791
       6     0.044088890
       7     0.036130303
       8     0.032213537
       9     0.023041797
      10     0.021058685
      11     0.018498224
      12     0.014456185
      13   0.0296
 
       1      0.71061323
       2      0.81869481
       3      0.70099795
       4      0.81917491
       5      0.83898980
       6      0.90863033
       7      0.82776795
       8      0.85329916
       9      0.78722975
      10      0.70366468
      11      0.68039382
      12      0.66633364
      13   0.7763
 
