       1       95.730119
       2       119.96923
       3       159.75895
       4       123.24009
       5       131.14023
       6       122.12984
       7       113.19632
       8       111.07312
       9       117.69969
      10       93.653666
      11       118.62393
      12       161.83266
      13  1468.05
 
       1       65.556000
       2       78.281047
       3       101.53604
       4       76.758143
       5       78.817371
       6       74.466384
       7       64.556295
       8       63.596406
       9       73.208461
      10       61.720991
      11       81.393060
      12       108.95319
      13   928.84
 
       1       8.8276435
       2       9.5037105
       3       13.102905
       4       9.1597715
       5       8.2632961
       6       8.3181234
       7       6.5288331
       8       6.8214886
       9       8.6594565
      10       7.6887404
      11       10.027510
      12       14.721545
      13   111.62
 
       1       10.699409
       2       10.697505
       3       15.364026
       4       12.846060
       5       10.799541
       6       14.788045
       7       15.115894
       8       13.974466
       9       10.986937
      10       8.5443659
      11       11.850507
      12       19.977985
      13   155.64
 
       1       8.3839330
       2       11.370654
       3       15.870909
       4       15.190465
       5       14.536922
       6       15.937248
       7       16.721728
       8       21.750736
       9       22.689233
      10       17.453248
      11       17.713453
      12       16.612649
      13   194.23
 
       1       7.8242969
       2       10.508224
       3       16.010853
       4       15.515301
       5       14.910639
       6       17.557066
       7       13.852577
       8       13.552633
       9       14.906062
      10       10.352695
      11       11.176667
      12       11.177663
      13    13.11
 
       1 0.0
       2 0.0
       3 0.0
       4 0.0
       5 0.0
       6 0.0
       7 0.0
       8 0.0
       9 0.0
      10 0.0
      11 0.0
      12 0.0
      13 0.0
 
       1     0.082084736
       2      0.11016425
       3      0.16822254
       4      0.16011014
       5      0.15021173
       6      0.17621073
       7      0.13545783
       8      0.13373720
       9      0.14823307
      10      0.10367724
      11      0.11712296
      12      0.11917729
      13   0.1337
 
       1      0.87395308
       2      0.87124622
       3      0.87244876
       4      0.87218367
       5      0.87150514
       6      0.86997274
       7      0.87180015
       8      0.87340530
       9      0.87140072
      10      0.87155711
      11      0.87468311
      12      0.87267276
      13   0.8722
 
       1     0.011011732
       2     0.014752387
       3     0.022386813
       4     0.021617843
       5     0.020590387
       6     0.024190730
       7     0.018869322
       8     0.018555867
       9     0.020476233
      10     0.014337060
      11     0.015695086
      12     0.015740821
      13   0.0182
 
       1      0.66352598
       2      0.66283462
       3      0.73991109
       4      0.76970986
       5      0.72532056
       6      0.81257114
       7      0.74361916
       8      0.75331731
       9      0.77925375
      10      0.73785817
      11      0.68986764
      12      0.70305771
      13   0.7317
 
