       1       174.98053
       2       156.21878
       3       105.46856
       4       129.20848
       5       161.74481
       6       145.81589
       7       138.40125
       8       119.18738
       9       96.021105
      10       108.94390
      11       95.719795
      12       146.51558
      13  1578.23
 
       1       117.84130
       2       106.90793
       3       67.524408
       4       80.121921
       5       99.964240
       6       87.362730
       7       80.018842
       8       69.370009
       9       61.629926
      10       71.527211
      11       67.644640
      12       101.34450
      13  1011.26
 
       1       14.766316
       2       14.299841
       3       7.5769403
       4       7.4463732
       5       8.6850175
       6       7.3171338
       7       6.9556217
       8       6.4651251
       9       6.5445203
      10       7.4665939
      11       8.1777285
      12       12.407640
      13   108.11
 
       1       15.048446
       2       17.682143
       3       8.4612363
       4       7.3406819
       5       12.029111
       6       15.139234
       7       16.092016
       8       12.915607
       9       9.4595949
      10       7.9936061
      11       10.483407
      12       14.821685
      13   147.47
 
       1       12.791841
       2       15.160748
       3       10.559406
       4       9.4331221
       5       15.415527
       6       17.299215
       7       20.972210
       8       22.661108
       9       20.044593
      10       16.157404
      11       14.533823
      12       16.048256
      13   191.08
 
       1       11.750746
       2       14.476071
       3       10.186305
       4       14.200609
       5       22.427498
       6       24.538926
       7       20.105454
       8       16.395623
       9       13.949144
      10       11.915899
      11       9.6459342
      12       10.199056
      13    14.98
 
       1 0.0
       2 0.0
       3 0.0
       4 0.0
       5 0.0
       6 0.0
       7 0.0
       8 0.0
       9 0.0
      10 0.0
      11 0.0
      12 0.0
      13 0.0
 
       1      0.16047727
       2      0.19739901
       3      0.13184541
       4      0.18104596
       5      0.29515454
       6      0.32727493
       7      0.25867798
       8      0.20652668
       9      0.17817907
      10      0.15392379
      11      0.12770826
      12      0.13789529
      13   0.1963
 
       1      0.85304688
       2      0.85304976
       3      0.85179160
       4      0.85192366
       5      0.85225877
       6      0.85320197
       7      0.85287309
       8      0.85179290
       9      0.85218957
      10      0.85348554
      11      0.85476085
      12      0.85276563
      13   0.8528
 
       1     0.024170646
       2     0.029708407
       3     0.020519436
       4     0.028346782
       5     0.045419530
       6     0.049926852
       7     0.040221856
       8     0.032501605
       9     0.027925975
      10     0.024059218
      11     0.019724866
      12     0.020925437
      13   0.0303
 
       1      0.73059245
       2      0.77574295
       3      0.76208085
       4      0.72028753
       5      0.85374979
       6      0.90135583
       7      0.86530920
       8      0.82622144
       9      0.79825704
      10      0.73377901
      11      0.69565850
      12      0.67733477
      13   0.7784
 
