       1       132.65795
       2       109.52252
       3       119.59934
       4       148.59249
       5       134.06456
       6       106.40880
       7       122.22601
       8       110.97860
       9       125.42663
      10       79.213705
      11       110.25388
      12       94.086496
      13  1393.03
 
       1       90.827684
       2       73.509831
       3       74.061087
       4       92.320582
       5       83.053349
       6       64.964037
       7       69.001915
       8       65.153977
       9       78.415921
      10       52.835814
      11       74.349879
      12       65.835778
      13   884.33
 
       1       11.491054
       2       9.5357078
       3       7.0073106
       4       9.3681471
       5       8.7879644
       6       7.0224157
       7       6.4477041
       8       6.6490336
       9       8.4734119
      10       6.3105191
      11       8.4794302
      12       8.0163032
      13    97.59
 
       1       12.609299
       2       10.851920
       3       7.1578936
       4       13.002683
       5       12.454861
       6       12.945035
       7       15.267089
       8       13.941831
       9       11.001722
      10       6.4906816
      11       10.129731
      12       9.7261272
      13   135.58
 
       1       13.529632
       2       10.085396
       3       8.1371540
       4       13.496840
       5       16.609081
       6       13.380648
       7       18.944508
       8       22.182846
       9       24.044885
      10       14.928360
      11       12.591298
      12       10.473130
      13   178.40
 
       1       9.9135984
       2       10.501392
       3       10.396655
       4       18.074297
       5       18.470968
       6       15.881345
       7       15.062955
       8       14.311772
       9       15.385987
      10       9.1260826
      11       9.7406625
      12       7.5322919
      13    12.87
 
       1 0.0
       2 0.0
       3 0.0
       4 0.0
       5 0.0
       6 0.0
       7 0.0
       8 0.0
       9 0.0
      10 0.0
      11 0.0
      12 0.0
      13 0.0
 
       1      0.13079850
       2      0.13783566
       3      0.12827731
       4      0.22920591
       5      0.23268502
       6      0.19585003
       7      0.18285440
       8      0.17430303
       9      0.18954978
      10      0.11222076
      11      0.12328360
      12     0.097830790
      13   0.1612
 
       1      0.92667736
       2      0.92666683
       3      0.92558997
       4      0.92604029
       5      0.92563425
       6      0.92414395
       7      0.92533653
       8      0.92587291
       9      0.92534826
      10      0.92627603
      11      0.92592648
      12      0.92622530
      13   0.9258
 
       1     0.010002647
       2     0.010546751
       3     0.010201045
       4     0.017890178
       5     0.018279898
       6     0.015570729
       7     0.014616493
       8     0.013935297
       9     0.015043865
      10    0.0089802111
      11    0.0096787854
      12    0.0075785793
      13   0.0127
 
       1      0.71934940
       2      0.74098409
       3      0.65860629
       4      0.79656813
       5      0.80008359
       6      0.84629441
       7      0.79131749
       8      0.80098901
       9      0.80875316
      10      0.68989153
      11      0.71700742
      12      0.67395586
      13   0.7537
 
