       1       8.2815308
       2       13.248038
       3       18.721377
       4       24.860795
       5       30.984959
       6       36.621701
       7       41.550041
       8       24.593452
       9       18.466193
      10       11.433902
      11       6.0887184
      12       8.1318346
      13   242.98
 
       1       5.7478110
       2       9.1004193
       3       12.216033
       4       14.165586
       5       16.506346
       6       19.382261
       7       21.834041
       8       13.611661
       9       11.025231
      10       7.4806373
      11       4.5826075
      12       5.8517999
      13   141.50
 
       1      0.70889262
       2       1.4233479
       3       2.2805183
       4       2.5802815
       5       2.3095628
       6       2.5312324
       7       2.8371571
       8       1.8031754
       9       1.4901691
      10       1.1076657
      11      0.63299123
      12      0.74956101
      13    20.45
 
       1      0.74792586
       2       1.3789620
       3       3.2048624
       4       3.5432968
       5       4.3343814
       6       7.6432050
       7       12.739480
       8       5.5526834
       9       2.6444833
      10      0.98275253
      11      0.59190659
      12      0.72416437
      13    44.09
 
       1      0.23439878
       2      0.47111921
       3       1.5619180
       4       2.2044928
       5       3.3978798
       6       4.5710815
       7       5.2324850
       8       3.4355177
       9       2.1777580
      10      0.49015787
      11      0.11295173
      12      0.12955401
      13    24.02
 
       1      0.56053448
       2       1.4235243
       3       2.4870282
       4       2.9749569
       5       2.9622267
       6       3.1949182
       7       3.2695665
       8       2.0704387
       9       1.8250865
      10       1.0170714
      11      0.63573432
      12      0.48128810
      13     1.91
 
       1 0.0
       2 0.0
       3 0.0
       4 0.0
       5 0.0
       6 0.0
       7 0.0
       8 0.0
       9 0.0
      10 0.0
      11 0.0
      12 0.0
      13 0.0
 
       1     0.014824674
       2     0.037038018
       3     0.065116401
       4     0.075669391
       5     0.073257398
       6     0.075499525
       7     0.075008971
       8     0.047651281
       9     0.043878759
      10     0.025625615
      11     0.017296658
      12     0.012943725
      13   0.0470
 
       1      0.92550052
       2      0.92432754
       3      0.92414368
       4      0.92282495
       5      0.92247320
       6      0.92208956
       7      0.92018315
       8      0.92103106
       9      0.92142075
      10      0.92345959
      11      0.92510743
      12      0.92524490
      13   0.9232
 
       1    0.0011551470
       2    0.0028841537
       3    0.0050503795
       4    0.0059445798
       5    0.0058252232
       6    0.0061247355
       7    0.0061858098
       8    0.0039477090
       9    0.0035619609
      10    0.0020328748
      11    0.0013264960
      12   0.00099687607
      13   0.0038
 
       1      0.85145934
       2      0.89467790
       3      0.95155648
       4      0.97081166
       5      0.98160912
       6      0.98026076
       7      0.97318413
       8      0.97694080
       9      0.97797225
      10      0.96398966
      11      0.94822513
      12      0.90198986
      13   0.9477
 
