       1       69.762498
       2       152.96053
       3       141.92039
       4       157.90902
       5       147.96956
       6       136.15810
       7       142.05128
       8       129.47809
       9       112.17339
      10       79.559315
      11       126.25980
      12       141.05481
      13  1537.26
 
       1       49.530432
       2       100.25457
       3       90.767905
       4       95.246632
       5       92.276321
       6       79.911090
       7       78.960216
       8       74.097520
       9       70.606698
      10       52.974224
      11       85.122050
      12       99.391275
      13   969.14
 
       1       6.2008220
       2       11.802390
       3       10.589434
       4       8.6857132
       5       9.5693727
       6       7.0697886
       7       7.0267634
       8       7.0312122
       9       7.5338399
      10       6.6142257
      11       9.6171626
      12       12.836073
      13   104.58
 
       1       5.8154896
       2       13.336897
       3       12.387737
       4       10.784469
       5       15.055498
       6       11.877201
       7       16.243005
       8       16.602965
       9       10.756099
      10       7.8301283
      11       9.2775233
      12       15.615217
      13   145.58
 
       1       6.3117041
       2       11.967579
       3       14.637127
       4       12.486729
       5       18.824248
       6       15.297639
       7       22.630212
       8       25.231704
       9       23.362512
      10       15.298142
      11       14.528834
      12       17.577493
      13   198.15
 
       1       5.6462470
       2       14.062220
       3       15.353143
       4       17.589065
       5       22.056906
       6       21.158919
       7       19.305021
       8       17.657589
       9       15.224915
      10       9.1709950
      11       10.765660
      12       10.455862
      13    14.87
 
       1 0.0
       2 0.0
       3 0.0
       4 0.0
       5 0.0
       6 0.0
       7 0.0
       8 0.0
       9 0.0
      10 0.0
      11 0.0
      12 0.0
      13 0.0
 
       1     0.074601289
       2      0.18999428
       3      0.20742616
       4      0.23209230
       5      0.29582167
       6      0.27868779
       7      0.24905156
       8      0.22871695
       9      0.19734993
      10      0.11886210
      11      0.14375612
      12      0.14354581
      13   0.1967
 
       1      0.89014108
       2      0.88876591
       3      0.88844547
       4      0.88964472
       5      0.88906200
       6      0.88821274
       7      0.88898853
       8      0.88954086
       9      0.88876964
      10      0.88931584
      11      0.89059339
      12      0.88958413
      13   0.8893
 
       1    0.0088371663
       2     0.021959752
       3     0.023982283
       4     0.027214322
       5     0.034362363
       6     0.032721132
       7     0.029525553
       8     0.027106882
       9     0.023437209
      10     0.014194999
      11     0.016825150
      12     0.016468120
      13   0.0231
 
       1      0.62864830
       2      0.75563118
       3      0.80939584
       4      0.74806469
       5      0.86584233
       6      0.86004252
       7      0.84501100
       8      0.84795004
       9      0.81581789
      10      0.74116130
      11      0.72404678
      12      0.71425672
      13   0.7797
 
