       1       59.455856
       2       53.351572
       3       59.710920
       4       35.943608
       5       30.659324
       6       19.678430
       7       14.066350
       8       11.873498
       9       15.341373
      10       28.563868
      11       56.003322
      12       78.798663
      13   463.45
 
       1       31.005075
       2       29.887365
       3       35.466354
       4       22.763851
       5       19.588014
       6       12.594632
       7       9.8326348
       8       7.9408889
       9       10.184067
      10       15.979235
      11       27.671458
      12       38.934769
      13   261.85
 
       1       5.2344396
       2       4.5766816
       3       4.6885643
       4       2.6899683
       5       2.0689387
       6       1.1571625
       7      0.74464047
       8      0.70063839
       9      0.91178209
      10       2.1355820
      11       4.7214245
      12       6.8455433
      13    36.48
 
       1       19.203961
       2       17.754235
       3       18.345422
       4       9.7815275
       5       8.5496940
       6       6.3876953
       7       4.2883588
       8       3.3682542
       9       4.1109329
      10       8.4122244
      11       17.959141
      12       25.259487
      13   143.42
 
       1       3.1100193
       2       2.5700653
       3       2.9094911
       4       1.7033129
       5       1.5050028
       6       1.6185191
       7       1.1814112
       8       1.0788049
       9      0.91706889
      10       1.5546605
      11       2.8651042
      12       3.8961210
      13    24.91
 
       1      0.81751788
       2      0.78618630
       3      0.76854314
       4      0.44733523
       5      0.35950346
       6      0.23988058
       7      0.15055267
       8      0.12633089
       9      0.16062748
      10      0.31960027
      11      0.71576054
      12       1.0050301
      13     0.49
 
       1 0.0
       2 0.0
       3 0.0
       4 0.0
       5 0.0
       6 0.0
       7 0.0
       8 0.0
       9 0.0
      10 0.0
      11 0.0
      12 0.0
      13 0.0
 
       1     0.021244528
       2     0.021129122
       3     0.021130543
       4     0.012728023
       5     0.010024106
       6    0.0064808086
       7    0.0043254766
       8    0.0037286050
       9    0.0047508449
      10    0.0085687759
      11     0.017983805
      12     0.025236567
      13   0.0131
 
       1       1.0000000
       2       1.0000000
       3       1.0000000
       4       1.0000000
       5       1.0000000
       6       1.0000000
       7       1.0000000
       8       1.0000000
       9       1.0000000
      10       1.0000000
      11       1.0000000
      12       1.0000000
      13   1.0000
 
       1       0.0000000
       2       0.0000000
       3       0.0000000
       4       0.0000000
       5       0.0000000
       6       0.0000000
       7       0.0000000
       8       0.0000000
       9       0.0000000
      10       0.0000000
      11       0.0000000
      12       0.0000000
      13   0.0000
 
       1      0.68781379
       2      0.69703351
       3      0.57593743
       4      0.52004665
       5      0.45347136
       6      0.37669013
       7      0.41897131
       8      0.55584930
       9      0.54155096
      10      0.59636644
      11      0.59962368
      12      0.68197519
      13   0.5588
 
