       1       184.07483
       2       189.82409
       3       170.79548
       4       217.70046
       5       210.33347
       6       248.60836
       7       240.38330
       8       207.57969
       9       153.94436
      10       103.51164
      11       104.83782
      12       104.98132
      13  2136.57
 
       1       126.95060
       2       126.04648
       3       109.19583
       4       131.32928
       5       129.75054
       6       142.25946
       7       133.85915
       8       120.54204
       9       97.561498
      10       68.641071
      11       70.281347
      12       72.505652
      13  1328.92
 
       1       18.164019
       2       18.001592
       3       15.229337
       4       15.931310
       5       16.915868
       6       15.950425
       7       15.192832
       8       13.894867
       9       12.014185
      10       9.2966837
      11       8.9296280
      12       9.4768812
      13   169.00
 
       1       23.929649
       2       23.687636
       3       25.467595
       4       26.910693
       5       32.989513
       6       45.990237
       7       49.843207
       8       34.980296
       9       19.929507
      10       15.225000
      11       12.817915
      12       14.235385
      13   326.01
 
       1       21.230677
       2       17.559960
       3       20.434490
       4       23.579216
       5       33.944248
       6       43.671188
       7       48.488548
       8       45.140140
       9       30.884264
      10       17.044420
      11       11.260384
      12       11.346055
      13   324.58
 
       1       14.978002
       2       17.961837
       3       20.522987
       4       27.929479
       5       33.471541
       6       37.465531
       7       32.415467
       8       26.756112
       9       21.182003
      10       13.387953
      11       10.308571
      12       9.2689936
      13    22.14
 
       1 0.0
       2 0.0
       3 0.0
       4 0.0
       5 0.0
       6 0.0
       7 0.0
       8 0.0
       9 0.0
      10 0.0
      11 0.0
      12 0.0
      13 0.0
 
       1     0.014871537
       2     0.017480653
       3     0.019732648
       4     0.026497700
       5     0.032431103
       6     0.035323134
       7     0.030214292
       8     0.024611804
       9     0.019740254
      10     0.012627257
      11    0.0096476570
      12    0.0088636347
      13   0.0210
 
       1      0.88572575
       2      0.88339034
       3      0.88270370
       4      0.88285458
       5      0.88135814
       6      0.88125190
       7      0.88508868
       8      0.88614220
       9      0.88306829
      10      0.88397012
      11      0.88485347
      12      0.88463890
      13   0.8838
 
       1    0.0019323264
       2    0.0022981518
       3    0.0026220451
       4    0.0035434196
       5    0.0042831660
       6    0.0047256142
       7    0.0040659387
       8    0.0033447147
       9    0.0026746560
      10    0.0017060401
      11    0.0013117203
      12    0.0011875270
      13   0.0028
 
       1      0.28812513
       2      0.26304228
       3      0.31599416
       4      0.34066087
       5      0.38023534
       6      0.39903529
       7      0.35460846
       8      0.32127033
       9      0.31039692
      10      0.29634670
      11      0.26014658
      12      0.26397889
      13   0.3162
 
