       1       127.41232
       2       168.20368
       3       200.98715
       4       173.32946
       5       230.43637
       6       220.19036
       7       240.90733
       8       192.31465
       9       152.51346
      10       159.87290
      11       135.02682
      12       157.88503
      13  2159.08
 
       1       85.897818
       2       111.51274
       3       128.02986
       4       111.46056
       5       138.04395
       6       128.10410
       7       133.51946
       8       110.26281
       9       96.853086
      10       106.24973
      11       91.675573
      12       106.24515
      13  1347.85
 
       1       11.720754
       2       14.561908
       3       16.351419
       4       15.099527
       5       15.776096
       6       14.766780
       7       14.406432
       8       12.721894
       9       11.992735
      10       13.279076
      11       11.853295
      12       13.981521
      13   166.51
 
       1       13.976052
       2       20.430086
       3       25.527928
       4       24.754289
       5       31.726225
       6       46.201037
       7       45.969180
       8       33.310534
       9       19.807533
      10       17.655140
      11       16.842751
      12       19.640369
      13   315.84
 
       1       10.775876
       2       16.795123
       3       21.995793
       4       25.209442
       5       35.154003
       6       40.944252
       7       47.449008
       8       39.226395
       9       31.573361
      10       25.544103
      11       17.042885
      12       18.691009
      13   330.40
 
       1       11.091052
       2       19.845265
       3       24.182833
       4       26.611568
       5       33.299633
       6       32.793926
       7       31.624375
       8       24.143578
       9       20.460778
      10       18.785246
      11       13.776407
      12       12.959162
      13    22.46
 
       1 0.0
       2 0.0
       3 0.0
       4 0.0
       5 0.0
       6 0.0
       7 0.0
       8 0.0
       9 0.0
      10 0.0
      11 0.0
      12 0.0
      13 0.0
 
       1     0.013558114
       2     0.024806615
       3     0.030109988
       4     0.032804735
       5     0.040212760
       6     0.039458129
       7     0.037219827
       8     0.028210600
       9     0.024358792
      10     0.022824603
      11     0.016926538
      12     0.016100758
      13   0.0272
 
       1      0.89780088
       2      0.89718024
       3      0.89677694
       4      0.89674783
       5      0.89503398
       6      0.89591502
       7      0.89838923
       8      0.89922890
       9      0.89781909
      10      0.89638295
      11      0.89958996
      12      0.89852398
      13   0.8974
 
       1    0.0015782330
       2    0.0028402065
       3    0.0034532280
       4    0.0037872968
       5    0.0046931251
       6    0.0046042382
       7    0.0043887549
       8    0.0033485563
       9    0.0028668768
      10    0.0026591209
      11    0.0019594648
      12    0.0018500919
      13   0.0032
 
       1      0.28459803
       2      0.32033686
       3      0.36047874
       4      0.36713136
       5      0.39377616
       6      0.40651330
       7      0.37195474
       8      0.33651263
       9      0.31854563
      10      0.32307997
      11      0.31569358
      12      0.30274176
      13   0.3418
 
