       1       10.968004
       2       11.726655
       3       21.300964
       4       23.001705
       5       45.256155
       6       46.113951
       7       38.371527
       8       28.640139
       9       15.189810
      10       9.3013786
      11       6.2788885
      12       7.3368683
      13   263.49
 
       1       8.0764635
       2       8.6799003
       3       13.497084
       4       13.544862
       5       25.239371
       6       24.898564
       7       20.896674
       8       15.806870
       9       9.2316329
      10       6.0456210
      11       4.6083450
      12       5.3564493
      13   155.88
 
       1       1.1271386
       2       1.4484843
       3       2.4208007
       4       2.6703351
       5       3.8800947
       6       3.3311307
       7       2.8339791
       8       2.2341822
       9       1.3578857
      10      0.87463631
      11      0.68088926
      12      0.64831498
      13    23.51
 
       1       2.1162214
       2       2.3263912
       3       3.3833953
       4       4.4662234
       5       7.2977620
       6       12.747555
       7       10.039650
       8       7.1763981
       9       2.7892364
      10      0.93813904
      11      0.75028991
      12      0.63790320
      13    54.67
 
       1      0.47116419
       2       1.1022991
       3       2.2888474
       4       3.5421193
       5       4.9502959
       6       7.6200719
       7       5.5739285
       8       4.4123786
       9       2.0088130
      10      0.37626132
      11      0.15363329
      12      0.18210926
      13    32.68
 
       1       1.1195182
       2       1.9247365
       3       3.1942292
       4       3.4237638
       5       5.5499512
       6       4.3226533
       7       3.4100327
       8       2.4193559
       9       1.5734719
      10       1.0142100
      11      0.71281629
      12      0.58696410
      13     2.44
 
       1 0.0
       2 0.0
       3 0.0
       4 0.0
       5 0.0
       6 0.0
       7 0.0
       8 0.0
       9 0.0
      10 0.0
      11 0.0
      12 0.0
      13 0.0
 
       1     0.031558248
       2     0.053624645
       3     0.088068655
       4     0.094906442
       5      0.15039351
       6      0.10899651
       7     0.082745073
       8     0.057978992
       9     0.038803487
      10     0.027258919
      11     0.020351778
      12     0.016115664
      13   0.0642
 
       1      0.88167190
       2      0.88055332
       3      0.88022867
       4      0.88080628
       5      0.88014263
       6      0.87793945
       7      0.87472953
       8      0.87633760
       9      0.87643876
      10      0.87904135
      11      0.88160238
      12      0.88148109
      13   0.8792
 
       1    0.0038292658
       2    0.0065416527
       3     0.010711307
       4     0.011517922
       5     0.018365515
       6     0.013705529
       7     0.010607736
       8    0.0075298988
       9    0.0049984372
      10    0.0033955251
      11    0.0024743220
      12    0.0019970117
      13   0.0080
 
       1      0.94519548
       2      0.93140038
       3      0.96432421
       4      0.97767157
       5      0.98863770
       6      0.98709310
       7      0.98060933
       8      0.97522626
       9      0.98253857
      10      0.96237519
      11      0.95312568
      12      0.87451795
      13   0.9602
 
