       1       123.58892
       2       213.88228
       3       219.89953
       4       200.39399
       5       212.27584
       6       194.81341
       7       239.17798
       8       188.24629
       9       141.48799
      10       143.96008
      11       95.888974
      12       104.90846
      13  2078.52
 
       1       87.626206
       2       140.25706
       3       143.72196
       4       127.91077
       5       131.27319
       6       112.36676
       7       132.48119
       8       111.08381
       9       90.525844
      10       92.923671
      11       66.518905
      12       71.163283
      13  1307.85
 
       1       13.080334
       2       18.421505
       3       20.312708
       4       16.935485
       5       16.326861
       6       13.596863
       7       14.257733
       8       13.092484
       9       12.154213
      10       11.266740
      11       9.5710281
      12       8.8717003
      13   167.89
 
       1       17.468387
       2       21.760531
       3       28.685366
       4       27.111843
       5       28.951261
       6       39.982673
       7       50.788431
       8       33.490637
       9       18.509467
      10       14.018749
      11       15.087714
      12       14.503280
      13   310.36
 
       1       12.920734
       2       16.442741
       3       24.521482
       4       26.320863
       5       31.873104
       6       34.868322
       7       41.184024
       8       38.630226
       9       28.949359
      10       18.125389
      11       17.006125
      12       10.132021
      13   300.97
 
       1       11.035586
       2       19.762204
       3       25.418172
       4       30.539585
       5       32.729697
       6       27.987554
       7       28.996561
       8       24.427471
       9       19.301392
      10       14.768147
      11       11.113963
      12       9.7958768
      13    21.32
 
       1 0.0
       2 0.0
       3 0.0
       4 0.0
       5 0.0
       6 0.0
       7 0.0
       8 0.0
       9 0.0
      10 0.0
      11 0.0
      12 0.0
      13 0.0
 
       1     0.010589581
       2     0.018999366
       3     0.024476865
       4     0.029116640
       5     0.030752942
       6     0.025588107
       7     0.026181098
       8     0.022109325
       9     0.017423804
      10     0.013520234
      11     0.010486640
      12    0.0091458098
      13   0.0199
 
       1      0.94015401
       2      0.93939470
       3      0.93896231
       4      0.93860365
       5      0.93777978
       6      0.93781343
       7      0.93865058
       8      0.94042025
       9      0.93838038
      10      0.93812105
      11      0.93928245
      12      0.93934706
      13   0.9389
 
       1   0.00073919704
       2    0.0013184228
       3    0.0016958734
       4    0.0020350264
       5    0.0021743145
       6    0.0018428134
       7    0.0018946252
       8    0.0016021240
       9    0.0012692373
      10   0.00097638333
      11   0.00074192532
      12   0.00065252432
      13   0.0014
 
       1      0.25261410
       2      0.27318751
       3      0.31260403
       4      0.34979063
       5      0.36531257
       6      0.36440118
       7      0.32979197
       8      0.31913327
       9      0.30058529
      10      0.28400771
      11      0.28028328
      12      0.27633974
      13   0.3090
 
