       1       156.22822
       2       121.85038
       3       191.52551
       4       186.40567
       5       210.58929
       6       188.53013
       7       221.79237
       8       189.45125
       9       156.40939
      10       132.38006
      11       143.98934
      12       155.31140
      13  2054.46
 
       1       103.10754
       2       83.865203
       3       119.85512
       4       121.15087
       5       129.29820
       6       111.52501
       7       122.31009
       8       110.99449
       9       97.660523
      10       88.753830
      11       97.399289
      12       104.86060
      13  1290.78
 
       1       12.776702
       2       12.684347
       3       15.233333
       4       16.671602
       5       15.739973
       6       13.789691
       7       13.297618
       8       13.165420
       9       12.039819
      10       11.412680
      11       12.746512
      12       13.506325
      13   163.06
 
       1       16.913311
       2       17.912639
       3       21.296780
       4       28.478968
       5       29.692530
       6       37.865875
       7       43.770598
       8       36.400978
       9       21.931943
      10       13.336643
      11       16.253684
      12       18.430055
      13   302.28
 
       1       13.181751
       2       14.749656
       3       16.312023
       4       24.029100
       5       31.539062
       6       32.584668
       7       38.100495
       8       38.202214
       9       30.390549
      10       20.975781
      11       19.623633
      12       14.773394
      13   294.46
 
       1       12.795079
       2       14.898481
       3       20.292577
       4       30.043126
       5       31.158371
       6       27.549329
       7       26.463706
       8       24.043148
       9       19.941480
      10       15.659184
      11       14.388454
      12       11.767289
      13    20.75
 
       1 0.0
       2 0.0
       3 0.0
       4 0.0
       5 0.0
       6 0.0
       7 0.0
       8 0.0
       9 0.0
      10 0.0
      11 0.0
      12 0.0
      13 0.0
 
       1     0.012105718
       2     0.014340712
       3     0.018900588
       4     0.028644712
       5     0.029205097
       6     0.025140376
       7     0.023588359
       8     0.021670021
       9     0.018033971
      10     0.014511484
      11     0.013715000
      12     0.011116281
      13   0.0192
 
       1      0.93938600
       2      0.93887802
       3      0.93834492
       4      0.93843735
       5      0.93779534
       6      0.93737338
       7      0.93843560
       8      0.93936262
       9      0.93869226
      10      0.93873070
      11      0.93959250
      12      0.94067706
      13   0.9388
 
       1   0.00085192158
       2   0.00099847478
       3    0.0013462535
       4    0.0020046339
       5    0.0020672084
       6    0.0018127732
       7    0.0017245687
       8    0.0015745365
       9    0.0013104521
      10    0.0010397419
      11   0.00096139246
      12   0.00078384348
      13   0.0014
 
       1      0.27579184
       2      0.28412844
       3      0.31135730
       4      0.35172896
       5      0.36719247
       6      0.36777227
       7      0.31958059
       8      0.30227097
       9      0.30293237
      10      0.28215185
      11      0.28306306
      12      0.25739913
      13   0.3088
 
