       1       233.72939
       2       143.15483
       3       188.43397
       4       183.13100
       5       185.63392
       6       202.89437
       7       206.76384
       8       180.63283
       9       151.72373
      10       128.84260
      11       110.49011
      12       102.38429
      13  2017.81
 
       1       157.11708
       2       99.368763
       3       120.36556
       4       116.14588
       5       113.85734
       6       118.24954
       7       114.71155
       8       105.41436
       9       93.850084
      10       83.900127
      11       74.076178
      12       68.136521
      13  1265.19
 
       1       22.131808
       2       15.652199
       3       15.828783
       4       16.280984
       5       14.740379
       6       14.726813
       7       13.348040
       8       13.247630
       9       11.650598
      10       11.218779
      11       10.276412
      12       8.7438424
      13   167.85
 
       1       29.123567
       2       21.363811
       3       21.181318
       4       24.412878
       5       25.281390
       6       42.449050
       7       43.900532
       8       33.377997
       9       19.419583
      10       16.414525
      11       14.566404
      12       14.387681
      13   305.88
 
       1       20.582216
       2       16.224947
       3       18.754147
       4       24.496465
       5       28.986938
       6       34.122952
       7       34.277856
       8       36.692635
       9       26.146116
      10       22.125476
      11       14.427226
      12       11.305613
      13   288.14
 
       1       18.579276
       2       16.489785
       3       20.304012
       4       26.378667
       5       27.658369
       6       27.718962
       7       24.661637
       8       22.448784
       9       19.116772
      10       15.658528
      11       11.955016
      12       9.1428843
      13    20.01
 
       1 0.0
       2 0.0
       3 0.0
       4 0.0
       5 0.0
       6 0.0
       7 0.0
       8 0.0
       9 0.0
      10 0.0
      11 0.0
      12 0.0
      13 0.0
 
       1     0.018215638
       2     0.016093237
       3     0.019213276
       4     0.025265746
       5     0.025991558
       6     0.025512286
       7     0.022355693
       8     0.020499330
       9     0.017434273
      10     0.014520686
      11     0.011308824
      12    0.0086145961
      13   0.0188
 
       1      0.88366962
       2      0.88190013
       3      0.87973191
       4      0.88146929
       5      0.87939384
       6      0.87967689
       7      0.88292662
       8      0.88510758
       9      0.88179286
      10      0.88266592
      11      0.88347166
      12      0.88244204
      13   0.8820
 
       1    0.0023826658
       2    0.0021182278
       3    0.0025766121
       4    0.0033638436
       5    0.0035022581
       6    0.0034685142
       7    0.0030616733
       8    0.0027993982
       9    0.0023915585
      10    0.0019783418
      11    0.0015250746
      12    0.0011644259
      13   0.0025
 
       1      0.27248538
       2      0.27682433
       3      0.30229137
       4      0.34282144
       5      0.35976497
       6      0.37158208
       7      0.32467815
       8      0.30795283
       9      0.30675884
      10      0.28830326
      11      0.28436167
      12      0.28542204
      13   0.3103
 
