       1       23.870350
       2       25.725747
       3       28.466486
       4       21.253510
       5       21.400459
       6       22.157033
       7       17.433359
       8       14.430431
       9       12.526959
      10       12.564728
      11       16.563408
      12       25.204239
      13   241.60
 
       1       12.500954
       2       13.656684
       3       15.608306
       4       12.052535
       5       12.555626
       6       13.630998
       7       10.586783
       8       8.9044259
       9       7.4552533
      10       6.9987455
      11       8.9452993
      12       13.182071
      13   136.08
 
       1       1.9271563
       2       2.1758632
       3       2.2955727
       4       1.7367698
       5       1.7121969
       6       1.7629914
       7       1.2805640
       8       1.0615873
       9       1.0138247
      10       1.0777137
      11       1.3407175
      12       2.0257685
      13    19.41
 
       1       7.8140922
       2       8.5074087
       3       8.9145012
       4       5.9506532
       5       6.0034324
       6       6.3369565
       7       5.3644309
       8       4.4641541
       9       3.9816441
      10       4.1349252
      11       5.1500192
      12       7.8903391
      13    74.51
 
       1       1.3594442
       2       1.6437595
       3       1.6173536
       4      0.82762296
       5      0.90595196
       6      0.95533861
       7      0.68267172
       8      0.89609120
       9      0.86437635
      10       1.0697691
      11       1.2859147
      12       1.6467595
      13    13.76
 
       1      0.33309569
       2      0.43118688
       3      0.39814392
       4      0.35088498
       5      0.38872247
       6      0.43222563
       7      0.30781835
       8      0.24788275
       9      0.22276946
      10      0.19599130
      11      0.24300178
      12      0.35617331
      13     0.33
 
       1 0.0
       2 0.0
       3 0.0
       4 0.0
       5 0.0
       6 0.0
       7 0.0
       8 0.0
       9 0.0
      10 0.0
      11 0.0
      12 0.0
      13 0.0
 
       1     0.012489871
       2     0.016319945
       3     0.015689416
       4     0.013919767
       5     0.015378020
       6     0.018315921
       7     0.013034184
       8     0.010760440
       9    0.0092165868
      10    0.0076651562
      11    0.0090796758
      12     0.013191871
      13   0.0129
 
       1       1.0000000
       2       1.0000000
       3       1.0000000
       4       1.0000000
       5       1.0000000
       6       1.0000000
       7       1.0000000
       8       1.0000000
       9       1.0000000
      10       1.0000000
      11       1.0000000
      12       1.0000000
      13   1.0000
 
       1       0.0000000
       2       0.0000000
       3       0.0000000
       4       0.0000000
       5       0.0000000
       6       0.0000000
       7       0.0000000
       8       0.0000000
       9       0.0000000
      10       0.0000000
      11       0.0000000
      12       0.0000000
      13   0.0000
 
       1      0.32999214
       2      0.31460041
       3      0.29828009
       4      0.19532613
       5      0.20162660
       6      0.11003041
       7      0.16050649
       8      0.19250743
       9      0.21953179
      10      0.30633261
      11      0.27041924
      12      0.28124773
      13   0.2400
 
