       1       196.90166
       2       171.69213
       3       171.80132
       4       199.33165
       5       224.04212
       6       224.21005
       7       237.65127
       8       201.72400
       9       144.41341
      10       111.48211
      11       133.55891
      12       131.73770
      13  2148.55
 
       1       132.85367
       2       113.31747
       3       112.93138
       4       124.00788
       5       135.87157
       6       132.67176
       7       129.97118
       8       115.53134
       9       89.390586
      10       74.000580
      11       90.239138
      12       89.990965
      13  1340.78
 
       1       18.011929
       2       15.020680
       3       15.629953
       4       14.934592
       5       16.393238
       6       15.585426
       7       14.135312
       8       13.305945
       9       10.871335
      10       9.8167510
      11       11.254514
      12       11.984215
      13   166.94
 
       1       22.929090
       2       20.638246
       3       21.049179
       4       24.268744
       5       31.824566
       6       48.712335
       7       53.092344
       8       37.700954
       9       19.981302
      10       12.715441
      11       15.899138
      12       17.735848
      13   326.55
 
       1       21.760214
       2       18.782334
       3       20.814784
       4       20.948571
       5       31.963210
       6       42.275932
       7       42.574618
       8       41.196450
       9       30.412415
      10       18.729197
      11       15.467809
      12       15.183137
      13   320.11
 
       1       15.532200
       2       18.599912
       3       19.651034
       4       29.010502
       5       33.854359
       6       36.663740
       7       28.360656
       8       25.049145
       9       18.810049
      10       13.499072
      11       13.079014
      12       11.349109
      13    21.95
 
       1 0.0
       2 0.0
       3 0.0
       4 0.0
       5 0.0
       6 0.0
       7 0.0
       8 0.0
       9 0.0
      10 0.0
      11 0.0
      12 0.0
      13 0.0
 
       1     0.019517112
       2     0.023249601
       3     0.024445792
       4     0.035353496
       5     0.041658337
       6     0.044913742
       7     0.033183690
       8     0.029585551
       9     0.022239363
      10     0.016041144
      11     0.016014831
      12     0.014078460
      13   0.0267
 
       1      0.89951342
       2      0.89803340
       3      0.89692069
       4      0.89656293
       5      0.89585392
       6      0.89548456
       7      0.89793649
       8      0.89884826
       9      0.89765152
      10      0.89787506
      11      0.89889588
      12      0.89847584
      13   0.8977
 
       1    0.0022240754
       2    0.0026623342
       3    0.0028090693
       4    0.0041121069
       5    0.0048090552
       6    0.0051760916
       7    0.0039243657
       8    0.0034833458
       9    0.0026287310
      10    0.0019005488
      11    0.0018613193
      12    0.0016214115
      13   0.0031
 
       1      0.29782164
       2      0.31385913
       3      0.33408534
       4      0.36059278
       5      0.39096557
       6      0.41453702
       7      0.36457898
       8      0.34419656
       9      0.32641350
      10      0.30151204
      11      0.30374211
      12      0.29327572
      13   0.3371
 
