       1       9.5477784
       2       10.311802
       3       16.833722
       4       19.489575
       5       42.774243
       6       39.752168
       7       32.021878
       8       28.684430
       9       16.805765
      10       10.448135
      11       11.814347
      12       7.3851996
      13   245.87
 
       1       6.2860700
       2       7.2384667
       3       11.454439
       4       11.714202
       5       24.208452
       6       21.921535
       7       18.170444
       8       15.515112
       9       9.8819887
      10       6.9335910
      11       8.1613936
      12       5.3964188
      13   146.88
 
       1      0.69094897
       2       1.0870011
       3       2.1780256
       4       2.2327259
       5       3.9408062
       6       3.1083151
       7       2.7182570
       8       2.1141630
       9       1.3578407
      10       1.0871249
      11       1.1912466
      12      0.69158432
      13    22.40
 
       1      0.41392526
       2       1.4763209
       3       3.3428925
       4       4.1155391
       5       8.2996310
       6       10.151363
       7       9.4431552
       8       6.4051151
       9       2.3239362
      10      0.96741542
      11       1.0721163
      12       1.0337320
      13    49.05
 
       1      0.12328818
       2      0.85053333
       3       2.1265547
       4       2.5604728
       5       5.7150885
       6       6.8949486
       7       5.6594832
       8       3.7465141
       9       2.4307369
      10      0.43412284
      11      0.24623837
      12      0.12000947
      13    30.91
 
       1      0.52222584
       2       1.4233311
       3       2.5987157
       4       3.4455951
       5       5.4691991
       6       3.9547126
       7       2.9521299
       8       2.2150839
       9       1.4973225
      10       1.1685202
      11      0.90575861
      12      0.60494994
      13     2.23
 
       1 0.0
       2 0.0
       3 0.0
       4 0.0
       5 0.0
       6 0.0
       7 0.0
       8 0.0
       9 0.0
      10 0.0
      11 0.0
      12 0.0
      13 0.0
 
       1     0.011190621
       2     0.030542810
       3     0.055085534
       4     0.071981882
       5      0.11629073
       6     0.078686855
       7     0.056091249
       8     0.041735012
       9     0.029470129
      10     0.024747043
      11     0.019296624
      12     0.013396256
      13   0.0457
 
       1      0.87333236
       2      0.87104514
       3      0.86729177
       4      0.86703098
       5      0.86975805
       6      0.87039515
       7      0.86564672
       8      0.86443026
       9      0.86560933
      10      0.87089364
      11      0.87154192
      12      0.87369853
      13   0.8692
 
       1    0.0015018124
       2    0.0040906909
       3    0.0074078072
       4    0.0097527208
       5     0.015456876
       6     0.010833133
       7    0.0079652273
       8    0.0059686241
       9    0.0041314115
      10    0.0033301474
      11    0.0025943209
      12    0.0017669317
      13   0.0062
 
       1      0.83872663
       2      0.83080900
       3      0.95425858
       4      0.97062886
       5      0.98116806
       6      0.97863076
       7      0.96607462
       8      0.96821945
       9      0.97429889
      10      0.93609409
      11      0.91252751
      12      0.89019121
      13   0.9335
 
