       1       168.11379
       2       154.61961
       3       216.72817
       4       185.65762
       5       210.08234
       6       231.45530
       7       257.77456
       8       183.74838
       9       135.55705
      10       110.88709
      11       154.43734
      12       134.39828
      13  2143.46
 
       1       115.55367
       2       104.20647
       3       133.61240
       4       121.13793
       5       127.84199
       6       135.23173
       7       142.01599
       8       106.95363
       9       85.170106
      10       72.714897
      11       103.30873
      12       92.228627
      13  1339.98
 
       1       16.146309
       2       14.401074
       3       14.401521
       4       17.574176
       5       15.080260
       6       15.822886
       7       15.464307
       8       12.422746
       9       10.448857
      10       9.5348061
      11       12.390616
      12       11.681576
      13   165.37
 
       1       20.899825
       2       16.758287
       3       21.040655
       4       30.931902
       5       29.787165
       6       45.762142
       7       55.852765
       8       33.872952
       9       17.650060
      10       12.630977
      11       18.242758
      12       17.044029
      13   320.47
 
       1       16.872170
       2       16.274766
       3       16.956278
       4       28.453956
       5       31.048656
       6       40.544456
       7       48.219583
       8       40.966287
       9       26.439570
      10       17.950588
      11       18.959208
      12       15.630403
      13   318.32
 
       1       14.152645
       2       16.012882
       3       22.837201
       4       33.884688
       5       32.818777
       6       36.355000
       7       32.713629
       8       24.474485
       9       18.080396
      10       13.115400
      11       14.438310
      12       11.918840
      13    22.57
 
       1 0.0
       2 0.0
       3 0.0
       4 0.0
       5 0.0
       6 0.0
       7 0.0
       8 0.0
       9 0.0
      10 0.0
      11 0.0
      12 0.0
      13 0.0
 
       1     0.017832585
       2     0.020004045
       3     0.027431176
       4     0.043068117
       5     0.039939274
       6     0.044215032
       7     0.038750950
       8     0.028670940
       9     0.021176615
      10     0.015419305
      11     0.017448239
      12     0.014578061
      13   0.0274
 
       1      0.89070643
       2      0.89003459
       3      0.88822197
       4      0.88920727
       5      0.88770258
       6      0.88839018
       7      0.89144819
       8      0.89201301
       9      0.88976276
      10      0.88972169
      11      0.88945887
      12      0.89028466
      13   0.8897
 
       1    0.0021463661
       2    0.0024229982
       3    0.0033833355
       4    0.0051576620
       5    0.0048911503
       6    0.0053948098
       7    0.0047794758
       8    0.0035715673
       9    0.0026511056
      10    0.0019364224
      11    0.0021511841
      12    0.0017874679
      13   0.0034
 
       1      0.29346127
       2      0.30286781
       3      0.32307513
       4      0.39003106
       5      0.40274931
       6      0.43072008
       7      0.37989641
       8      0.33972687
       9      0.32696853
      10      0.30472235
      11      0.30895618
      12      0.29314531
      13   0.3414
 
