       1       130.28811
       2       199.29763
       3       209.33293
       4       185.12488
       5       231.94584
       6       241.99314
       7       253.33285
       8       212.24252
       9       154.14796
      10       127.41260
      11       146.58084
      12       133.61286
      13  2225.31
 
       1       88.732527
       2       132.11188
       3       137.72826
       4       115.98925
       5       139.95590
       6       138.97602
       7       139.02187
       8       122.98434
       9       96.542471
      10       85.915309
      11       97.915124
      12       91.405457
      13  1387.28
 
       1       11.723670
       2       17.954929
       3       19.302112
       4       15.213695
       5       16.997897
       6       16.231708
       7       15.644765
       8       14.452283
       9       11.741271
      10       11.452337
      11       12.044310
      12       11.769785
      13   174.53
 
       1       16.735784
       2       22.709745
       3       27.769061
       4       24.620189
       5       32.322306
       6       46.044648
       7       50.194254
       8       37.598934
       9       21.323097
      10       15.361270
      11       17.262935
      12       17.238796
      13   329.18
 
       1       11.746871
       2       18.298279
       3       21.846451
       4       21.953836
       5       35.333941
       6       43.272814
       7       50.145390
       8       44.990940
       9       30.981916
      10       22.453665
      11       16.949305
      12       14.566812
      13   332.54
 
       1       11.307744
       2       20.878110
       3       23.853085
       4       28.275005
       5       34.231847
       6       37.309154
       7       32.980189
       8       28.264234
       9       21.117006
      10       16.687690
      11       13.379348
      12       11.048249
      13    23.28
 
       1 0.0
       2 0.0
       3 0.0
       4 0.0
       5 0.0
       6 0.0
       7 0.0
       8 0.0
       9 0.0
      10 0.0
      11 0.0
      12 0.0
      13 0.0
 
       1     0.010887691
       2     0.020908953
       3     0.023559485
       4     0.027111822
       5     0.032763635
       6     0.035770517
       7     0.030832183
       8     0.026199406
       9     0.019673053
      10     0.015840342
      11     0.012722811
      12     0.010652191
      13   0.0222
 
       1      0.88371376
       2      0.88308599
       3      0.88328345
       4      0.88258503
       5      0.88068719
       6      0.88100321
       7      0.88369493
       8      0.88586724
       9      0.88432535
      10      0.88401664
      11      0.88570395
      12      0.88557445
      13   0.8836
 
       1    0.0014488589
       2    0.0026967631
       3    0.0030711186
       4    0.0036098347
       5    0.0043530873
       6    0.0047414738
       7    0.0041352409
       8    0.0035405818
       9    0.0026621848
      10    0.0021292030
      11    0.0017054457
      12    0.0014178703
      13   0.0030
 
       1      0.26537844
       2      0.30926893
       3      0.32954784
       4      0.34369223
       5      0.37278371
       6      0.38602136
       7      0.35481242
       8      0.33124423
       9      0.31448106
      10      0.29090690
      11      0.27469495
      12      0.26014096
      13   0.3194
 
