       1       34.257133
       2       25.221623
       3       22.010590
       4       18.014012
       5       21.823520
       6       23.911313
       7       16.581795
       8       15.056579
       9       13.176176
      10       13.683646
      11       18.629675
      12       29.617013
      13   251.98
 
       1       17.532143
       2       13.154131
       3       12.080995
       4       10.280003
       5       12.573171
       6       13.760844
       7       9.6281156
       8       8.9557418
       9       7.8522333
      10       7.8216011
      11       9.8396087
      12       15.094576
      13   138.57
 
       1       2.7391008
       2       2.2526449
       3       1.8917703
       4       1.5801522
       5       1.7049154
       6       1.8470936
       7       1.2574663
       8       1.1119578
       9       1.0454438
      10       1.0979239
      11       1.4961355
      12       2.2778619
      13    20.30
 
       1       11.264070
       2       9.0548210
       3       7.0968054
       4       5.4508214
       5       6.2951748
       6       7.3137338
       7       5.4621827
       8       4.7858983
       9       4.1403334
      10       4.5134654
      11       6.1520050
      12       10.229133
      13    81.76
 
       1       1.7764878
       2       1.2203931
       3       1.6447326
       4       1.0489974
       5      0.99063413
       6      0.82620003
       7      0.73440558
       8      0.83434276
       9      0.93382044
      10       1.2450297
      11       1.3339490
      12       2.1257520
      13    14.71
 
       1      0.47580407
       2      0.42764469
       3      0.33641253
       4      0.32490488
       5      0.36822574
       6      0.42616284
       7      0.28295842
       8      0.25413818
       9      0.22873830
      10      0.20075167
      11      0.25904113
      12      0.38554192
      13     0.33
 
       1 0.0
       2 0.0
       3 0.0
       4 0.0
       5 0.0
       6 0.0
       7 0.0
       8 0.0
       9 0.0
      10 0.0
      11 0.0
      12 0.0
      13 0.0
 
       1     0.017379326
       2     0.015950538
       3     0.013027937
       4     0.012439354
       5     0.014481246
       6     0.017245048
       7     0.011530113
       8     0.010626219
       9    0.0093079678
      10    0.0079508905
      11    0.0098951451
      12     0.014058978
      13   0.0128
 
       1       1.0000000
       2       1.0000000
       3       1.0000000
       4       1.0000000
       5       1.0000000
       6       1.0000000
       7       1.0000000
       8       1.0000000
       9       1.0000000
      10       1.0000000
      11       1.0000000
      12       1.0000000
      13   1.0000
 
       1       0.0000000
       2       0.0000000
       3       0.0000000
       4       0.0000000
       5       0.0000000
       6       0.0000000
       7       0.0000000
       8       0.0000000
       9       0.0000000
      10       0.0000000
      11       0.0000000
      12       0.0000000
      13   0.0000
 
       1      0.29856717
       2      0.28599732
       3      0.23420788
       4      0.26704716
       5      0.20414209
       6      0.20439837
       7      0.21556758
       8      0.22734702
       9      0.23763933
      10      0.30597045
      11      0.35428236
      12      0.32983923
      13   0.2638
 
