       1       490.31397
       2       463.38901
       3       496.16732
       4       487.47423
       5       517.52799
       6       515.60693
       7       543.85563
       8       570.55054
       9       494.27367
      10       494.78239
      11       452.15990
      12       470.59499
      13  5996.70
 
       1       295.52702
       2       285.40295
       3       301.73657
       4       302.26382
       5       317.23570
       6       313.57445
       7       328.50444
       8       352.43869
       9       308.19775
      10       306.84541
      11       279.65025
      12       286.57617
      13  3677.95
 
       1       37.255380
       2       35.217534
       3       37.747246
       4       36.568003
       5       38.403924
       6       38.859879
       7       41.347714
       8       43.628526
       9       36.819512
      10       37.130472
      11       33.380307
      12       35.469660
      13   451.83
 
       1       135.14637
       2       123.69723
       3       131.03099
       4       127.34132
       5       136.37099
       6       135.72903
       7       148.23154
       8       150.10503
       9       128.38987
      10       128.32200
      11       120.62581
      12       126.88236
      13  1591.87
 
       1       21.190160
       2       20.653995
       3       23.501659
       4       22.631974
       5       25.161718
       6       26.280405
       7       26.287899
       8       24.832327
       9       22.243150
      10       21.669190
      11       19.701687
      12       20.591837
      13   274.75
 
       1       6.0470123
       2       6.0065203
       3       5.9435756
       4       5.8746034
       5       6.0353937
       6       6.3702154
       7       6.7935614
       8       6.9412971
       9       6.1025435
      10       5.7893825
      11       5.4958608
      12       5.6864592
      13     6.09
 
       1 0.0
       2 0.0
       3 0.0
       4 0.0
       5 0.0
       6 0.0
       7 0.0
       8 0.0
       9 0.0
      10 0.0
      11 0.0
      12 0.0
      13 0.0
 
       1     0.024808279
       2     0.025182749
       3     0.024567885
       4     0.024689703
       5     0.024949086
       6     0.026012749
       7     0.027573954
       8     0.029183175
       9     0.025808587
      10     0.024254348
      11     0.023091834
      12     0.023578566
      13   0.0253
 
       1       1.0000000
       2       1.0000000
       3       1.0000000
       4       1.0000000
       5       1.0000000
       6       1.0000000
       7       1.0000000
       8       1.0000000
       9       1.0000000
      10       1.0000000
      11       1.0000000
      12       1.0000000
      13   1.0000
 
       1       0.0000000
       2       0.0000000
       3       0.0000000
       4       0.0000000
       5       0.0000000
       6       0.0000000
       7       0.0000000
       8       0.0000000
       9       0.0000000
      10       0.0000000
      11       0.0000000
      12       0.0000000
      13   0.0000
 
       1      0.72932648
       2      0.70438960
       3      0.69557964
       4      0.64396928
       5      0.65899385
       6      0.63599558
       7      0.67214512
       8      0.69762476
       9      0.71593102
      10      0.72138158
      11      0.72605742
      12      0.73411377
      13   0.6946
 
