       1       72.012176
       2       129.54312
       3       165.84532
       4       169.12550
       5       134.13182
       6       109.67091
       7       118.23716
       8       111.16782
       9       108.42077
      10       100.59556
      11       59.533696
      12       116.29050
      13  1394.57
 
       1       49.491516
       2       81.803265
       3       109.03354
       4       107.31876
       5       83.323323
       6       68.078255
       7       66.938216
       8       65.343168
       9       68.101474
      10       67.213839
      11       42.463782
      12       80.266410
      13   889.38
 
       1       5.8713106
       2       9.7144289
       3       12.838214
       4       13.041169
       5       8.9324652
       6       7.2800375
       7       6.2131550
       8       6.4933899
       9       7.5204577
      10       7.9392854
      11       5.4013683
      12       9.8389520
      13   101.08
 
       1       7.4423501
       2       9.9924641
       3       14.082786
       4       18.789595
       5       11.843415
       6       13.103979
       7       13.544613
       8       12.611389
       9       10.029556
      10       8.3862358
      11       6.1773382
      12       10.833550
      13   136.84
 
       1       7.1597783
       2       10.536263
       3       15.968957
       4       22.012392
       5       16.382997
       6       14.427307
       7       17.956612
       8       20.413532
       9       21.927744
      10       18.884333
      11       9.3838293
      12       9.2422987
      13   184.30
 
       1       5.6478296
       2       10.897873
       3       16.748525
       4       22.169037
       5       18.905364
       6       16.406473
       7       14.388012
       8       14.272113
       9       13.692050
      10       11.517479
      11       6.7971294
      12       8.7275533
      13    13.35
 
       1 0.0
       2 0.0
       3 0.0
       4 0.0
       5 0.0
       6 0.0
       7 0.0
       8 0.0
       9 0.0
      10 0.0
      11 0.0
      12 0.0
      13 0.0
 
       1     0.071891085
       2      0.13910022
       3      0.21687759
       4      0.28753676
       5      0.23737295
       6      0.20496721
       7      0.17454449
       8      0.17353483
       9      0.16779917
      10      0.14345853
      11     0.085862153
      12      0.11372922
      13   0.1681
 
       1      0.92633044
       2      0.92464561
       3      0.92576815
       4      0.92579105
       5      0.92475273
       6      0.92519931
       7      0.92495552
       8      0.92555845
       9      0.92555717
      10      0.92615055
      11      0.92680231
      12      0.92702812
      13   0.9257
 
       1    0.0056603015
       2     0.010846573
       3     0.016702237
       4     0.022091166
       5     0.018675482
       6     0.016161394
       7     0.013972617
       8     0.013888607
       9     0.013385646
      10     0.011365034
      11    0.0067879057
      12    0.0087605181
      13   0.0132
 
       1      0.59820339
       2      0.69172873
       3      0.78268781
       4      0.86467591
       5      0.83231896
       6      0.81046301
       7      0.80999631
       8      0.79026161
       9      0.79431212
      10      0.74235475
      11      0.68247375
      12      0.71673947
      13   0.7597
 
