       1       71.103746
       2       47.827504
       3       43.116732
       4       35.261013
       5       24.666359
       6       19.876337
       7       19.190452
       8       13.465717
       9       11.171326
      10       31.042409
      11       55.878522
      12       74.088603
      13   446.69
 
       1       37.451519
       2       26.318824
       3       24.933465
       4       22.444717
       5       16.649992
       6       13.080404
       7       13.343446
       8       8.9889394
       9       7.0784155
      10       17.092406
      11       29.251696
      12       37.365622
      13   254.00
 
       1       6.0030049
       2       4.1542113
       3       3.5660175
       4       2.5720230
       5       1.6162038
       6       1.1099288
       7      0.94349766
       8      0.75483960
       9      0.74659221
      10       2.2934999
      11       4.7127274
      12       6.6726908
      13    35.15
 
       1       22.321640
       2       14.861734
       3       12.632798
       4       8.9998910
       5       6.3908722
       6       6.1984981
       7       5.8908692
       8       3.9729546
       9       2.7875659
      10       9.2449671
      11       19.128262
      12       23.596037
      13   136.03
 
       1       3.6146672
       2       2.3771794
       3       2.3325906
       4       1.5597000
       5       1.4120616
       6       1.5126526
       7       1.4322389
       8       1.1608531
       9      0.68874193
      10       1.7787433
      11       2.8249469
      12       3.7206349
      13    24.42
 
       1      0.97681000
       2      0.76862966
       3      0.59116153
       4      0.42933186
       5      0.28703221
       6      0.23159989
       7      0.18716386
       8      0.13490206
       9      0.13097479
      10      0.35957686
      11      0.77240450
      12       1.0051254
      13     0.49
 
       1 0.0
       2 0.0
       3 0.0
       4 0.0
       5 0.0
       6 0.0
       7 0.0
       8 0.0
       9 0.0
      10 0.0
      11 0.0
      12 0.0
      13 0.0
 
       1     0.025860514
       2     0.020825133
       3     0.016363049
       4     0.012231493
       5    0.0083054993
       6    0.0063937600
       7    0.0054168065
       8    0.0039917710
       9    0.0037562286
      10    0.0095338864
      11     0.019773128
      12     0.025491613
      13   0.0132
 
       1       1.0000000
       2       1.0000000
       3       1.0000000
       4       1.0000000
       5       1.0000000
       6       1.0000000
       7       1.0000000
       8       1.0000000
       9       1.0000000
      10       1.0000000
      11       1.0000000
      12       1.0000000
      13   1.0000
 
       1       0.0000000
       2       0.0000000
       3       0.0000000
       4       0.0000000
       5       0.0000000
       6       0.0000000
       7       0.0000000
       8       0.0000000
       9       0.0000000
      10       0.0000000
      11       0.0000000
      12       0.0000000
      13   0.0000
 
       1      0.70315101
       2      0.68141751
       3      0.57627141
       4      0.46030833
       5      0.40862139
       6      0.34992019
       7      0.42414716
       8      0.54265090
       9      0.52325441
      10      0.57589312
      11      0.63838009
      12      0.66460627
      13   0.5457
 
