       1       8.8674226
       2       11.332114
       3       19.748183
       4       24.656746
       5       37.044845
       6       51.779348
       7       46.884075
       8       27.843247
       9       16.537725
      10       12.533928
      11       8.3349901
      12       6.7869020
      13   272.35
 
       1       6.5153583
       2       7.1663281
       3       14.169274
       4       16.176880
       5       20.025266
       6       26.212039
       7       25.252670
       8       16.111248
       9       9.7363265
      10       7.7482397
      11       5.9404179
      12       5.0380922
      13   160.09
 
       1      0.88017102
       2      0.94571968
       3       2.7156849
       4       3.7358012
       5       2.9733291
       6       3.0900857
       7       3.3698159
       8       2.3082367
       9       1.3971014
      10       1.0310291
      11      0.83783871
      12      0.62092948
      13    23.91
 
       1      0.82843228
       2       1.2077337
       3       5.5027529
       4       5.9313977
       5       7.3431200
       6       13.101108
       7       18.255766
       8       6.7681458
       9       2.8979199
      10      0.99603281
      11      0.73133567
      12      0.54080511
      13    64.10
 
       1      0.18638848
       2      0.40343632
       3       2.8421914
       4       3.6641378
       5       4.8654964
       6       6.4873843
       7       7.6247049
       8       4.6284580
       9       2.0196463
      10      0.38023199
      11      0.14263319
      12      0.11591440
      13    33.36
 
       1      0.76052050
       2       1.3000723
       3       3.7677044
       4       5.5610668
       5       3.8857734
       6       4.1978024
       7       3.9531618
       8       2.5811601
       9       1.5952423
      10      0.99201943
      11      0.78352241
      12      0.43869206
      13     2.48
 
       1 0.0
       2 0.0
       3 0.0
       4 0.0
       5 0.0
       6 0.0
       7 0.0
       8 0.0
       9 0.0
      10 0.0
      11 0.0
      12 0.0
      13 0.0
 
       1     0.021815937
       2     0.034971785
       3      0.10409205
       4      0.15834708
       5      0.10253087
       6      0.10341947
       7     0.095136300
       8     0.062598785
       9     0.039455758
      10     0.025647106
      11     0.021758651
      12     0.012307062
      13   0.0652
 
       1      0.88390808
       2      0.87931762
       3      0.87996816
       4      0.88196516
       5      0.88001353
       6      0.87734969
       7      0.87682098
       8      0.87806799
       9      0.87627376
      10      0.87966191
      11      0.88109122
      12      0.88358617
      13   0.8798
 
       1    0.0026292539
       2    0.0043461304
       3     0.012697643
       4     0.018981898
       5     0.012677744
       6     0.013115507
       7     0.012225560
       8    0.0080824400
       9    0.0050679024
      10    0.0032418719
      11    0.0026795786
      12    0.0015084130
      13   0.0081
 
       1      0.91647238
       2      0.89390919
       3      0.97272914
       4      0.98291924
       5      0.98699573
       6      0.98297583
       7      0.97748464
       8      0.96901910
       9      0.97507479
      10      0.94252035
      11      0.91024907
      12      0.86352833
      13   0.9478
 
