       1       114.13843
       2       149.48444
       3       132.91038
       4       128.99368
       5       136.94975
       6       131.20771
       7       121.00290
       8       122.53165
       9       86.443405
      10       100.19932
      11       137.53889
      12       144.42214
      13  1505.82
 
       1       79.482781
       2       98.662952
       3       84.213061
       4       80.988866
       5       84.797886
       6       77.810963
       7       69.340778
       8       71.046435
       9       55.432641
      10       66.676617
      11       94.498662
      12       100.02520
      13   962.98
 
       1       10.711611
       2       11.372488
       3       8.6436380
       4       8.1802089
       5       8.6887452
       6       6.5870074
       7       6.4227758
       8       6.6421174
       9       6.2676176
      10       7.3291753
      11       10.782375
      12       12.681853
      13   104.31
 
       1       11.120510
       2       11.837997
       3       10.505510
       4       10.277961
       5       13.072457
       6       11.208118
       7       15.033318
       8       12.396364
       9       8.7943185
      10       6.9507032
      11       12.189318
      12       17.842923
      13   141.23
 
       1       13.294657
       2       11.178598
       3       10.977893
       4       12.915472
       5       18.991633
       6       15.520779
       7       18.473286
       8       22.004013
       9       19.531363
      10       16.731111
      11       15.815089
      12       17.345227
      13   192.78
 
       1       8.4108994
       2       13.386572
       3       12.604788
       4       16.697994
       5       19.461049
       6       19.904949
       7       16.464252
       8       16.694508
       9       12.010949
      10       10.972040
      11       12.265944
      12       10.217485
      13    14.09
 
       1 0.0
       2 0.0
       3 0.0
       4 0.0
       5 0.0
       6 0.0
       7 0.0
       8 0.0
       9 0.0
      10 0.0
      11 0.0
      12 0.0
      13 0.0
 
       1     0.091295416
       2      0.14490368
       3      0.13055383
       4      0.17399652
       5      0.20282128
       6      0.20590973
       7      0.16628864
       8      0.16930063
       9      0.12120100
      10      0.11252765
      11      0.13220548
      12      0.10998818
      13   0.1467
 
       1      0.83169555
       2      0.83332879
       3      0.83082201
       4      0.83153581
       5      0.83077622
       6      0.82954010
       7      0.83060816
       8      0.83170269
       9      0.83030771
      10      0.83140204
      11      0.83582350
      12      0.83121438
      13   0.8316
 
       1     0.015864950
       2     0.025033943
       3     0.023216653
       4     0.030856324
       5     0.035981983
       6     0.036631681
       7     0.029942775
       8     0.030466066
       9     0.021955988
      10     0.020224938
      11     0.023023882
      12     0.019145153
      13   0.0260
 
       1      0.67592540
       2      0.74169009
       3      0.71692435
       4      0.78976294
       5      0.82186577
       6      0.84326599
       7      0.81710018
       8      0.81411865
       9      0.78421846
      10      0.70863970
      11      0.70350854
      12      0.70465093
      13   0.7601
 
