       1       8.4065496
       2       13.665601
       3       14.561711
       4       26.076232
       5       44.436115
       6       40.470958
       7       40.902339
       8       24.139408
       9       21.232367
      10       11.568334
      11       5.6866978
      12       9.1739271
      13   260.32
 
       1       5.9013000
       2       9.2303471
       3       10.382437
       4       16.549828
       5       23.277575
       6       21.698811
       7       21.286087
       8       13.968110
       9       12.143071
      10       7.5173689
      11       4.5968105
      12       6.4319342
      13   152.98
 
       1      0.73693367
       2       1.3713656
       3       2.1303592
       4       3.4064931
       5       3.7182247
       6       2.8900504
       7       2.8845894
       8       2.0807382
       9       1.5046157
      10       1.0888992
      11      0.78118523
      12      0.83897303
      13    23.43
 
       1      0.54518535
       2       1.8711306
       3       3.3171678
       4       5.6470335
       5       8.3528880
       6       8.9940831
       7       12.870397
       8       7.0152856
       9       3.1806008
      10       1.2125724
      11       1.0706480
      12       1.1724470
      13    55.25
 
       1     0.098398617
       2      0.70645057
       3       2.2847138
       4       4.5058857
       5       3.9010438
       6       5.6746158
       7       6.4298529
       8       4.4734399
       9       2.6527976
      10      0.39467460
      11      0.23284378
      12      0.16259626
      13    31.52
 
       1      0.55708779
       2       1.6467536
       3       3.1793635
       4       5.1347689
       5       4.4238480
       6       3.8261659
       7       3.3437611
       8       2.2233163
       9       1.6989191
      10       1.2899438
      11      0.88268448
      12      0.76836378
      13     2.41
 
       1 0.0
       2 0.0
       3 0.0
       4 0.0
       5 0.0
       6 0.0
       7 0.0
       8 0.0
       9 0.0
      10 0.0
      11 0.0
      12 0.0
      13 0.0
 
       1     0.012090113
       2     0.035674177
       3     0.069542680
       4      0.11013936
       5     0.093055722
       6     0.076015858
       7     0.063426934
       8     0.042160436
       9     0.032809791
      10     0.027475981
      11     0.020013438
      12     0.017324853
      13   0.0500
 
       1      0.87020834
       2      0.87182780
       3      0.86997221
       4      0.86884512
       5      0.87016877
       6      0.86912431
       7      0.86514372
       8      0.86525769
       9      0.86600252
      10      0.87126704
      11      0.87399989
      12      0.87444026
      13   0.8697
 
       1    0.0016185647
       2    0.0047419553
       3    0.0092007151
       4     0.014672535
       5     0.012402529
       6     0.010479484
       7    0.0089685342
       8    0.0060195353
       9    0.0046482282
      10    0.0036967513
      11    0.0026105178
      12    0.0022588991
      13   0.0068
 
       1      0.88841508
       2      0.89328914
       3      0.95351190
       4      0.97384078
       5      0.98418167
       6      0.97739125
       7      0.97181537
       8      0.96125337
       9      0.95864327
      10      0.96032152
      11      0.94714719
      12      0.91912469
      13   0.9491
 
