       1       112.69551
       2       175.17505
       3       201.84028
       4       199.29206
       5       269.82731
       6       227.30757
       7       240.24397
       8       194.11446
       9       152.49544
      10       111.43248
      11       126.49616
      12       240.19251
      13  2251.11
 
       1       77.328055
       2       115.26519
       3       130.60233
       4       126.78495
       5       161.68669
       6       134.79695
       7       133.19311
       8       113.10189
       9       97.038509
      10       73.791974
      11       84.914106
      12       161.34159
      13  1409.85
 
       1       10.338275
       2       15.350391
       3       16.817393
       4       16.974258
       5       18.557373
       6       15.975672
       7       14.723959
       8       13.145998
       9       11.913788
      10       9.5562132
      11       10.646910
      12       19.816866
      13   173.82
 
       1       14.913697
       2       19.720636
       3       24.477816
       4       28.564220
       5       38.143941
       6       44.461556
       7       44.223039
       8       34.643999
       9       20.418496
      10       12.589374
      11       15.883188
      12       27.913174
      13   325.95
 
       1       10.678257
       2       16.523329
       3       19.178646
       4       24.169643
       5       41.082923
       6       47.389996
       7       45.382731
       8       41.124332
       9       32.083049
      10       17.268555
      11       15.417437
      12       26.991227
      13   337.29
 
       1       10.242901
       2       18.959126
       3       24.708808
       4       31.259004
       5       39.565814
       6       35.227766
       7       29.366665
       8       25.073226
       9       21.471282
      10       13.363444
      11       12.894257
      12       17.680493
      13    23.32
 
       1 0.0
       2 0.0
       3 0.0
       4 0.0
       5 0.0
       6 0.0
       7 0.0
       8 0.0
       9 0.0
      10 0.0
      11 0.0
      12 0.0
      13 0.0
 
       1     0.012621418
       2     0.023967507
       3     0.030881152
       4     0.038984414
       5     0.048717345
       6     0.042818418
       7     0.034330338
       8     0.029393714
       9     0.025672779
      10     0.016060651
      11     0.015698928
      12     0.022261400
      13   0.0285
 
       1      0.89665915
       2      0.89678739
       3      0.89687735
       4      0.89675703
       5      0.89518944
       6      0.89695694
       7      0.89780843
       8      0.89738809
       9      0.89535279
      10      0.89648447
      11      0.89763110
      12      0.89823279
      13   0.8968
 
       1    0.0014653828
       2    0.0027225579
       3    0.0035364741
       4    0.0044678883
       5    0.0056093515
       6    0.0049635971
       7    0.0040664579
       8    0.0034820050
       9    0.0030156370
      10    0.0018920354
      11    0.0018329217
      12    0.0025285638
      13   0.0033
 
       1      0.29011711
       2      0.31956013
       3      0.33235391
       4      0.36750463
       5      0.40775928
       6      0.40596132
       7      0.34470251
       8      0.32460571
       9      0.31730299
      10      0.29905500
      11      0.29280953
      12      0.30452451
      13   0.3339
 
