       1       202.08158
       2       191.89833
       3       203.43162
       4       170.44004
       5       260.57212
       6       215.97807
       7       229.91692
       8       198.31140
       9       133.79530
      10       112.93279
      11       124.47863
      12       129.71939
      13  2173.56
 
       1       139.10022
       2       125.33225
       3       136.71095
       4       107.48256
       5       159.45274
       6       129.48822
       7       130.79212
       8       114.56939
       9       85.880840
      10       75.621094
      11       82.321682
      12       90.820703
      13  1377.57
 
       1       18.759577
       2       14.809316
       3       18.709088
       4       13.463912
       5       17.140011
       6       15.756178
       7       14.172274
       8       12.746274
       9       10.743177
      10       10.068460
      11       9.6400755
      12       12.164724
      13   168.17
 
       1       24.655104
       2       20.194932
       3       28.927367
       4       22.088086
       5       31.366210
       6       43.358278
       7       42.021735
       8       33.108358
       9       18.990216
      10       13.391228
      11       14.475729
      12       17.651417
      13   310.23
 
       1       21.878736
       2       17.168333
       3       24.027808
       4       20.426846
       5       33.305703
       6       48.274512
       7       44.249953
       8       38.974429
       9       28.320935
      10       19.891202
      11       13.052957
      12       16.244211
      13   325.82
 
       1       15.840863
       2       18.470087
       3       26.323310
       4       24.782109
       5       39.784875
       6       37.682139
       7       30.159498
       8       24.856688
       9       19.443243
      10       14.915782
      11       12.201948
      12       11.268560
      13    22.98
 
       1 0.0
       2 0.0
       3 0.0
       4 0.0
       5 0.0
       6 0.0
       7 0.0
       8 0.0
       9 0.0
      10 0.0
      11 0.0
      12 0.0
      13 0.0
 
       1     0.015754854
       2     0.018183476
       3     0.026591556
       4     0.023869103
       5     0.038650638
       6     0.036999675
       7     0.028243272
       8     0.023059805
       9     0.018273657
      10     0.014067243
      11     0.011579068
      12     0.010940999
      13   0.0222
 
       1      0.84586902
       2      0.84404174
       3      0.84456166
       4      0.84251095
       5      0.83914986
       6      0.84401950
       7      0.84616772
       8      0.84412001
       9      0.84296548
      10      0.84237580
      11      0.84342212
      12      0.84417005
      13   0.8436
 
       1    0.0027093465
       2    0.0031497810
       3    0.0045310277
       4    0.0041948354
       5    0.0067302006
       6    0.0063984429
       7    0.0050086579
       8    0.0041167335
       9    0.0032510438
      10    0.0025095076
      11    0.0020603304
      12    0.0019168396
      13   0.0039
 
       1      0.25893065
       2      0.27921796
       3      0.31718759
       4      0.34502321
       5      0.37576732
       6      0.38390090
       7      0.34494225
       8      0.31602340
       9      0.31725179
      10      0.28419911
      11      0.27401840
      12      0.25112063
      13   0.3123
 
