       1       66.689465
       2       47.725512
       3       45.350138
       4       43.908939
       5       28.027804
       6       16.741320
       7       15.055022
       8       9.8038773
       9       12.101515
      10       26.242427
      11       64.752091
      12       67.210385
      13   443.61
 
       1       34.727418
       2       26.362359
       3       26.025172
       4       25.961594
       5       18.387247
       6       11.598116
       7       10.096068
       8       6.5191154
       9       8.2006959
      10       15.337004
      11       33.673982
      12       34.207213
      13   251.10
 
       1       6.1192420
       2       4.1048029
       3       3.9149055
       4       3.3703359
       5       1.8593766
       6      0.96154359
       7      0.79242168
       8      0.56157561
       9      0.74195505
      10       1.9000389
      11       5.2465056
      12       6.0601813
      13    35.63
 
       1       21.579145
       2       15.333231
       3       13.636857
       4       11.649135
       5       7.7000245
       6       5.1247467
       7       4.5930069
       8       2.8683777
       9       2.8781382
      10       7.9130240
      11       21.365846
      12       21.755997
      13   136.40
 
       1       4.1010539
       2       2.6094318
       3       2.1137749
       4       1.8181829
       5       1.4639340
       6       1.1976934
       7       1.2346334
       8      0.90879969
       9      0.70624680
      10       1.4890963
      11       3.5728300
      12       3.5537242
      13    24.77
 
       1      0.94937153
       2      0.73618259
       3      0.63093544
       4      0.53659237
       5      0.32265437
       6      0.19630731
       7      0.14810364
       8      0.10320146
       9      0.12713429
      10      0.30517508
      11      0.83151415
      12      0.93736217
      13     0.49
 
       1 0.0
       2 0.0
       3 0.0
       4 0.0
       5 0.0
       6 0.0
       7 0.0
       8 0.0
       9 0.0
      10 0.0
      11 0.0
      12 0.0
      13 0.0
 
       1     0.024677952
       2     0.020481385
       3     0.017146004
       4     0.014905867
       5    0.0093063554
       6    0.0056319033
       7    0.0043402240
       8    0.0030246334
       9    0.0038387445
      10    0.0081461016
      11     0.021258370
      12     0.024209660
      13   0.0131
 
       1       1.0000000
       2       1.0000000
       3       1.0000000
       4       1.0000000
       5       1.0000000
       6       1.0000000
       7       1.0000000
       8       1.0000000
       9       1.0000000
      10       1.0000000
      11       1.0000000
      12       1.0000000
      13   1.0000
 
       1       0.0000000
       2       0.0000000
       3       0.0000000
       4       0.0000000
       5       0.0000000
       6       0.0000000
       7       0.0000000
       8       0.0000000
       9       0.0000000
      10       0.0000000
      11       0.0000000
      12       0.0000000
      13   0.0000
 
       1      0.70401511
       2      0.67011561
       3      0.52394381
       4      0.45241975
       5      0.41746579
       6      0.32888677
       7      0.41705593
       8      0.47969880
       9      0.50397004
      10      0.55922784
      11      0.58044893
      12      0.66399909
      13   0.5251
 
