       1       73.081706
       2       55.204086
       3       39.591700
       4       35.108067
       5       22.280798
       6       14.935999
       7       19.288800
       8       13.418621
       9       11.633419
      10       22.865753
      11       47.981183
      12       76.585850
      13   431.98
 
       1       37.978937
       2       30.931213
       3       23.222514
       4       22.900520
       5       14.273789
       6       9.6598011
       7       12.211438
       8       9.3331099
       9       7.4514093
      10       13.643079
      11       25.244946
      12       37.983471
      13   244.83
 
       1       6.4287547
       2       4.5022954
       3       3.2307029
       4       2.5520565
       5       1.4690452
       6      0.91537772
       7       1.0799160
       8      0.69196635
       9      0.72928229
      10       1.6671787
      11       3.9455127
      12       6.6695860
      13    33.88
 
       1       24.046801
       2       19.122143
       3       11.601103
       4       10.141685
       5       6.2888379
       6       4.9451076
       7       6.9436899
       8       3.9956360
       9       3.0719909
      10       6.3965084
      11       15.262141
      12       23.508203
      13   135.32
 
       1       4.1048109
       2       2.6604512
       3       1.8317009
       4       1.6808316
       5       1.4674410
       6       1.3426292
       7       1.6413949
       8       1.0618508
       9      0.81314183
      10       1.3822563
      11       2.7656694
      12       4.0505241
      13    24.80
 
       1       1.0102002
       2      0.82816818
       3      0.52789189
       4      0.45878846
       5      0.27313320
       6      0.19868364
       7      0.20913734
       8      0.13843026
       9      0.13309389
      10      0.26048900
      11      0.60126021
      12      0.94422574
      13     0.47
 
       1 0.0
       2 0.0
       3 0.0
       4 0.0
       5 0.0
       6 0.0
       7 0.0
       8 0.0
       9 0.0
      10 0.0
      11 0.0
      12 0.0
      13 0.0
 
       1     0.026318792
       2     0.022150537
       3     0.014427594
       4     0.012855802
       5    0.0074078831
       6    0.0053375882
       7    0.0057261667
       8    0.0040749750
       9    0.0037430620
      10    0.0072244141
      11     0.015591634
      12     0.023836597
      13   0.0124
 
       1       1.0000000
       2       1.0000000
       3       1.0000000
       4       1.0000000
       5       1.0000000
       6       1.0000000
       7       1.0000000
       8       1.0000000
       9       1.0000000
      10       1.0000000
      11       1.0000000
      12       1.0000000
      13   1.0000
 
       1       0.0000000
       2       0.0000000
       3       0.0000000
       4       0.0000000
       5       0.0000000
       6       0.0000000
       7       0.0000000
       8       0.0000000
       9       0.0000000
      10       0.0000000
      11       0.0000000
      12       0.0000000
      13   0.0000
 
       1      0.73227823
       2      0.73123900
       3      0.51251150
       4      0.49498960
       5      0.43268193
       6      0.35421884
       7      0.47497970
       8      0.51068198
       9      0.51138426
      10      0.57669095
      11      0.59155312
      12      0.68888276
      13   0.5510
 
