       1       15.705579
       2       10.615650
       3       14.051151
       4       25.687447
       5       34.151315
       6       44.445866
       7       42.960179
       8       26.442008
       9       19.973116
      10       14.860986
      11       7.3800223
      12       9.4505904
      13   265.72
 
       1       9.9810873
       2       7.6455685
       3       9.0791974
       4       14.692513
       5       17.947344
       6       23.347270
       7       22.652966
       8       14.820504
       9       11.545519
      10       9.2826833
      11       5.5594776
      12       6.5863463
      13   153.14
 
       1       1.3968954
       2       1.2393050
       3       1.8028344
       4       2.4959365
       5       2.7672775
       6       3.0319488
       7       2.9415639
       8       2.1031828
       9       1.4978664
      10       1.2189632
      11      0.86074066
      12      0.90075268
      13    22.26
 
       1       1.0924888
       2       1.0673357
       3       2.6436534
       4       3.6120382
       5       4.0703116
       6       11.355753
       7       14.184426
       8       6.2175546
       9       3.3560340
      10       1.1791471
      11      0.96837078
      12       1.6445647
      13    51.39
 
       1      0.46634040
       2      0.58949257
       3      0.96587686
       4       2.5377563
       5       2.8991307
       6       5.9668286
       7       6.1062427
       8       3.7065892
       9       1.8446260
      10      0.49517296
      11      0.17475802
      12      0.68959990
      13    26.44
 
       1       1.0035682
       2       1.7440547
       3       2.1788468
       4       3.0988595
       5       3.3879780
       6       4.2026031
       7       3.6319711
       8       2.3942892
       9       1.8654561
      10       1.2801624
      11      0.81138879
      12      0.84967606
      13     2.20
 
       1 0.0
       2 0.0
       3 0.0
       4 0.0
       5 0.0
       6 0.0
       7 0.0
       8 0.0
       9 0.0
      10 0.0
      11 0.0
      12 0.0
      13 0.0
 
       1     0.022134315
       2     0.038868063
       3     0.045803601
       4     0.063536284
       5     0.068122534
       6     0.082635451
       7     0.069372132
       8     0.045693671
       9     0.035832488
      10     0.026359732
      11     0.017607003
      12     0.018322149
      13   0.0445
 
       1      0.87336987
       2      0.87205660
       3      0.86668435
       4      0.86668443
       5      0.86617289
       6      0.86518023
       7      0.86375861
       8      0.86339885
       9      0.86356652
      10      0.86847877
      11      0.87185569
      12      0.87301903
      13   0.8679
 
       1    0.0029076878
       2    0.0050854714
       3    0.0062144452
       4    0.0086767200
       5    0.0093848711
       6     0.011455920
       7    0.0097645309
       8    0.0064828277
       9    0.0050967152
      10    0.0036191553
      11    0.0023530313
      12    0.0024483831
      13   0.0061
 
       1      0.88985490
       2      0.93303479
       3      0.94906630
       4      0.96679280
       5      0.98040345
       6      0.98295623
       7      0.97662582
       8      0.97098864
       9      0.97668578
      10      0.95316203
      11      0.94125028
      12      0.83985396
      13   0.9467
 
