       1       113.64776
       2       156.36909
       3       205.39491
       4       148.86693
       5       164.30359
       6       124.12902
       7       122.97447
       8       119.68010
       9       119.48244
      10       78.482686
      11       113.26622
      12       89.661033
      13  1556.26
 
       1       79.509324
       2       102.40402
       3       133.92400
       4       95.034350
       5       96.573035
       6       78.608722
       7       69.412851
       8       68.420710
       9       76.190054
      10       53.107012
      11       75.965355
      12       63.039832
      13   992.19
 
       1       10.841742
       2       12.693840
       3       17.220158
       4       12.105556
       5       8.7459792
       6       9.0191933
       7       6.4868352
       8       6.9105514
       9       9.2990545
      10       6.9272530
      11       9.1602419
      12       8.0853525
      13   117.50
 
       1       13.949636
       2       15.242071
       3       18.027297
       4       15.785244
       5       10.894952
       6       18.413106
       7       15.926527
       8       14.066951
       9       12.349537
      10       7.3985188
      11       11.068618
      12       9.6974549
      13   162.82
 
       1       9.6877848
       2       15.791336
       3       16.976593
       4       17.527874
       5       13.782651
       6       20.235548
       7       19.065357
       8       23.162433
       9       26.008492
      10       15.572840
      11       13.899852
      12       9.2029784
      13   200.91
 
       1       8.8700228
       2       13.447705
       3       20.347920
       4       17.045256
       5       19.659965
       6       22.907565
       7       15.584032
       8       13.876245
       9       16.785156
      10       9.3900922
      11       9.3658662
      12       6.8326856
      13    14.51
 
       1 0.0
       2 0.0
       3 0.0
       4 0.0
       5 0.0
       6 0.0
       7 0.0
       8 0.0
       9 0.0
      10 0.0
      11 0.0
      12 0.0
      13 0.0
 
       1     0.093235110
       2      0.14228051
       3      0.21622013
       4      0.17398311
       5      0.19661767
       6      0.23552265
       7      0.15081675
       8      0.13523928
       9      0.16656274
      10     0.092651545
      11     0.094355435
      12     0.070077407
      13   0.1473
 
       1      0.93193744
       2      0.93258889
       3      0.93357487
       4      0.93158634
       5      0.93209361
       6      0.93210613
       7      0.93150415
       8      0.93314834
       9      0.93205087
      10      0.93303630
      11      0.93214181
      12      0.93141986
      13   0.9323
 
       1    0.0065384351
       2    0.0098789124
       3     0.014947200
       4     0.012413952
       5     0.014241822
       6     0.016718307
       7     0.011174167
       8    0.0099860098
       9     0.012149574
      10    0.0068315741
      11    0.0068277395
      12    0.0050209338
      13   0.0106
 
       1      0.66448658
       2      0.73584152
       3      0.85126771
       4      0.82527236
       5      0.75530878
       6      0.89191729
       7      0.81237521
       8      0.75681590
       9      0.81190005
      10      0.71409455
      11      0.69526327
      12      0.65792575
      13   0.7644
 
