       1       145.17896
       2       200.24304
       3       175.69154
       4       217.42122
       5       234.39421
       6       255.14975
       7       245.50239
       8       191.13867
       9       134.47580
      10       130.59120
      11       128.92636
      12       142.93846
      13  2201.65
 
       1       99.029119
       2       132.03034
       3       112.68122
       4       131.52454
       5       147.26692
       6       144.60301
       7       137.36434
       8       111.00982
       9       84.335315
      10       86.029871
      11       85.632714
      12       99.418411
      13  1370.93
 
       1       13.444109
       2       17.835997
       3       14.857887
       4       15.834594
       5       18.460043
       6       15.927123
       7       15.530293
       8       12.908204
       9       10.675089
      10       11.161565
      11       10.864121
      12       13.525489
      13   171.02
 
       1       17.776844
       2       22.263791
       3       24.227484
       4       24.749165
       5       40.938716
       6       47.727879
       7       50.556663
       8       36.490629
       9       18.356804
      10       17.188239
      11       16.391552
      12       17.434302
      13   334.10
 
       1       12.454046
       2       18.597208
       3       20.724983
       4       21.773697
       5       41.120662
       6       44.269333
       7       51.045156
       8       39.536123
       9       26.518317
      10       19.693254
      11       15.335308
      12       16.033368
      13   327.10
 
       1       12.284888
       2       19.576980
       3       19.766282
       4       29.029267
       5       41.720147
       6       37.445277
       7       32.477491
       8       24.838388
       9       17.920631
      10       15.892162
      11       12.812853
      12       11.971890
      13    22.98
 
       1 0.0
       2 0.0
       3 0.0
       4 0.0
       5 0.0
       6 0.0
       7 0.0
       8 0.0
       9 0.0
      10 0.0
      11 0.0
      12 0.0
      13 0.0
 
       1     0.011883244
       2     0.019109304
       3     0.018965503
       4     0.027619571
       5     0.041162081
       6     0.035716271
       7     0.030216266
       8     0.022872344
       9     0.016482038
      10     0.014927774
      11     0.012182133
      12     0.011679845
      13   0.0219
 
       1      0.88492159
       2      0.88263948
       3      0.88118172
       4      0.88051435
       5      0.88205733
       6      0.88198822
       7      0.88524742
       8      0.88573505
       9      0.88351293
      10      0.88301594
      11      0.88606945
      12      0.88723296
      13   0.8837
 
       1    0.0015743520
       2    0.0025062021
       3    0.0025212816
       4    0.0036920283
       5    0.0053644577
       6    0.0047455417
       7    0.0040691767
       8    0.0031079753
       9    0.0022532498
      10    0.0020181922
      11    0.0016346347
      12    0.0015389536
      13   0.0029
 
       1      0.27182501
       2      0.26272951
       3      0.30106415
       4      0.35001252
       5      0.38594723
       6      0.39115347
       7      0.35598519
       8      0.31254913
       9      0.31133484
      10      0.30503627
      11      0.28179876
      12      0.26188482
      13   0.3159
 
