       1       491.78068
       2       409.63784
       3       513.85876
       4       477.08851
       5       514.48300
       6       532.82573
       7       552.50764
       8       495.46057
       9       463.33907
      10       471.40731
      11       478.85625
      12       466.04846
      13  5867.29
 
       1       295.36244
       2       245.84344
       3       313.30795
       4       295.30700
       5       317.24829
       6       325.59377
       7       336.06607
       8       301.54751
       9       285.85352
      10       291.81845
      11       293.61850
      12       288.03396
      13  3589.60
 
       1       37.471321
       2       32.138317
       3       39.110147
       4       35.860740
       5       37.901939
       6       40.277094
       7       41.466204
       8       38.383354
       9       36.035661
      10       35.799461
      11       35.665844
      12       34.897951
      13   445.01
 
       1       136.29405
       2       111.95918
       3       137.48103
       4       123.39968
       5       134.31207
       6       140.07405
       7       147.51292
       8       131.69429
       9       120.97986
      10       123.87554
      11       128.05622
      12       122.43491
      13  1558.07
 
       1       22.913975
       2       20.485790
       3       23.306829
       4       22.153671
       5       24.913633
       6       26.332994
       7       28.172791
       8       23.199463
       9       21.351010
      10       20.808750
      11       21.435937
      12       19.615498
      13   274.69
 
       1       5.9359128
       2       5.6294284
       3       6.0757858
       4       5.8657158
       5       6.0032755
       6       6.6840315
       7       6.7828367
       8       6.2341301
       9       6.0339344
      10       5.6917788
      11       5.8719579
      12       5.6498995
      13     6.04
 
       1 0.0
       2 0.0
       3 0.0
       4 0.0
       5 0.0
       6 0.0
       7 0.0
       8 0.0
       9 0.0
      10 0.0
      11 0.0
      12 0.0
      13 0.0
 
       1     0.024544278
       2     0.023123148
       3     0.025150623
       4     0.024460508
       5     0.024875070
       6     0.027490783
       7     0.027808882
       8     0.025401782
       9     0.025109293
      10     0.023773179
      11     0.024345822
      12     0.023625084
      13   0.0250
 
       1       1.0000000
       2       1.0000000
       3       1.0000000
       4       1.0000000
       5       1.0000000
       6       1.0000000
       7       1.0000000
       8       1.0000000
       9       1.0000000
      10       1.0000000
      11       1.0000000
      12       1.0000000
      13   1.0000
 
       1       0.0000000
       2       0.0000000
       3       0.0000000
       4       0.0000000
       5       0.0000000
       6       0.0000000
       7       0.0000000
       8       0.0000000
       9       0.0000000
      10       0.0000000
      11       0.0000000
      12       0.0000000
      13   0.0000
 
       1      0.74359520
       2      0.72030236
       3      0.69927851
       4      0.63966157
       5      0.61269953
       6      0.60880735
       7      0.62999224
       8      0.67427443
       9      0.69711344
      10      0.70743306
      11      0.71819893
      12      0.71823386
      13   0.6808
 
