       1       513.78940
       2       442.07496
       3       466.23951
       4       445.23562
       5       510.98012
       6       504.79465
       7       494.80959
       8       485.08436
       9       478.86851
      10       458.78896
      11       460.98305
      12       488.45474
      13  5750.10
 
       1       309.33914
       2       268.54002
       3       284.64866
       4       276.77384
       5       308.76893
       6       307.03709
       7       296.76939
       8       294.18244
       9       300.15334
      10       283.72202
      11       281.86565
      12       298.29100
      13  3510.09
 
       1       39.197458
       2       34.507981
       3       36.025919
       4       33.816495
       5       38.118376
       6       38.097157
       7       38.620390
       8       37.083065
       9       36.799924
      10       34.935253
      11       34.550241
      12       36.923064
      13   438.68
 
       1       141.23314
       2       122.09595
       3       124.70348
       4       112.95989
       5       135.95219
       6       133.97841
       7       132.97106
       8       128.05001
       9       122.23771
      10       120.87929
      11       123.71790
      12       131.41695
      13  1530.20
 
       1       23.580372
       2       18.956852
       3       21.108668
       4       20.987080
       5       26.889186
       6       26.321353
       7       26.769455
       8       24.779706
       9       20.714874
      10       19.566397
      11       20.475674
      12       21.850956
      13   272.00
 
       1       6.3727549
       2       6.1218641
       3       5.7427492
       4       5.3822530
       5       5.9763385
       6       6.2195883
       7       6.2971487
       8       5.9988797
       9       6.0059008
      10       5.6239430
      11       5.6272632
      12       5.8419762
      13     5.93
 
       1 0.0
       2 0.0
       3 0.0
       4 0.0
       5 0.0
       6 0.0
       7 0.0
       8 0.0
       9 0.0
      10 0.0
      11 0.0
      12 0.0
      13 0.0
 
       1     0.026204948
       2     0.025260289
       3     0.023683329
       4     0.022632937
       5     0.024326403
       6     0.025423799
       7     0.025265779
       8     0.024361812
       9     0.025275448
      10     0.023290198
      11     0.023315668
      12     0.024256405
      13   0.0244
 
       1       1.0000000
       2       1.0000000
       3       1.0000000
       4       1.0000000
       5       1.0000000
       6       1.0000000
       7       1.0000000
       8       1.0000000
       9       1.0000000
      10       1.0000000
      11       1.0000000
      12       1.0000000
      13   1.0000
 
       1       0.0000000
       2       0.0000000
       3       0.0000000
       4       0.0000000
       5       0.0000000
       6       0.0000000
       7       0.0000000
       8       0.0000000
       9       0.0000000
      10       0.0000000
      11       0.0000000
      12       0.0000000
      13   0.0000
 
       1      0.73868892
       2      0.71487670
       3      0.67504413
       4      0.65281950
       5      0.64089866
       6      0.63058296
       7      0.66147854
       8      0.68997483
       9      0.68526401
      10      0.71649843
      11      0.71958879
      12      0.73449052
      13   0.6884
 
