       1       469.29417
       2       443.35452
       3       493.00969
       4       487.43841
       5       510.42540
       6       520.42067
       7       564.58775
       8       528.46714
       9       453.60001
      10       478.55287
      11       460.78341
      12       509.54858
      13  5919.48
 
       1       281.37198
       2       269.99189
       3       301.20141
       4       299.42038
       5       315.75079
       6       315.10973
       7       340.77559
       8       325.78642
       9       282.69206
      10       295.71494
      11       281.79495
      12       309.89217
      13  3619.50
 
       1       36.845074
       2       33.922715
       3       37.820408
       4       36.261471
       5       38.196978
       6       38.522096
       7       42.312948
       8       40.676215
       9       34.436564
      10       35.804621
      11       34.855992
      12       38.918026
      13   448.57
 
       1       128.51984
       2       119.07113
       3       132.09589
       4       129.09585
       5       131.86577
       6       139.17821
       7       152.32926
       8       137.46341
       9       116.02821
      10       125.55293
      11       122.82140
      12       137.52834
      13  1571.55
 
       1       21.999165
       2       20.581163
       3       21.166082
       4       23.081160
       5       24.821342
       6       26.567754
       7       29.358671
       8       24.909056
       9       20.614545
      10       21.977785
      11       21.547450
      12       23.060468
      13   279.68
 
       1       5.8771440
       2       5.7749625
       3       5.9588765
       4       5.8401453
       5       6.0892810
       6       6.5195832
       7       6.7383706
       8       6.5919542
       9       5.6384296
      10       5.7001538
      11       5.6843450
      12       6.1076814
      13     6.04
 
       1 0.0
       2 0.0
       3 0.0
       4 0.0
       5 0.0
       6 0.0
       7 0.0
       8 0.0
       9 0.0
      10 0.0
      11 0.0
      12 0.0
      13 0.0
 
       1     0.024179945
       2     0.024042958
       3     0.024793706
       4     0.024296608
       5     0.025369642
       6     0.026494612
       7     0.027526762
       8     0.027438017
       9     0.023526341
      10     0.023785560
      11     0.023467447
      12     0.025136010
      13   0.0250
 
       1       1.0000000
       2       1.0000000
       3       1.0000000
       4       1.0000000
       5       1.0000000
       6       1.0000000
       7       1.0000000
       8       1.0000000
       9       1.0000000
      10       1.0000000
      11       1.0000000
      12       1.0000000
      13   1.0000
 
       1       0.0000000
       2       0.0000000
       3       0.0000000
       4       0.0000000
       5       0.0000000
       6       0.0000000
       7       0.0000000
       8       0.0000000
       9       0.0000000
      10       0.0000000
      11       0.0000000
      12       0.0000000
      13   0.0000
 
       1      0.71699927
       2      0.69720494
       3      0.66465639
       4      0.63049151
       5      0.62442802
       6      0.58555206
       7      0.61554578
       8      0.66004634
       9      0.65053579
      10      0.68799676
      11      0.69909752
      12      0.71677212
      13   0.6624
 
