       1       494.62672
       2       427.21811
       3       499.34488
       4       476.84727
       5       521.23247
       6       509.14179
       7       530.06701
       8       520.46098
       9       480.84937
      10       501.58609
      11       452.37369
      12       461.26173
      13  5875.01
 
       1       300.31109
       2       259.87101
       3       305.03941
       4       291.21016
       5       319.54395
       6       309.66560
       7       322.16482
       8       314.95692
       9       299.16020
      10       309.94360
      11       275.80474
      12       280.80980
      13  3588.48
 
       1       37.641253
       2       32.775694
       3       38.503988
       4       35.926125
       5       38.521443
       6       37.989435
       7       40.381031
       8       39.787851
       9       35.883247
      10       38.207937
      11       34.012309
      12       35.005561
      13   444.64
 
       1       135.87928
       2       115.19776
       3       133.49427
       4       124.67339
       5       136.78883
       6       135.57848
       7       141.57891
       8       139.01356
       9       123.74041
      10       130.49367
      11       122.50496
      12       123.24092
      13  1562.18
 
       1       21.182773
       2       19.141989
       3       22.621264
       4       24.098530
       5       25.964282
       6       25.310710
       7       26.414526
       8       27.582334
       9       21.552851
      10       22.950374
      11       21.111616
      12       20.703883
      13   278.64
 
       1       5.9689453
       2       5.8545884
       3       6.0840442
       4       5.7538086
       5       5.9954756
       6       6.3159847
       7       6.4899850
       8       6.4151279
       9       5.8647593
      10       5.9904088
      11       5.5269212
      12       5.6047796
      13     5.99
 
       1 0.0
       2 0.0
       3 0.0
       4 0.0
       5 0.0
       6 0.0
       7 0.0
       8 0.0
       9 0.0
      10 0.0
      11 0.0
      12 0.0
      13 0.0
 
       1     0.024643930
       2     0.024302848
       3     0.025274297
       4     0.023850413
       5     0.024804306
       6     0.025715554
       7     0.026389562
       8     0.026157752
       9     0.024673978
      10     0.025052046
      11     0.022696633
      12     0.023062554
      13   0.0247
 
       1       1.0000000
       2       1.0000000
       3       1.0000000
       4       1.0000000
       5       1.0000000
       6       1.0000000
       7       1.0000000
       8       1.0000000
       9       1.0000000
      10       1.0000000
      11       1.0000000
      12       1.0000000
      13   1.0000
 
       1       0.0000000
       2       0.0000000
       3       0.0000000
       4       0.0000000
       5       0.0000000
       6       0.0000000
       7       0.0000000
       8       0.0000000
       9       0.0000000
      10       0.0000000
      11       0.0000000
      12       0.0000000
      13   0.0000
 
       1      0.72813066
       2      0.70497093
       3      0.70251710
       4      0.64016158
       5      0.60993986
       6      0.60230116
       7      0.64693375
       8      0.68103948
       9      0.68710136
      10      0.69312331
      11      0.70282017
      12      0.71159793
      13   0.6759
 
