       1       154.22870
       2       157.37354
       3       182.93545
       4       182.12364
       5       226.13520
       6       226.37299
       7       236.20509
       8       179.07493
       9       137.57908
      10       107.33717
      11       146.23202
      12       106.54050
      13  2042.14
 
       1       105.64158
       2       105.66887
       3       118.85893
       4       117.00128
       5       136.94016
       6       131.33453
       7       132.69455
       8       105.30244
       9       85.448091
      10       71.585782
      11       98.449878
      12       73.312330
      13  1282.24
 
       1       14.380155
       2       14.159586
       3       14.947405
       4       14.821351
       5       15.336613
       6       15.034886
       7       14.841926
       8       12.215050
       9       10.163902
      10       9.6744675
      11       12.600162
      12       9.7370454
      13   157.91
 
       1       18.082516
       2       18.869865
       3       22.899306
       4       24.329067
       5       29.217616
       6       45.524688
       7       46.991871
       8       30.337215
       9       17.474229
      10       14.691917
      11       17.887029
      12       13.909308
      13   300.21
 
       1       15.024599
       2       16.827098
       3       19.778002
       4       22.282066
       5       32.300135
       6       39.964797
       7       49.489137
       8       39.120425
       9       24.091694
      10       17.767210
      11       17.155085
      12       12.654056
      13   306.45
 
       1       12.647163
       2       15.916167
       3       20.756166
       4       27.665169
       5       33.193923
       6       34.485784
       7       30.363079
       8       22.489114
       9       17.723945
      10       13.745485
      11       14.343162
      12       9.2720838
      13    21.05
 
       1 0.0
       2 0.0
       3 0.0
       4 0.0
       5 0.0
       6 0.0
       7 0.0
       8 0.0
       9 0.0
      10 0.0
      11 0.0
      12 0.0
      13 0.0
 
       1     0.015335270
       2     0.019385892
       3     0.024955391
       4     0.033556014
       5     0.039778260
       6     0.041377019
       7     0.035457973
       8     0.025920681
       9     0.020299425
      10     0.016258953
      11     0.017269496
      12     0.011083847
      13   0.0251
 
       1      0.86316170
       2      0.86042022
       3      0.86062542
       4      0.86041149
       5      0.85975119
       6      0.85996238
       7      0.86325717
       8      0.86607627
       9      0.86221475
      10      0.86190978
      11      0.86455902
      12      0.86400884
      13   0.8622
 
       1    0.0023428486
       2    0.0029530834
       3    0.0038283054
       4    0.0051203371
       5    0.0061036367
       6    0.0063291598
       7    0.0054805511
       8    0.0040471493
       9    0.0031967559
      10    0.0025256127
      11    0.0026494306
      12    0.0017124458
      13   0.0039
 
       1      0.29178431
       2      0.27718222
       3      0.31532869
       4      0.36687891
       5      0.38826297
       6      0.41899575
       7      0.38443276
       8      0.34243079
       9      0.32043404
      10      0.32350396
      11      0.30485615
      12      0.28268123
      13   0.3347
 
