       1       523.97328
       2       468.48461
       3       465.47785
       4       461.93791
       5       503.99654
       6       482.23223
       7       496.51851
       8       490.82893
       9       443.13612
      10       470.89601
      11       452.12262
      12       462.87352
      13  5722.48
 
       1       314.57455
       2       284.27220
       3       285.86103
       4       284.62036
       5       305.55956
       6       293.71873
       7       303.39847
       8       304.22234
       9       276.63424
      10       285.84167
      11       275.06436
      12       282.15577
      13  3495.92
 
       1       39.861291
       2       35.616538
       3       36.068805
       4       35.238946
       5       37.912201
       6       35.762615
       7       37.461382
       8       37.750002
       9       34.085772
      10       36.003508
      11       34.048788
      12       34.630084
      13   434.44
 
       1       145.43400
       2       127.85986
       3       121.32978
       4       120.96407
       5       134.12194
       6       129.52393
       7       131.06284
       8       127.43913
       9       113.40633
      10       127.16354
      11       121.67387
      12       125.62131
      13  1525.60
 
       1       23.752803
       2       20.381886
       3       21.697958
       4       22.024144
       5       26.844546
       6       22.856795
       7       23.635263
       8       21.335393
       9       19.902809
      10       22.098831
      11       21.017610
      12       20.278100
      13   265.83
 
       1       6.3072187
       2       6.1420597
       3       5.6319764
       4       5.7118258
       5       6.0716655
       6       6.1134292
       7       6.0637635
       8       6.2204694
       9       5.7606106
      10       5.6747578
      11       5.5114191
      12       5.5662866
      13     5.90
 
       1 0.0
       2 0.0
       3 0.0
       4 0.0
       5 0.0
       6 0.0
       7 0.0
       8 0.0
       9 0.0
      10 0.0
      11 0.0
      12 0.0
      13 0.0
 
       1     0.025836794
       2     0.025406940
       3     0.023361552
       4     0.023672642
       5     0.024581371
       6     0.024718418
       7     0.024840334
       8     0.025814790
       9     0.024095094
      10     0.023304663
      11     0.022747043
      12     0.023022750
      13   0.0243
 
       1       1.0000000
       2       1.0000000
       3       1.0000000
       4       1.0000000
       5       1.0000000
       6       1.0000000
       7       1.0000000
       8       1.0000000
       9       1.0000000
      10       1.0000000
      11       1.0000000
      12       1.0000000
      13   1.0000
 
       1       0.0000000
       2       0.0000000
       3       0.0000000
       4       0.0000000
       5       0.0000000
       6       0.0000000
       7       0.0000000
       8       0.0000000
       9       0.0000000
      10       0.0000000
      11       0.0000000
      12       0.0000000
      13   0.0000
 
       1      0.72433024
       2      0.72892468
       3      0.69419050
       4      0.63478774
       5      0.62407145
       6      0.61919615
       7      0.65312921
       8      0.67993191
       9      0.68387455
      10      0.70609935
      11      0.72660134
      12      0.71418196
      13   0.6824
 
