       1       8.4093320
       2       11.207158
       3       30.057988
       4       24.799599
       5       45.455495
       6       44.643851
       7       52.055245
       8       23.679861
       9       18.537925
      10       8.9204110
      11       8.1163018
      12       6.8654721
      13   282.75
 
       1       5.8459759
       2       7.6859042
       3       17.588528
       4       15.421652
       5       24.714834
       6       23.364550
       7       26.967578
       8       14.118640
       9       10.688017
      10       6.0728421
      11       6.1673547
      12       5.3561188
      13   163.99
 
       1      0.77458249
       2       1.0522391
       3       3.1177418
       4       3.1564071
       5       3.7943163
       6       3.0182561
       7       3.4808615
       8       2.1269289
       9       1.4436829
      10      0.95522870
      11      0.90736325
      12      0.68699127
      13    24.51
 
       1      0.60493738
       2      0.99839438
       3       3.0095878
       4       5.2928191
       5       6.7181521
       6       11.610714
       7       17.473337
       8       6.7299279
       9       3.1539882
      10       1.0926939
      11       1.4661842
      12      0.76538990
      13    58.92
 
       1      0.11372695
       2      0.37621871
       3       1.2611709
       4       2.6877977
       5       4.3657741
       6       6.2576447
       7       7.3498582
       8       4.5269837
       9       2.4452955
      10      0.30845469
      11      0.27418444
      12      0.23830115
      13    30.21
 
       1      0.74521140
       2       1.1344791
       3       2.9772616
       4       4.3388210
       5       5.2794276
       6       4.3398908
       7       3.9675569
       8       2.2998001
       9       1.5754247
      10       1.0582139
      11       1.0225025
      12      0.54550725
      13     2.44
 
       1 0.0
       2 0.0
       3 0.0
       4 0.0
       5 0.0
       6 0.0
       7 0.0
       8 0.0
       9 0.0
      10 0.0
      11 0.0
      12 0.0
      13 0.0
 
       1     0.021059378
       2     0.030786397
       3     0.080245882
       4      0.11689044
       5      0.14237988
       6      0.10956097
       7     0.095551760
       8     0.055758287
       9     0.038794413
      10     0.029263608
      11     0.028540931
      12     0.015602893
      13   0.0637
 
       1      0.88220605
       2      0.88003241
       3      0.87902407
       4      0.87869926
       5      0.87959836
       6      0.87767037
       7      0.87674115
       8      0.87721769
       9      0.87591102
      10      0.88053240
      11      0.88123659
      12      0.88199303
      13   0.8792
 
       1    0.0025625737
       2    0.0038090389
       3    0.0098836695
       4     0.014419701
       5     0.017424664
       6     0.013761474
       7     0.012266613
       8    0.0071936507
       9    0.0049854711
      10    0.0035970569
      11    0.0035064308
      12    0.0018913318
      13   0.0079
 
       1      0.89406730
       2      0.84848482
       3      0.95230522
       4      0.97794945
       5      0.98678945
       6      0.98863961
       7      0.97798881
       8      0.97473309
       9      0.98322907
      10      0.97424107
      11      0.95137341
      12      0.90638227
      13   0.9513
 
