       1       97.239649
       2       76.366078
       3       96.309917
       4       148.08363
       5       139.05986
       6       122.58388
       7       130.46610
       8       115.70335
       9       104.38247
      10       100.46935
      11       76.681034
      12       144.07869
      13  1351.42
 
       1       67.469457
       2       51.298457
       3       63.951981
       4       88.172518
       5       87.130967
       6       75.348382
       7       75.811202
       8       68.010751
       9       66.055317
      10       65.293724
      11       53.538030
      12       97.340956
      13   859.42
 
       1       8.1884433
       2       6.4241361
       3       8.2263685
       4       7.3885760
       5       9.3627007
       6       7.7792541
       7       7.1346846
       8       6.5628618
       9       7.0999799
      10       7.4275450
      11       6.4773042
      12       11.861072
      13    93.93
 
       1       8.2099419
       2       6.4494770
       3       9.6000290
       4       7.6684007
       5       12.371413
       6       14.282582
       7       16.144059
       8       13.236065
       9       11.066047
      10       8.0654682
      11       6.8027160
      12       14.236932
      13   128.13
 
       1       7.7831276
       2       7.3064136
       3       10.418623
       4       9.3676848
       5       16.765029
       6       16.075836
       7       20.275519
       8       20.460296
       9       20.661745
      10       17.415307
      11       12.626429
      12       13.347294
      13   172.50
 
       1       7.6037241
       2       7.6243931
       3       10.391806
       4       14.845860
       5       19.885685
       6       18.418097
       7       17.441782
       8       14.541331
       9       13.727514
      10       10.469407
      11       7.7587818
      12       9.9697124
      13    12.72
 
       1 0.0
       2 0.0
       3 0.0
       4 0.0
       5 0.0
       6 0.0
       7 0.0
       8 0.0
       9 0.0
      10 0.0
      11 0.0
      12 0.0
      13 0.0
 
       1     0.098244321
       2     0.097310691
       3      0.13132140
       4      0.18362719
       5      0.25458140
       6      0.23029978
       7      0.21410812
       8      0.17657152
       9      0.16858627
      10      0.12829638
      11     0.097471785
      12      0.13081898
      13   0.1593
 
       1      0.92567943
       2      0.92559000
       3      0.92429708
       4      0.92522706
       5      0.92627400
       6      0.92524911
       7      0.92555484
       8      0.92593027
       9      0.92543253
      10      0.92467705
      11      0.92507725
      12      0.92681322
      13   0.9255
 
       1    0.0076349664
       2    0.0076153461
       3     0.010314162
       4     0.014532900
       5     0.019771815
       6     0.018139482
       7     0.016988432
       8     0.014130579
       9     0.013433432
      10     0.010275131
      11    0.0077097314
      12     0.010011842
      13   0.0125
 
       1      0.66832462
       2      0.67684488
       3      0.75842345
       4      0.73563517
       5      0.82660767
       6      0.83249415
       7      0.80960880
       8      0.77582187
       9      0.79153319
      10      0.74358017
      11      0.72555315
      12      0.68134679
      13   0.7521
 
