       1       487.91719
       2       460.77669
       3       500.71192
       4       500.66415
       5       481.08336
       6       479.74285
       7       527.58965
       8       534.43924
       9       484.37964
      10       481.39481
      11       469.49799
      12       513.84025
      13  5922.04
 
       1       293.35516
       2       280.92157
       3       304.79052
       4       309.27890
       5       295.47952
       6       288.78480
       7       318.76101
       8       331.60701
       9       301.40158
      10       300.96274
      11       288.95777
      12       313.05937
      13  3627.36
 
       1       37.626189
       2       35.960598
       3       38.527803
       4       37.538721
       5       36.005800
       6       35.896470
       7       39.971726
       8       39.920555
       9       37.293622
      10       36.561069
      11       35.156784
      12       38.570304
      13   449.03
 
       1       135.09416
       2       124.22966
       3       133.55296
       4       132.18712
       5       125.31816
       6       129.36285
       7       142.40873
       8       139.86216
       9       125.50342
      10       123.52652
      11       123.86741
      12       139.17460
      13  1574.09
 
       1       22.239688
       2       19.216837
       3       22.399209
       4       23.769763
       5       23.099980
       6       25.042475
       7       26.771927
       8       23.279535
       9       21.089436
      10       21.012519
      11       20.128264
      12       22.487902
      13   270.54
 
       1       5.9846363
       2       6.2748339
       3       5.9963634
       4       6.1134148
       5       5.6949551
       6       5.9234453
       7       6.4996835
       8       6.4508366
       9       6.0936452
      10       5.7362746
      11       5.7818950
      12       6.1756783
      13     6.06
 
       1 0.0
       2 0.0
       3 0.0
       4 0.0
       5 0.0
       6 0.0
       7 0.0
       8 0.0
       9 0.0
      10 0.0
      11 0.0
      12 0.0
      13 0.0
 
       1     0.024650049
       2     0.026104214
       3     0.024849981
       4     0.025509114
       5     0.023317261
       6     0.023951888
       7     0.026392472
       8     0.027041837
       9     0.025795575
      10     0.024024311
      11     0.023972235
      12     0.025738455
      13   0.0251
 
       1       1.0000000
       2       1.0000000
       3       1.0000000
       4       1.0000000
       5       1.0000000
       6       1.0000000
       7       1.0000000
       8       1.0000000
       9       1.0000000
      10       1.0000000
      11       1.0000000
      12       1.0000000
      13   1.0000
 
       1       0.0000000
       2       0.0000000
       3       0.0000000
       4       0.0000000
       5       0.0000000
       6       0.0000000
       7       0.0000000
       8       0.0000000
       9       0.0000000
      10       0.0000000
      11       0.0000000
      12       0.0000000
      13   0.0000
 
       1      0.69462109
       2      0.69992918
       3      0.65708005
       4      0.62186756
       5      0.60661210
       6      0.58485393
       7      0.62883239
       8      0.65799232
       9      0.64919539
      10      0.69632851
      11      0.69754008
      12      0.71370275
      13   0.6590
 
