       1       6.5096056
       2       12.453543
       3       15.851577
       4       24.943489
       5       38.483451
       6       47.912148
       7       50.184237
       8       27.115247
       9       19.363210
      10       10.652727
      11       8.0138109
      12       8.5606333
      13   270.04
 
       1       4.9834203
       2       8.3619481
       3       11.604442
       4       15.121028
       5       20.506377
       6       24.833427
       7       25.775012
       8       15.569486
       9       11.127630
      10       7.1048920
      11       5.9407705
      12       6.4719548
      13   157.40
 
       1      0.66773734
       2       1.2031801
       3       2.4017115
       4       3.2263962
       5       3.3468471
       6       3.0583744
       7       3.2520043
       8       2.1782758
       9       1.4453712
      10       1.1163727
      11      0.93895071
      12      0.88291659
      13    23.72
 
       1      0.77065061
       2       1.2459822
       3       4.7899161
       4       5.3879940
       5       7.5002511
       6       14.587214
       7       17.057041
       8       8.1146518
       9       3.3277036
      10      0.78765778
      11       1.1631490
      12      0.92722476
      13    65.66
 
       1      0.20303573
       2      0.83252009
       3       2.3952108
       4       3.9319583
       5       4.1475731
       6       7.4192138
       7       7.4333190
       8       5.0181592
       9       2.6298910
      10      0.35348809
      11      0.15136318
      12      0.20963881
      13    34.73
 
       1      0.57830531
       2       1.4912453
       3       3.4250852
       4       4.4050740
       5       4.0079683
       6       3.8971390
       7       3.7542731
       8       2.4766755
       9       1.6584843
      10       1.1317899
      11      0.93719196
      12      0.72122285
      13     2.37
 
       1 0.0
       2 0.0
       3 0.0
       4 0.0
       5 0.0
       6 0.0
       7 0.0
       8 0.0
       9 0.0
      10 0.0
      11 0.0
      12 0.0
      13 0.0
 
       1     0.015786191
       2     0.040326384
       3     0.094269078
       4      0.11969695
       5      0.10371906
       6     0.094949417
       7     0.089032578
       8     0.058872901
       9     0.040094496
      10     0.031011031
      11     0.026065316
      12     0.020050931
      13   0.0612
 
       1      0.85268668
       2      0.85026534
       3      0.85047348
       4      0.85009307
       5      0.84816449
       6      0.84739921
       7      0.84658106
       8      0.84661727
       9      0.84555281
      10      0.85275792
      11      0.85294437
      12      0.85284122
      13   0.8497
 
       1    0.0024344552
       2    0.0062162191
       3     0.014330420
       4     0.018245478
       5     0.016093599
       6     0.015059534
       7     0.014321061
       8    0.0095302070
       9    0.0064718278
      10    0.0047194540
      11    0.0039775480
      12    0.0030558636
      13   0.0095
 
       1      0.87122855
       2      0.88308842
       3      0.97021757
       4      0.98187807
       5      0.98823944
       6      0.98269247
       7      0.97944744
       8      0.97972749
       9      0.98066895
      10      0.96656106
      11      0.95438910
      12      0.89946358
      13   0.9531
 
