       1       272.23196
       2       177.90194
       3       251.77113
       4       213.59883
       5       231.56443
       6       247.48015
       7       217.21451
       8       194.78689
       9       166.22296
      10       120.94730
      11       155.71742
      12       173.24172
      13  2422.68
 
       1       184.98732
       2       122.66917
       3       159.17515
       4       136.12769
       5       143.15422
       6       138.68615
       7       123.17748
       8       111.54143
       9       104.19336
      10       81.125566
      11       104.61335
      12       118.78344
      13  1528.23
 
       1       25.412343
       2       18.552873
       3       19.803616
       4       18.049933
       5       18.296808
       6       15.438927
       7       13.968320
       8       12.849980
       9       12.687429
      10       10.787744
      11       12.791762
      12       15.618125
      13   194.26
 
       1       35.428740
       2       23.659677
       3       31.885179
       4       29.487755
       5       34.560900
       6       46.413784
       7       45.490289
       8       34.686254
       9       20.522418
      10       12.816433
      11       16.032164
      12       19.611671
      13   350.60
 
       1       25.760282
       2       19.088687
       3       26.844060
       4       26.961929
       5       37.779905
       6       42.155409
       7       42.010297
       8       41.971719
       9       32.365480
      10       20.271954
      11       21.370809
      12       22.597783
      13   359.18
 
       1       20.684016
       2       18.973395
       3       27.648715
       4       31.598303
       5       36.360136
       6       33.586916
       7       29.298217
       8       25.333877
       9       22.253846
      10       14.996706
      11       15.544681
      12       14.186556
      13    24.21
 
       1 0.0
       2 0.0
       3 0.0
       4 0.0
       5 0.0
       6 0.0
       7 0.0
       8 0.0
       9 0.0
      10 0.0
      11 0.0
      12 0.0
      13 0.0
 
       1     0.020625705
       2     0.018840787
       3     0.027024422
       4     0.030939275
       5     0.035389235
       6     0.031743503
       7     0.027161180
       8     0.023365102
       9     0.020726007
      10     0.014093926
      11     0.015236324
      12     0.013964541
      13   0.0233
 
       1      0.88358617
       2      0.88407696
       3      0.88212387
       4      0.88362860
       5      0.88115278
       6      0.88312056
       7      0.88363862
       8      0.88377342
       9      0.88271909
      10      0.88362726
      11      0.88597671
      12      0.88700307
      13   0.8837
 
       1    0.0026622468
       2    0.0024481677
       3    0.0035417406
       4    0.0040516756
       5    0.0046486125
       6    0.0042392547
       7    0.0036678566
       8    0.0031714404
       9    0.0028039997
      10    0.0019064661
      11    0.0020012264
      12    0.0018271260
      13   0.0031
 
       1      0.26716739
       2      0.29538747
       3      0.32227485
       4      0.35655981
       5      0.39465065
       6      0.37832308
       7      0.34486736
       8      0.33595997
       9      0.30793525
      10      0.28768558
      11      0.28095961
      12      0.27115790
      13   0.3202
 
