       1       12.651008
       2       11.140302
       3       21.298293
       4       25.392904
       5       41.926935
       6       58.047785
       7       39.184420
       8       28.342912
       9       20.657295
      10       10.763380
      11       11.140899
      12       6.4230267
      13   286.97
 
       1       7.8116264
       2       7.6440989
       3       13.642249
       4       14.809344
       5       23.314582
       6       28.500545
       7       21.214297
       8       15.367215
       9       12.332190
      10       6.9202441
      11       7.6780230
      12       5.0455485
      13   164.28
 
       1      0.85167534
       2       1.0439692
       3       2.3662817
       4       2.5676077
       5       3.4475392
       6       3.5187151
       7       2.9054613
       8       2.0832036
       9       1.6775894
      10      0.95625021
      11      0.99007025
      12      0.67583526
      13    23.08
 
       1      0.63510520
       2      0.86287648
       3       3.5582706
       4       3.6850097
       5       6.5624510
       6       16.678397
       7       12.957261
       8       7.7909834
       9       4.0980088
      10      0.55747460
      11      0.78850695
      12      0.58375482
      13    58.76
 
       1      0.20462948
       2      0.41689979
       3       1.8858283
       4       2.9084594
       5       4.4883487
       6       8.0537881
       7       6.2696803
       8       4.2103859
       9       2.5367285
      10      0.37960235
      11      0.14691452
      12      0.31528322
      13    31.82
 
       1      0.84852711
       2       1.1588047
       3       2.9595699
       4       3.6468086
       5       4.6548190
       6       4.4354749
       7       3.6674380
       8       2.4154369
       9       2.0162951
      10      0.99591104
      11      0.95167165
      12      0.58206653
      13     2.36
 
       1 0.0
       2 0.0
       3 0.0
       4 0.0
       5 0.0
       6 0.0
       7 0.0
       8 0.0
       9 0.0
      10 0.0
      11 0.0
      12 0.0
      13 0.0
 
       1     0.017901876
       2     0.024406921
       3     0.062959496
       4     0.076865825
       5     0.096652477
       6     0.086541068
       7     0.070354903
       8     0.045636365
       9     0.039693478
      10     0.020753253
      11     0.021712261
      12     0.013260315
      13   0.0481
 
       1      0.87003454
       2      0.87006441
       3      0.86906195
       4      0.86826149
       5      0.86895384
       6      0.86676226
       7      0.86692186
       8      0.86622709
       9      0.86658033
      10      0.87291557
      11      0.87620253
      12      0.87887512
      13   0.8701
 
       1    0.0024243874
       2    0.0033002985
       3    0.0084345171
       4     0.010316058
       5     0.012990704
       6     0.011996196
       7    0.0098989844
       8    0.0065067916
       9    0.0055584274
      10    0.0028310431
      11    0.0027943820
      12    0.0017148852
      13   0.0066
 
       1      0.82246785
       2      0.88031350
       3      0.93519702
       4      0.97723115
       5      0.98210488
       6      0.98185701
       7      0.97539371
       8      0.97358288
       9      0.97997486
      10      0.92667552
      11      0.92968475
      12      0.88213636
      13   0.9372
 
