       1       165.91057
       2       187.95915
       3       194.83593
       4       189.67490
       5       203.48319
       6       247.92302
       7       232.02303
       8       188.23957
       9       147.38942
      10       117.94659
      11       100.78711
      12       102.38977
      13  2078.56
 
       1       115.57732
       2       124.80908
       3       123.69473
       4       123.23052
       5       123.17431
       6       145.06430
       7       130.98926
       8       109.45622
       9       91.472873
      10       80.066513
      11       67.824636
      12       69.049542
      13  1304.41
 
       1       15.887042
       2       16.574796
       3       15.107932
       4       16.767595
       5       14.800791
       6       16.093854
       7       14.610500
       8       12.488266
       9       10.461085
      10       10.766757
      11       9.2240416
      12       8.6955053
      13   161.48
 
       1       20.412029
       2       22.350290
       3       22.747735
       4       29.990923
       5       27.356203
       6       48.025643
       7       45.692157
       8       33.554335
       9       20.009125
      10       14.890851
      11       15.432322
      12       13.350734
      13   313.81
 
       1       15.928607
       2       18.663180
       3       19.397051
       4       24.330164
       5       28.798832
       6       45.626142
       7       46.008358
       8       38.620186
       9       28.196116
      10       18.454294
      11       11.218592
      12       10.475701
      13   305.72
 
       1       14.146513
       2       18.851322
       3       22.422759
       4       32.129305
       5       30.214254
       6       37.886341
       7       31.307578
       8       23.930665
       9       19.535051
      10       15.762549
      11       11.682702
      12       9.0233779
      13    22.24
 
       1 0.0
       2 0.0
       3 0.0
       4 0.0
       5 0.0
       6 0.0
       7 0.0
       8 0.0
       9 0.0
      10 0.0
      11 0.0
      12 0.0
      13 0.0
 
       1     0.014053627
       2     0.018588304
       3     0.021786615
       4     0.031893794
       5     0.029168746
       6     0.036640621
       7     0.029438107
       8     0.022164189
       9     0.018181669
      10     0.015028216
      11     0.011137971
      12    0.0085709769
      13   0.0214
 
       1      0.84477273
       2      0.84272943
       3      0.84331381
       4      0.84352346
       5      0.84126305
       6      0.84214822
       7      0.84471293
       8      0.84830624
       9      0.84400132
      10      0.84451413
      11      0.84654707
      12      0.84471514
      13   0.8442
 
       1    0.0024213361
       2    0.0032097275
       3    0.0038021832
       4    0.0055020872
       5    0.0051110296
       6    0.0063863581
       7    0.0052055147
       8    0.0039613050
       9    0.0032518237
      10    0.0026626544
      11    0.0019789755
      12    0.0015274781
      13   0.0038
 
       1      0.28277545
       2      0.28891747
       3      0.33289907
       4      0.37165842
       5      0.37827880
       6      0.39071992
       7      0.36731382
       8      0.31816250
       9      0.30904309
      10      0.31141974
      11      0.27783201
      12      0.27801617
      13   0.3256
 
