       1       8.9623706
       2       11.004816
       3       18.574826
       4       22.357649
       5       33.905539
       6       42.210986
       7       38.243769
       8       20.433777
       9       18.666107
      10       10.627368
      11       6.6119430
      12       8.4458551
      13   240.05
 
       1       6.2700939
       2       7.4757352
       3       11.940823
       4       13.440252
       5       19.018870
       6       21.496806
       7       20.618051
       8       11.217881
       9       10.758085
      10       7.1455894
      11       5.0539315
      12       6.2204866
      13   140.66
 
       1      0.79153364
       2       1.0983261
       3       1.9176660
       4       2.5004122
       5       3.2322303
       6       2.8299250
       7       2.7793084
       8       1.5683982
       9       1.3370461
      10       1.1909979
      11      0.70491006
      12      0.77389613
      13    20.72
 
       1      0.79011318
       2       1.1311907
       3       3.5780381
       4       3.4488247
       5       7.5749326
       6       13.331733
       7       11.954448
       8       4.7938277
       9       2.7184499
      10      0.89994866
      11      0.63666905
      12      0.84590800
      13    51.70
 
       1      0.36029963
       2      0.42904578
       3       2.1967312
       4       3.0746563
       5       4.8277083
       6       6.1575117
       7       6.0892532
       8       3.3301767
       9       2.2092368
      10      0.33869832
      11      0.11411790
      12      0.10789538
      13    29.24
 
       1      0.68158658
       2       1.1291132
       3       2.6601970
       4       3.1875769
       5       4.8300298
       6       3.7598896
       7       3.1827638
       8       1.5747280
       9       1.5276903
      10       1.1435460
      11      0.68792648
      12      0.68656032
      13     2.09
 
       1 0.0
       2 0.0
       3 0.0
       4 0.0
       5 0.0
       6 0.0
       7 0.0
       8 0.0
       9 0.0
      10 0.0
      11 0.0
      12 0.0
      13 0.0
 
       1     0.014694605
       2     0.023974250
       3     0.056504375
       4     0.067810729
       5      0.10265237
       6     0.074564421
       7     0.061244198
       8     0.029345509
       9     0.029700909
      10     0.024814317
      11     0.015169718
      12     0.015934627
      13   0.0430
 
       1      0.82996182
       2      0.82712814
       3      0.82821693
       4      0.82845277
       5      0.82691146
       6      0.82577323
       7      0.82504994
       8      0.82417785
       9      0.82110280
      10      0.82997024
      11      0.82871976
      12      0.83488066
      13   0.8275
 
       1    0.0026148745
       2    0.0042702397
       3    0.0099905852
       4     0.011961690
       5     0.018065672
       6     0.013486751
       7     0.011228348
       8    0.0055302001
       9    0.0055050165
      10    0.0043589803
      11    0.0026632639
      12    0.0027106253
      13   0.0077
 
       1      0.85890577
       2      0.86697112
       3      0.93831182
       4      0.96296435
       5      0.97864345
       6      0.98182908
       7      0.97759953
       8      0.96351266
       9      0.97049026
      10      0.94191999
      11      0.94537899
      12      0.93053073
      13   0.9431
 
