       1       116.35487
       2       155.47223
       3       127.52754
       4       144.39382
       5       162.69832
       6       141.45974
       7       137.72471
       8       114.52831
       9       106.80573
      10       78.100527
      11       78.907165
      12       145.43388
      13  1509.41
 
       1       78.766895
       2       101.70688
       3       84.804740
       4       86.635082
       5       102.58965
       6       83.323610
       7       76.753718
       8       65.965177
       9       67.673778
      10       52.564275
      11       52.695044
      12       100.35625
      13   953.84
 
       1       9.2284405
       2       11.819471
       3       10.681855
       4       7.5322024
       5       9.6334365
       6       7.3720599
       7       6.7106350
       8       6.3923645
       9       7.4449365
      10       6.3137258
      11       5.6594688
      12       12.944334
      13   101.73
 
       1       10.029964
       2       14.026842
       3       12.655859
       4       7.4767361
       5       14.788871
       6       15.569044
       7       16.298883
       8       12.238632
       9       9.9255383
      10       5.9305968
      11       5.5008673
      12       15.901179
      13   140.34
 
       1       10.747694
       2       14.361881
       3       14.810431
       4       9.8019279
       5       19.041125
       6       18.332838
       7       22.637860
       8       21.098343
       9       23.150954
      10       13.446737
      11       9.2673998
      12       12.714663
      13   189.41
 
       1       8.2184758
       2       14.233366
       3       14.143355
       4       14.970010
       5       26.483111
       6       23.084752
       7       18.362800
       8       14.328682
       9       14.776725
      10       9.2025060
      11       7.2532382
      12       10.175721
      13    14.60
 
       1 0.0
       2 0.0
       3 0.0
       4 0.0
       5 0.0
       6 0.0
       7 0.0
       8 0.0
       9 0.0
      10 0.0
      11 0.0
      12 0.0
      13 0.0
 
       1      0.10954708
       2      0.19405909
       3      0.19052187
       4      0.19266249
       5      0.35720541
       6      0.30615276
       7      0.23422911
       8      0.18061900
       9      0.19047487
      10      0.11714111
      11     0.094144222
      12      0.13821479
      13   0.1921
 
       1      0.88104370
       2      0.88251840
       3      0.88181658
       4      0.88148294
       5      0.88206506
       6      0.88098438
       7      0.88201972
       8      0.88153721
       9      0.88132521
      10      0.88176958
      11      0.88260755
      12      0.88172107
      13   0.8817
 
       1     0.013524476
       2     0.023550107
       3     0.023337390
       4     0.024108820
       5     0.043602857
       6     0.037644792
       7     0.029352054
       8     0.022834294
       9     0.023848795
      10     0.014868733
      11     0.011836799
      12     0.016806151
      13   0.0238
 
       1      0.64418304
       2      0.73527714
       3      0.76760093
       4      0.73861195
       5      0.89187690
       6      0.91109801
       7      0.84124561
       8      0.81911782
       9      0.82055943
      10      0.70964303
      11      0.66195990
      12      0.73566483
      13   0.7731
 
