       1     0.045180327
       2     0.051346155
       3     0.062760078
       4     0.066801886
       5     0.068799319
       6     0.062952484
       7     0.064627292
       8     0.055613990
       9     0.049174862
      10     0.039439883
      11     0.040088090
      12     0.044684940
      13   0.0543
 
       1      0.98041566
       2      0.98012625
       3      0.97707459
       4      0.97648791
       5      0.97533880
       6      0.97402600
       7      0.97751357
       8      0.97908252
       9      0.97879271
      10      0.98001323
      11      0.98005239
      12      0.98084345
      13   0.9783
 
       1    0.0013647096
       2    0.0018453888
       3    0.0024094164
       4    0.0028265401
       5    0.0028972823
       6    0.0025803711
       7    0.0026469920
       8    0.0020996641
       9    0.0016428303
      10    0.0010690823
      11    0.0011007628
      12    0.0012868077
      13   0.0020
 
