       1       482.73122
       2       428.49605
       3       473.75177
       4       465.48594
       5       517.89729
       6       500.55673
       7       524.49277
       8       531.57458
       9       490.89480
      10       487.17231
      11       472.78930
      12       473.85315
      13  5849.70
 
       1       287.59556
       2       260.45307
       3       290.81717
       4       286.79408
       5       314.73786
       6       307.57583
       7       323.16902
       8       324.43770
       9       304.99835
      10       306.45132
      11       291.28230
      12       287.49695
      13  3585.81
 
       1       37.568194
       2       33.449974
       3       36.467817
       4       35.371742
       5       38.602477
       6       37.253276
       7       39.197360
       8       40.239794
       9       37.604239
      10       36.483686
      11       35.348178
      12       35.943763
      13   443.53
 
       1       134.34433
       2       116.59719
       3       124.16473
       4       121.68513
       5       138.15142
       6       132.09838
       7       137.22299
       8       139.79846
       9       127.59276
      10       123.80532
      11       125.30210
      12       130.46232
      13  1551.23
 
       1       23.058896
       2       18.730453
       3       21.172400
       4       21.990306
       5       25.194576
       6       23.973218
       7       25.384159
       8       26.080791
       9       21.315982
      10       20.721267
      11       19.767772
      12       22.599402
      13   269.99
 
       1       5.9199309
       2       5.8831104
       3       5.7721438
       4       5.7383684
       5       6.0625451
       6       6.3094409
       7       6.2836602
       8       6.4715189
       9       6.2337078
      10       5.7364216
      11       5.7370562
      12       5.7264910
      13     5.99
 
       1 0.0
       2 0.0
       3 0.0
       4 0.0
       5 0.0
       6 0.0
       7 0.0
       8 0.0
       9 0.0
      10 0.0
      11 0.0
      12 0.0
      13 0.0
 
       1     0.024179752
       2     0.024485118
       3     0.023925071
       4     0.023834037
       5     0.024910296
       6     0.025998360
       7     0.026059717
       8     0.026719034
       9     0.026159848
      10     0.024357575
      11     0.023860401
      12     0.023543850
      13   0.0248
 
       1       1.0000000
       2       1.0000000
       3       1.0000000
       4       1.0000000
       5       1.0000000
       6       1.0000000
       7       1.0000000
       8       1.0000000
       9       1.0000000
      10       1.0000000
      11       1.0000000
      12       1.0000000
      13   1.0000
 
       1       0.0000000
       2       0.0000000
       3       0.0000000
       4       0.0000000
       5       0.0000000
       6       0.0000000
       7       0.0000000
       8       0.0000000
       9       0.0000000
      10       0.0000000
      11       0.0000000
      12       0.0000000
      13   0.0000
 
       1      0.71213245
       2      0.70242768
       3      0.63498966
       4      0.64494807
       5      0.60932851
       6      0.58842068
       7      0.60946665
       8      0.66309535
       9      0.67908173
      10      0.68837902
      11      0.69479058
      12      0.72432818
      13   0.6626
 
