       1       69.502486
       2       54.023706
       3       54.316558
       4       35.742932
       5       29.403620
       6       15.967956
       7       12.055668
       8       9.8534965
       9       12.313886
      10       36.742428
      11       65.522347
      12       76.154559
      13   471.60
 
       1       36.282492
       2       29.788320
       3       29.739270
       4       21.724433
       5       18.508435
       6       11.180532
       7       8.0638427
       8       6.7807031
       9       8.1478413
      10       20.484757
      11       32.796389
      12       38.578805
      13   262.08
 
       1       6.2657151
       2       4.8298922
       3       4.3649566
       4       2.5172272
       5       1.8632100
       6      0.89853399
       7      0.66519107
       8      0.55867338
       9      0.79014637
      10       2.7066913
      11       5.5839029
      12       6.5166729
      13    37.56
 
       1       21.891628
       2       17.266135
       3       15.529987
       4       10.312437
       5       7.7229386
       6       4.3928127
       7       3.5634973
       8       2.8890826
       9       3.1495085
      10       11.741173
      11       20.506505
      12       25.257513
      13   144.22
 
       1       3.6300059
       2       3.0585117
       3       2.6606077
       4       1.9484283
       5       1.4244260
       6       1.2571467
       7       1.1043402
       8      0.89457754
       9      0.78990219
      10       2.0650359
      11       3.0352683
      12       4.0054930
      13    25.87
 
       1      0.94487298
       2      0.86710784
       3      0.67413790
       4      0.44823629
       5      0.30829924
       6      0.18482989
       7      0.12313598
       8      0.10128124
       9      0.13788399
      10      0.43232003
      11      0.83551947
      12      0.97850366
      13     0.50
 
       1 0.0
       2 0.0
       3 0.0
       4 0.0
       5 0.0
       6 0.0
       7 0.0
       8 0.0
       9 0.0
      10 0.0
      11 0.0
      12 0.0
      13 0.0
 
       1     0.024563275
       2     0.023665819
       3     0.017911043
       4     0.012296388
       5    0.0087098959
       6    0.0053646710
       7    0.0035516157
       8    0.0030935719
       9    0.0042236470
      10     0.011321625
      11     0.021043545
      12     0.024759579
      13   0.0134
 
       1       1.0000000
       2       1.0000000
       3       1.0000000
       4       1.0000000
       5       1.0000000
       6       1.0000000
       7       1.0000000
       8       1.0000000
       9       1.0000000
      10       1.0000000
      11       1.0000000
      12       1.0000000
      13   1.0000
 
       1       0.0000000
       2       0.0000000
       3       0.0000000
       4       0.0000000
       5       0.0000000
       6       0.0000000
       7       0.0000000
       8       0.0000000
       9       0.0000000
      10       0.0000000
      11       0.0000000
      12       0.0000000
      13   0.0000
 
       1      0.67773598
       2      0.67004592
       3      0.52101952
       4      0.47799882
       5      0.37888209
       6      0.32772230
       7      0.41840213
       8      0.51961623
       9      0.52152765
      10      0.58141072
      11      0.60342172
      12      0.68333956
      13   0.5318
 
