       1       498.84799
       2       421.95123
       3       462.35878
       4       463.54523
       5       514.76536
       6       490.68048
       7       534.78551
       8       498.26968
       9       468.46947
      10       462.38118
      11       434.25884
      12       538.41906
      13  5788.73
 
       1       299.21043
       2       256.92923
       3       283.44294
       4       286.73125
       5       317.13998
       6       297.30139
       7       322.64991
       8       306.00207
       9       285.15291
      10       289.91196
      11       266.11584
      12       325.29228
      13  3535.88
 
       1       38.325614
       2       32.154254
       3       35.704386
       4       35.036540
       5       38.632619
       6       36.548375
       7       40.587330
       8       37.550905
       9       36.339343
      10       34.777087
      11       32.214217
      12       41.401819
      13   439.27
 
       1       139.17836
       2       113.70762
       3       121.02172
       4       118.81245
       5       134.87503
       6       130.49784
       7       144.50953
       8       131.76347
       9       125.15518
      10       119.68720
      11       115.77460
      12       146.36088
      13  1541.34
 
       1       22.218508
       2       19.054241
       3       22.048107
       4       22.787239
       5       24.678529
       6       25.735003
       7       26.321739
       8       24.031824
       9       21.749645
      10       18.643647
      11       19.537423
      12       25.374926
      13   272.18
 
       1       6.1273202
       2       5.5650470
       3       5.5029924
       4       5.5754747
       5       6.1340139
       6       6.1069298
       7       6.5244095
       8       6.1446360
       9       6.0745479
      10       5.6128654
      11       5.2920459
      12       6.5761306
      13     5.94
 
       1 0.0
       2 0.0
       3 0.0
       4 0.0
       5 0.0
       6 0.0
       7 0.0
       8 0.0
       9 0.0
      10 0.0
      11 0.0
      12 0.0
      13 0.0
 
       1     0.025012518
       2     0.023038606
       3     0.023037308
       4     0.023324053
       5     0.025357208
       6     0.024774009
       7     0.026286483
       8     0.025392870
       9     0.024799716
      10     0.023447101
      11     0.022023063
      12     0.027154811
      13   0.0245
 
       1       1.0000000
       2       1.0000000
       3       1.0000000
       4       1.0000000
       5       1.0000000
       6       1.0000000
       7       1.0000000
       8       1.0000000
       9       1.0000000
      10       1.0000000
      11       1.0000000
      12       1.0000000
      13   1.0000
 
       1       0.0000000
       2       0.0000000
       3       0.0000000
       4       0.0000000
       5       0.0000000
       6       0.0000000
       7       0.0000000
       8       0.0000000
       9       0.0000000
      10       0.0000000
      11       0.0000000
      12       0.0000000
      13   0.0000
 
       1      0.69916740
       2      0.67075096
       3      0.66081239
       4      0.64549159
       5      0.60771158
       6      0.58311473
       7      0.62033256
       8      0.64871523
       9      0.67496707
      10      0.68528442
      11      0.68617159
      12      0.70707666
      13   0.6575
 
