       1       247.08005
       2       168.47195
       3       228.41126
       4       168.50389
       5       203.22873
       6       238.89629
       7       260.64817
       8       197.48536
       9       137.88859
      10       103.20339
      11       194.11098
      12       171.07649
      13  2319.01
 
       1       167.46597
       2       117.56123
       3       145.11717
       4       109.94909
       5       125.32665
       6       139.06498
       7       143.13852
       8       116.05661
       9       86.617845
      10       68.679636
      11       127.82454
      12       117.67537
      13  1464.48
 
       1       22.631763
       2       17.858880
       3       17.089261
       4       15.829763
       5       15.325532
       6       15.000371
       7       15.470207
       8       13.684602
       9       10.509466
      10       9.4481175
      11       15.738582
      12       15.229896
      13   183.82
 
       1       29.082015
       2       22.840271
       3       23.528616
       4       25.930118
       5       28.924463
       6       42.479798
       7       51.819020
       8       38.224119
       9       19.138314
      10       13.309945
      11       24.000973
      12       22.018301
      13   341.30
 
       1       22.949897
       2       19.128822
       3       22.116632
       4       25.794669
       5       28.901881
       6       40.863671
       7       47.601958
       8       42.994940
       9       27.992158
      10       14.855101
      11       21.145092
      12       19.154651
      13   333.50
 
       1       18.289969
       2       17.734418
       3       25.618432
       4       27.640226
       5       32.398482
       6       37.302075
       7       33.891545
       8       27.079316
       9       18.813790
      10       13.515525
      11       16.564720
      12       13.486165
      13    23.53
 
       1 0.0
       2 0.0
       3 0.0
       4 0.0
       5 0.0
       6 0.0
       7 0.0
       8 0.0
       9 0.0
      10 0.0
      11 0.0
      12 0.0
      13 0.0
 
       1     0.022908607
       2     0.022176974
       3     0.031481939
       4     0.034296187
       5     0.039142039
       6     0.045170541
       7     0.040089046
       8     0.032034877
       9     0.022181507
      10     0.016135629
      11     0.020094967
      12     0.016577445
      13   0.0285
 
       1      0.89008881
       2      0.88946841
       3      0.88860940
       4      0.88972577
       5      0.88655683
       6      0.88716164
       7      0.88917302
       8      0.89054918
       9      0.88868057
      10      0.88922042
      11      0.89077137
      12      0.88997940
      13   0.8892
 
       1    0.0027567842
       2    0.0026809008
       3    0.0038370410
       4    0.0041686940
       5    0.0048183190
       6    0.0055332607
       7    0.0049515061
       8    0.0039689675
       9    0.0027647260
      10    0.0020086425
      11    0.0024675296
      12    0.0020220988
      13   0.0035
 
       1      0.29299312
       2      0.30305941
       3      0.33266312
       4      0.36230920
       5      0.39388084
       6      0.41907644
       7      0.37882802
       8      0.34829590
       9      0.33633356
      10      0.30818558
      11      0.31215781
      12      0.29370318
      13   0.3401
 
