       1       184.92032
       2       219.19164
       3       204.34225
       4       168.41034
       5       187.22330
       6       199.86524
       7       246.50199
       8       189.52701
       9       146.34707
      10       101.62107
      11       102.15102
      12       139.94258
      13  2090.04
 
       1       123.63593
       2       147.52521
       3       134.37245
       4       108.28097
       5       115.23076
       6       117.05583
       7       135.68165
       8       111.26021
       9       92.394319
      10       67.935743
      11       68.337566
      12       95.872380
      13  1317.58
 
       1       15.480989
       2       20.032163
       3       18.179797
       4       14.615694
       5       13.850945
       6       13.469505
       7       14.110002
       8       13.127870
       9       11.335518
      10       9.1564267
      11       8.6994017
      12       11.823665
      13   163.88
 
       1       18.954472
       2       26.614403
       3       26.077733
       4       21.456977
       5       25.929399
       6       37.139385
       7       49.850592
       8       36.425825
       9       21.080477
      10       11.602211
      11       12.816431
      12       16.173520
      13   304.12
 
       1       17.254748
       2       24.741749
       3       23.611866
       4       22.854911
       5       27.720973
       6       35.172202
       7       44.281090
       8       39.695753
       9       28.833929
      10       16.319111
      11       13.894580
      12       12.718678
      13   307.10
 
       1       14.363836
       2       21.512464
       3       24.568781
       4       25.031655
       5       28.475287
       6       29.967411
       7       30.917070
       8       25.717994
       9       19.956167
      10       12.419742
      11       10.655129
      12       11.910759
      13    21.29
 
       1 0.0
       2 0.0
       3 0.0
       4 0.0
       5 0.0
       6 0.0
       7 0.0
       8 0.0
       9 0.0
      10 0.0
      11 0.0
      12 0.0
      13 0.0
 
       1     0.013999428
       2     0.021514341
       3     0.024293895
       4     0.024056518
       5     0.027167624
       6     0.028477082
       7     0.028672690
       8     0.024092381
       9     0.018665348
      10     0.011643418
      11     0.010010402
      12     0.011705310
      13   0.0204
 
       1      0.84377779
       2      0.84352115
       3      0.84327148
       4      0.84327102
       5      0.84094451
       6      0.84098380
       7      0.84396845
       8      0.84674980
       9      0.84276726
      10      0.84323888
      11      0.84425806
      12      0.84447171
      13   0.8434
 
       1    0.0024396453
       2    0.0036782061
       3    0.0041907938
       4    0.0042259565
       5    0.0047948588
       6    0.0050212177
       7    0.0050987671
       8    0.0042747683
       9    0.0033263756
      10    0.0020871403
      11    0.0017926398
      12    0.0020361705
      13   0.0036
 
       1      0.27285582
       2      0.27530984
       3      0.30873689
       4      0.32989730
       5      0.35969843
       6      0.38681813
       7      0.35765049
       8      0.31884391
       9      0.30472991
      10      0.29805646
      11      0.27736997
      12      0.27747983
      13   0.3140
 
