       1       11.090133
       2       13.681359
       3       17.974230
       4       20.797600
       5       42.805471
       6       45.055297
       7       46.549601
       8       30.080994
       9       17.896720
      10       14.524044
      11       6.0972766
      12       4.8931540
      13   271.45
 
       1       7.8530151
       2       9.1952117
       3       12.737955
       4       12.488764
       5       22.699727
       6       23.283703
       7       23.352562
       8       16.595778
       9       10.213684
      10       9.1606238
      11       4.8200955
      12       4.0688263
      13   156.47
 
       1       1.0868000
       2       1.3507074
       3       2.6429258
       4       2.3770161
       5       3.4227510
       6       3.1640354
       7       3.0355177
       8       2.2535093
       9       1.2641346
      10       1.2131509
      11      0.74337172
      12      0.56707327
      13    23.12
 
       1      0.93833790
       2       1.1355205
       3       4.2558242
       4       4.2555237
       5       6.0273430
       6       10.404606
       7       15.667862
       8       8.4079228
       9       3.4557757
      10       1.0952725
      11      0.77877677
      12      0.61784770
      13    57.04
 
       1      0.34825582
       2      0.66198389
       3       3.2402719
       4       2.4318591
       5       3.9534639
       6       6.4947561
       7       6.1334326
       8       4.6160061
       9       1.9705449
      10      0.34199522
      11      0.12313110
      12     0.087306626
      13    30.40
 
       1      0.79336183
       2       1.3664703
       3       3.4673704
       4       3.2355633
       5       4.3954869
       6       3.9515043
       7       3.4862121
       8       2.5398289
       9       1.5009568
      10       1.1764296
      11      0.77832055
      12      0.48862721
      13     2.27
 
       1 0.0
       2 0.0
       3 0.0
       4 0.0
       5 0.0
       6 0.0
       7 0.0
       8 0.0
       9 0.0
      10 0.0
      11 0.0
      12 0.0
      13 0.0
 
       1     0.021911750
       2     0.035778441
       3     0.092608270
       4     0.082224330
       5      0.11126385
       6     0.094757706
       7     0.079646007
       8     0.058725329
       9     0.035043971
      10     0.030783019
      11     0.021400712
      12     0.013198063
      13   0.0564
 
       1      0.92669081
       2      0.92538817
       3      0.92466698
       4      0.92223954
       5      0.92346120
       6      0.92252454
       7      0.92075451
       8      0.92081578
       9      0.92112085
      10      0.92455785
      11      0.92636226
      12      0.92579975
      13   0.9237
 
       1    0.0016557114
       2    0.0027759310
       3    0.0071023428
       4    0.0064689321
       5    0.0087132856
       6    0.0076163524
       7    0.0065798086
       8    0.0048395468
       9    0.0028935912
      10    0.0023875728
      11    0.0016301853
      12    0.0010202510
      13   0.0045
 
       1      0.89966234
       2      0.87133788
       3      0.96889643
       4      0.97624064
       5      0.98689616
       6      0.98601808
       7      0.97774098
       8      0.97659476
       9      0.97541309
      10      0.97209142
      11      0.94518734
      12      0.87610223
      13   0.9510
 
