       1       11.595770
       2       14.882318
       3       15.647928
       4       22.446490
       5       36.135208
       6       50.346687
       7       46.285054
       8       33.534970
       9       21.712854
      10       9.7981774
      11       6.2857141
      12       6.1790965
      13   274.85
 
       1       7.5454717
       2       9.7755183
       3       10.826793
       4       13.613964
       5       19.739874
       6       25.382510
       7       24.116757
       8       18.944257
       9       12.451406
      10       6.3637120
      11       4.7526461
      12       4.8111386
      13   158.32
 
       1      0.88045767
       2       1.2704657
       3       2.0025745
       4       2.7410152
       5       3.0614064
       6       3.0215479
       7       3.0632761
       8       2.6245256
       9       1.6439450
      10      0.92669606
      11      0.71824317
      12      0.73649752
      13    22.69
 
       1      0.54469101
       2       1.1517087
       3       2.9547582
       4       4.4552646
       5       6.4884374
       6       13.481519
       7       16.474646
       8       9.2234550
       9       3.4546099
      10       1.1766113
      11       1.0133673
      12      0.72048675
      13    61.14
 
       1      0.20850949
       2      0.61058807
       3       1.8811938
       4       3.4936484
       5       4.1345601
       6       6.6052023
       7       6.0668617
       8       4.1558531
       9       2.5195617
      10      0.53020232
      11      0.21102351
      12      0.20983696
      13    30.63
 
       1      0.79814707
       2       1.5242286
       3       2.6110180
       4       3.5762282
       5       3.9263122
       6       4.1992044
       7       3.9094038
       8       2.9503050
       9       1.8118227
      10      0.91691747
      11      0.77015679
      12      0.72381634
      13     2.31
 
       1 0.0
       2 0.0
       3 0.0
       4 0.0
       5 0.0
       6 0.0
       7 0.0
       8 0.0
       9 0.0
      10 0.0
      11 0.0
      12 0.0
      13 0.0
 
       1     0.017226788
       2     0.032614023
       3     0.054922891
       4     0.074603930
       5     0.080277366
       6     0.081136666
       7     0.074687613
       8     0.056144105
       9     0.034655466
      10     0.019051456
      11     0.017061926
      12     0.016219622
      13   0.0466
 
       1      0.87242567
       2      0.87075470
       3      0.86700993
       4      0.86738842
       5      0.86795226
       6      0.86501236
       7      0.86648671
       8      0.86594601
       9      0.86417157
      10      0.86885525
      11      0.87293636
      12      0.87478598
      13   0.8686
 
       1    0.0022976600
       2    0.0043589479
       3    0.0074303861
       4     0.010111078
       5     0.010930183
       6     0.011339762
       7     0.010510124
       8    0.0079613507
       9    0.0049286088
      10    0.0025994859
      11    0.0022511682
      12    0.0021294604
      13   0.0064
 
       1      0.86898601
       2      0.90085685
       3      0.95665992
       4      0.97146273
       5      0.98367314
       6      0.98148517
       7      0.97121674
       8      0.96856304
       9      0.97188218
      10      0.95719904
      11      0.95383475
      12      0.88919063
      13   0.9479
 
