       1       14.308475
       2       14.987592
       3       13.329894
       4       26.943581
       5       38.225839
       6       45.200640
       7       41.853889
       8       20.147534
       9       17.805182
      10       10.573774
      11       8.0131683
      12       5.8915934
      13   257.28
 
       1       9.6349640
       2       9.8997317
       3       8.9412013
       4       15.949948
       5       20.382325
       6       22.674605
       7       22.790483
       8       12.522485
       9       10.223113
      10       6.8605307
      11       6.0839660
      12       4.6292276
      13   150.59
 
       1       1.2512882
       2       1.7470486
       3       1.6430902
       4       2.9335918
       5       3.1066702
       6       2.7418710
       7       3.1649543
       8       1.9673751
       9       1.4364976
      10       1.0697540
      11      0.90960283
      12      0.55327022
      13    22.53
 
       1       1.0599604
       2       1.5757938
       3       2.5981170
       4       5.0239215
       5       6.5767136
       6       13.422954
       7       16.336150
       8       4.7019583
       9       1.9709676
      10       1.0898481
      11       1.2127300
      12      0.72521924
      13    56.29
 
       1      0.18900821
       2      0.75297814
       3       1.4829159
       4       3.3349179
       5       4.1684865
       6       6.6777765
       7       6.9185457
       8       3.8483184
       9       1.9524994
      10      0.62529904
      11      0.22698979
      12      0.11007317
      13    30.29
 
       1      0.85387412
       2       1.6051439
       3       2.1259245
       4       3.6993581
       5       4.0053880
       6       3.6125710
       7       3.6436073
       8       2.0932639
       9       1.4978211
      10       1.1620440
      11      0.98144264
      12      0.54238239
      13     2.15
 
       1 0.0
       2 0.0
       3 0.0
       4 0.0
       5 0.0
       6 0.0
       7 0.0
       8 0.0
       9 0.0
      10 0.0
      11 0.0
      12 0.0
      13 0.0
 
       1     0.018765011
       2     0.036356793
       3     0.045095382
       4     0.079047822
       5     0.083176027
       6     0.070524915
       7     0.069850805
       8     0.040094753
       9     0.029296652
      10     0.024788582
      11     0.021512610
      12     0.012158105
      13   0.0442
 
       1      0.83312834
       2      0.83514978
       3      0.82631030
       4      0.82614351
       5      0.82674184
       6      0.82347299
       7      0.82693934
       8      0.82418054
       9      0.82254029
      10      0.82843265
      11      0.83027412
      12      0.83354881
      13   0.8281
 
       1    0.0032763674
       2    0.0062026150
       3    0.0080210972
       4     0.013948158
       5     0.014766878
       6     0.012842656
       7     0.012851455
       8    0.0074677166
       9    0.0053990941
      10    0.0044112639
      11    0.0037714139
      12    0.0021252928
      13   0.0079
 
       1      0.87643893
       2      0.88312242
       3      0.94790458
       4      0.96931393
       5      0.98247567
       6      0.98024961
       7      0.97143211
       8      0.96937086
       9      0.96112495
      10      0.96029596
      11      0.92967461
      12      0.90919319
      13   0.9450
 
