       1       171.59486
       2       169.55400
       3       155.21200
       4       207.09166
       5       218.91169
       6       229.01224
       7       249.36862
       8       195.40709
       9       147.34532
      10       152.52890
      11       181.85074
      12       182.25695
      13  2260.13
 
       1       114.06456
       2       116.33726
       3       100.56635
       4       131.56408
       5       135.21582
       6       131.56628
       7       140.99487
       8       113.81211
       9       93.285515
      10       99.648621
      11       122.04806
      12       124.08418
      13  1423.19
 
       1       14.120496
       2       16.865093
       3       13.187602
       4       16.613487
       5       16.023705
       6       14.496425
       7       15.425363
       8       13.162046
       9       11.387221
      10       11.720397
      11       15.177821
      12       16.443903
      13   174.62
 
       1       18.766477
       2       22.511627
       3       18.392662
       4       25.453819
       5       27.298939
       6       45.783624
       7       47.127307
       8       32.475494
       9       20.716357
      10       15.355206
      11       19.833402
      12       23.847264
      13   317.56
 
       1       15.439331
       2       17.456596
       3       16.305773
       4       26.690770
       5       31.862765
       6       44.625669
       7       49.063758
       8       41.297863
       9       30.029292
      10       21.608407
      11       22.291305
      12       23.127782
      13   339.80
 
       1       12.788055
       2       18.079292
       3       17.581522
       4       30.073956
       5       34.189659
       6       34.676504
       7       34.414064
       8       24.629137
       9       20.226951
      10       17.236859
      11       16.841966
      12       14.546726
      13    22.94
 
       1 0.0
       2 0.0
       3 0.0
       4 0.0
       5 0.0
       6 0.0
       7 0.0
       8 0.0
       9 0.0
      10 0.0
      11 0.0
      12 0.0
      13 0.0
 
       1     0.015695849
       2     0.022664105
       3     0.021146989
       4     0.036717900
       5     0.041579443
       6     0.041743814
       7     0.040721031
       8     0.028811070
       9     0.023819538
      10     0.020687976
      11     0.020803743
      12     0.017941107
      13   0.0277
 
       1      0.89011261
       2      0.88913159
       3      0.88788773
       4      0.88800905
       5      0.88702945
       6      0.88773592
       7      0.88967458
       8      0.89065872
       9      0.88956418
      10      0.88907998
      11      0.89050056
      12      0.89037736
      13   0.8891
 
       1    0.0019171609
       2    0.0027348529
       3    0.0026193681
       4    0.0044942782
       5    0.0050961023
       6    0.0051240147
       7    0.0050335809
       8    0.0035924734
       9    0.0029696735
      10    0.0025573202
      11    0.0025324753
      12    0.0021831193
      13   0.0034
 
       1      0.27181809
       2      0.29861046
       3      0.31527838
       4      0.35711160
       5      0.38408287
       6      0.40763496
       7      0.36472180
       8      0.34454125
       9      0.31577423
      10      0.32032221
      11      0.31090409
      12      0.29735670
      13   0.3323
 
