       1       127.88782
       2       106.01272
       3       140.44848
       4       126.32925
       5       155.88640
       6       110.36814
       7       126.05999
       8       118.94070
       9       107.17031
      10       64.523314
      11       81.991231
      12       100.11870
      13  1365.74
 
       1       87.126611
       2       71.985869
       3       87.626997
       4       79.779288
       5       93.549507
       6       68.249800
       7       69.720142
       8       69.240663
       9       68.933853
      10       43.594059
      11       55.619384
      12       69.503778
      13   864.93
 
       1       11.490841
       2       9.4790928
       3       10.429518
       4       9.4663771
       5       9.8037971
       6       8.0318721
       7       6.9711757
       8       7.5648162
       9       8.5185074
      10       5.8961943
      11       6.6497710
      12       8.4429802
      13   102.74
 
       1       10.691745
       2       10.661253
       3       11.379952
       4       10.454491
       5       13.134655
       6       15.424885
       7       17.248483
       8       15.050530
       9       11.334512
      10       5.4800633
      11       7.1346727
      12       9.8614868
      13   137.86
 
       1       8.5625311
       2       10.553069
       3       10.368902
       4       13.651325
       5       16.793366
       6       14.263160
       7       19.043266
       8       22.999393
       9       21.503988
      10       12.451447
      11       10.380461
      12       9.8468486
      13   170.42
 
       1       9.3719338
       2       10.653341
       3       13.499660
       4       15.792173
       5       21.114375
       6       16.790737
       7       15.153279
       8       14.744235
       9       14.209349
      10       7.8413798
      11       7.8730196
      12       7.9094817
      13    12.91
 
       1 0.0
       2 0.0
       3 0.0
       4 0.0
       5 0.0
       6 0.0
       7 0.0
       8 0.0
       9 0.0
      10 0.0
      11 0.0
      12 0.0
      13 0.0
 
       1     0.099392730
       2      0.11322810
       3      0.14013513
       4      0.16427548
       5      0.21545227
       6      0.17015997
       7      0.14977386
       8      0.14613624
       9      0.14314239
      10     0.076786953
      11     0.080139538
      12     0.083566517
      13   0.1318
 
       1      0.87195055
       2      0.87144668
       3      0.87278022
       4      0.87477544
       5      0.87227792
       6      0.87076843
       7      0.87199187
       8      0.87342862
       9      0.87268670
      10      0.87017590
      11      0.87272947
      12      0.87329668
      13   0.8724
 
       1     0.013209882
       2     0.015046720
       3     0.018810291
       4     0.022039715
       5     0.029236631
       6     0.023243435
       7     0.020685143
       8     0.020170663
       9     0.019602710
      10     0.010824011
      11     0.010985231
      12     0.011178332
      13   0.0179
 
       1      0.70143284
       2      0.71400268
       3      0.76579212
       4      0.73295285
       5      0.79585791
       6      0.79560163
       7      0.78443243
       8      0.77265298
       9      0.76236067
      10      0.69402955
      11      0.64571764
      12      0.67016077
      13   0.7362
 
