       1       7.0742916
       2       8.1061042
       3       16.207152
       4       18.970912
       5       40.134099
       6       43.690771
       7       41.549218
       8       25.375165
       9       18.692169
      10       11.848876
      11       8.3798810
      12       5.6237387
      13   245.65
 
       1       5.3906802
       2       5.7550970
       3       11.014416
       4       11.874966
       5       21.675272
       6       22.550842
       7       22.419526
       8       14.150546
       9       10.789180
      10       7.3444493
      11       5.8123153
      12       4.1684842
      13   142.95
 
       1      0.72273577
       2      0.89294392
       3       2.1432860
       4       2.5290334
       5       3.4019076
       6       2.8860401
       7       3.2431623
       8       2.0805838
       9       1.4959140
      10      0.97417029
      11      0.85188458
      12      0.50042415
      13    21.72
 
       1      0.68977721
       2      0.76669633
       3       3.7475374
       4       3.8194333
       5       7.0998938
       6       12.334290
       7       14.390492
       8       6.8615425
       9       3.0315244
      10      0.57768590
      11      0.83544748
      12      0.74883423
      13    54.90
 
       1      0.15959898
       2      0.41422496
       3       2.2608939
       4       3.1518164
       5       4.1918415
       6       5.7804708
       7       6.7686997
       8       4.6692331
       9       2.4744372
      10      0.33783804
      11      0.12367120
      12      0.12461009
      13    30.46
 
       1      0.55498759
       2      0.90313532
       3       2.5422210
       4       3.3319692
       5       4.3612084
       6       3.8860335
       7       3.5464822
       8       2.2731174
       9       1.6091286
      10      0.89727647
      11      0.83050396
      12      0.45858456
      13     2.10
 
       1 0.0
       2 0.0
       3 0.0
       4 0.0
       5 0.0
       6 0.0
       7 0.0
       8 0.0
       9 0.0
      10 0.0
      11 0.0
      12 0.0
      13 0.0
 
       1     0.011989929
       2     0.019147460
       3     0.052281541
       4     0.068503948
       5     0.089280386
       6     0.075374929
       7     0.067456726
       8     0.042665821
       9     0.030957462
      10     0.018067657
      11     0.018594413
      12     0.010151095
      13   0.0420
 
       1      0.87097515
       2      0.86907330
       3      0.86517842
       4      0.86484548
       5      0.86811473
       6      0.86559524
       7      0.86605159
       8      0.86518068
       9      0.86261413
      10      0.87205988
      11      0.87188534
      12      0.87427996
      13   0.8680
 
       1    0.0016148916
       2    0.0026008592
       3    0.0071721150
       4    0.0093798104
       5     0.012111889
       6     0.010515591
       7    0.0095308521
       8    0.0061238956
       9    0.0043921911
      10    0.0025219606
      11    0.0024381586
      12    0.0013417857
      13   0.0058
 
       1      0.86318689
       2      0.85970926
       3      0.94010183
       4      0.96911991
       5      0.97720495
       6      0.97766446
       7      0.97320663
       8      0.96030990
       9      0.97538978
      10      0.89492452
      11      0.95302209
      12      0.92066289
      13   0.9387
 
