       1       103.77893
       2       142.02102
       3       173.45674
       4       170.17035
       5       140.57538
       6       131.05461
       7       139.60512
       8       120.90854
       9       108.56149
      10       74.491880
      11       68.109203
      12       118.81360
      13  1491.55
 
       1       70.024271
       2       98.012701
       3       111.46478
       4       107.49066
       5       88.313977
       6       78.564712
       7       77.352354
       8       70.653710
       9       69.115622
      10       49.746367
      11       48.812785
      12       82.944473
      13   952.50
 
       1       8.7444920
       2       12.683632
       3       11.572547
       4       10.958172
       5       8.3385155
       6       6.7809751
       7       6.3518853
       8       6.4818047
       9       7.6141490
      10       5.9346083
      11       6.1937487
      12       9.9002455
      13   101.55
 
       1       9.7498190
       2       14.379569
       3       13.623279
       4       16.657728
       5       10.698959
       6       13.580781
       7       14.299802
       8       13.947163
       9       11.112551
      10       5.9377327
      11       7.0545354
      12       10.734395
      13   141.78
 
       1       7.9727595
       2       11.988628
       3       13.921404
       4       21.290977
       5       14.057893
       6       17.303117
       7       19.351531
       8       22.184746
       9       24.942881
      10       12.526928
      11       9.3375739
      12       10.913615
      13   185.79
 
       1       7.0771462
       2       14.467997
       3       18.072185
       4       22.868043
       5       20.948416
       6       20.889274
       7       17.745930
       8       15.520322
       9       14.542789
      10       7.9901206
      11       6.7862903
      12       8.4913838
      13    14.62
 
       1 0.0
       2 0.0
       3 0.0
       4 0.0
       5 0.0
       6 0.0
       7 0.0
       8 0.0
       9 0.0
      10 0.0
      11 0.0
      12 0.0
      13 0.0
 
       1     0.092818530
       2      0.19557222
       3      0.24392904
       4      0.30695385
       5      0.27894738
       6      0.27211615
       7      0.22344878
       8      0.19391895
       9      0.18435710
      10     0.099928361
      11     0.086969850
      12      0.11400900
      13   0.1911
 
       1      0.85143309
       2      0.85118351
       3      0.85380042
       4      0.85278067
       5      0.85369255
       6      0.85145232
       7      0.85154513
       8      0.85165606
       9      0.85216001
      10      0.85096937
      11      0.85230360
      12      0.85459229
      13   0.8523
 
       1     0.014379078
       2     0.029586238
       3     0.036968607
       4     0.046578997
       5     0.042637305
       6     0.042096655
       7     0.035116080
       8     0.030615383
       9     0.028940577
      10     0.015942561
      11     0.013725544
      12     0.017379899
      13   0.0295
 
       1      0.68571108
       2      0.78190684
       3      0.81659128
       4      0.85857785
       5      0.82701658
       6      0.87982217
       7      0.83627690
       8      0.82493012
       9      0.80208131
      10      0.70838416
      11      0.64517838
      12      0.69477099
      13   0.7801
 
