       1       486.24833
       2       446.74969
       3       471.83982
       4       455.71880
       5       487.43056
       6       526.19809
       7       545.84921
       8       513.57571
       9       495.75201
      10       463.45570
      11       470.01481
      12       494.31053
      13  5857.14
 
       1       291.84155
       2       271.16505
       3       291.81745
       4       283.53196
       5       300.09593
       6       319.10638
       7       331.55951
       8       314.85697
       9       309.94193
      10       287.36728
      11       288.52752
      12       299.08301
      13  3588.89
 
       1       37.365788
       2       35.151657
       3       36.051318
       4       33.925626
       5       36.538405
       6       38.924744
       7       40.764971
       8       39.244863
       9       37.749275
      10       35.338449
      11       35.451125
      12       37.428908
      13   443.94
 
       1       133.48958
       2       120.90029
       3       124.90026
       4       116.74915
       5       127.09515
       6       141.02615
       7       145.92476
       8       136.38027
       9       127.55095
      10       119.95442
      11       124.96136
      12       135.95471
      13  1554.89
 
       1       23.021870
       2       18.633799
       3       20.717397
       4       21.148964
       5       23.194495
       6       26.293471
       7       27.507791
       8       24.654835
       9       20.922924
      10       20.817693
      11       20.195722
      12       21.730778
      13   268.84
 
       1       5.9779629
       2       6.1833631
       3       5.7326208
       4       5.5088621
       5       5.7857592
       6       6.5145697
       7       6.5749139
       8       6.3290464
       9       6.2619177
      10       5.5918338
      11       5.7415347
      12       5.9521422
      13     6.01
 
       1 0.0
       2 0.0
       3 0.0
       4 0.0
       5 0.0
       6 0.0
       7 0.0
       8 0.0
       9 0.0
      10 0.0
      11 0.0
      12 0.0
      13 0.0
 
       1     0.024724108
       2     0.025666273
       3     0.024160295
       4     0.023071580
       5     0.023817146
       6     0.026562184
       7     0.027057442
       8     0.026316871
       9     0.026530619
      10     0.023391695
      11     0.023814448
      12     0.024527150
      13   0.0250
 
       1       1.0000000
       2       1.0000000
       3       1.0000000
       4       1.0000000
       5       1.0000000
       6       1.0000000
       7       1.0000000
       8       1.0000000
       9       1.0000000
      10       1.0000000
      11       1.0000000
      12       1.0000000
      13   1.0000
 
       1       0.0000000
       2       0.0000000
       3       0.0000000
       4       0.0000000
       5       0.0000000
       6       0.0000000
       7       0.0000000
       8       0.0000000
       9       0.0000000
      10       0.0000000
      11       0.0000000
      12       0.0000000
      13   0.0000
 
       1      0.74060385
       2      0.74091660
       3      0.66222440
       4      0.64956535
       5      0.62535934
       6      0.62436330
       7      0.65111836
       8      0.68737678
       9      0.70102308
      10      0.72339002
      11      0.73419404
      12      0.72317463
      13   0.6886
 
