       1       15.458557
       2       14.232999
       3       21.699716
       4       20.967213
       5       29.106343
       6       52.182117
       7       43.338203
       8       26.320033
       9       18.269406
      10       12.190789
      11       8.7089391
      12       8.7339290
      13   271.21
 
       1       9.9900196
       2       9.0093704
       3       13.384031
       4       12.724368
       5       15.712024
       6       25.324452
       7       23.675465
       8       15.268786
       9       10.669261
      10       8.0371927
      11       6.4429026
      12       6.1090165
      13   156.35
 
       1       1.0833068
       2       1.1581157
       3       2.2076289
       4       2.4287126
       5       2.2692528
       6       3.0080519
       7       3.1672276
       8       2.1946013
       9       1.3787705
      10       1.2135033
      11      0.98600618
      12      0.80620220
      13    21.90
 
       1       1.1112874
       2       1.6075516
       3       3.4814569
       4       3.1809832
       5       3.6679875
       6       14.361974
       7       15.481905
       8       7.6620161
       9       3.3646264
      10       1.0214782
      11      0.95572418
      12       1.6992329
      13    57.60
 
       1      0.27506927
       2      0.52169813
       3       2.2664242
       4       2.8831553
       5       2.7233986
       6       7.2470359
       7       6.3458405
       8       4.7763243
       9       1.9576213
      10      0.39071837
      11      0.31512633
      12      0.32305247
      13    30.03
 
       1       1.1002095
       2       1.5647229
       3       2.9311774
       4       2.9122516
       5       2.6796746
       6       4.2355350
       7       3.7851753
       8       2.3559315
       9       1.6225433
      10       1.1763072
      11      0.92610521
      12      0.67220549
      13     2.16
 
       1 0.0
       2 0.0
       3 0.0
       4 0.0
       5 0.0
       6 0.0
       7 0.0
       8 0.0
       9 0.0
      10 0.0
      11 0.0
      12 0.0
      13 0.0
 
       1     0.030874939
       2     0.042767095
       3     0.080359444
       4     0.079656834
       5     0.068174388
       6      0.10545749
       7     0.091991715
       8     0.057126679
       9     0.039862881
      10     0.032047333
      11     0.026374042
      12     0.018665853
      13   0.0561
 
       1      0.88940697
       2      0.88749044
       3      0.88716254
       4      0.88755591
       5      0.88450451
       6      0.88361750
       7      0.88283298
       8      0.88260900
       9      0.88340681
      10      0.88784541
      11      0.88963983
      12      0.88860710
      13   0.8862
 
       1    0.0035350882
       2    0.0049740855
       3    0.0093216211
       4    0.0092458443
       5    0.0081769379
       6     0.012737462
       7     0.011269382
       8    0.0070567044
       9    0.0049155297
      10    0.0037307788
      11    0.0030081548
      12    0.0021646581
      13   0.0067
 
       1      0.91296465
       2      0.89533563
       3      0.94088561
       4      0.96081680
       5      0.97159758
       6      0.98819703
       7      0.97625862
       8      0.97570198
       9      0.98318591
      10      0.95719677
      11      0.94107427
      12      0.87531826
      13   0.9482
 
