       1       60.844673
       2       53.484647
       3       44.730715
       4       37.961047
       5       28.969753
       6       16.368080
       7       15.468741
       8       11.830117
       9       10.631001
      10       21.556278
      11       45.385546
      12       82.506595
      13   429.74
 
       1       31.457823
       2       29.574175
       3       25.824676
       4       23.357540
       5       19.694904
       6       10.807556
       7       10.434245
       8       8.2284701
       9       7.2830254
      10       12.088305
      11       23.773485
      12       40.166573
      13   242.69
 
       1       5.6440527
       2       4.7498752
       3       3.8092091
       4       2.6160280
       5       1.7068372
       6      0.96876808
       7      0.82186705
       8      0.63652214
       9      0.64358055
      10       1.6979804
      11       3.8803936
      12       7.1306076
      13    34.31
 
       1       18.391089
       2       16.812374
       3       12.883556
       4       10.033852
       5       7.8050236
       6       5.0661517
       7       5.3034695
       8       3.1592564
       9       2.5564193
      10       6.9386347
      11       13.833819
      12       26.387253
      13   129.17
 
       1       3.5336961
       2       2.6443275
       3       2.4618032
       4       1.7876502
       5       1.4489144
       6       1.3627966
       7       1.3555076
       8      0.95379317
       9      0.65179867
      10       1.3371852
      11       2.2951006
      12       4.2821633
      13    24.11
 
       1      0.84198156
       2      0.83188710
       3      0.61649253
       4      0.43741563
       5      0.30925695
       6      0.20059884
       7      0.16965922
       8      0.11323792
       9      0.11846574
      10      0.27986149
      11      0.58098995
      12       1.0570727
      13     0.46
 
       1 0.0
       2 0.0
       3 0.0
       4 0.0
       5 0.0
       6 0.0
       7 0.0
       8 0.0
       9 0.0
      10 0.0
      11 0.0
      12 0.0
      13 0.0
 
       1     0.021833417
       2     0.022070631
       3     0.016877090
       4     0.012214127
       5    0.0089908502
       6    0.0055822266
       7    0.0047620536
       8    0.0035066287
       9    0.0035086832
      10    0.0073788779
      11     0.015249965
      12     0.026397624
      13   0.0124
 
       1       1.0000000
       2       1.0000000
       3       1.0000000
       4       1.0000000
       5       1.0000000
       6       1.0000000
       7       1.0000000
       8       1.0000000
       9       1.0000000
      10       1.0000000
      11       1.0000000
      12       1.0000000
      13   1.0000
 
       1       0.0000000
       2       0.0000000
       3       0.0000000
       4       0.0000000
       5       0.0000000
       6       0.0000000
       7       0.0000000
       8       0.0000000
       9       0.0000000
      10       0.0000000
      11       0.0000000
      12       0.0000000
      13   0.0000
 
       1      0.68615925
       2      0.63841580
       3      0.53535777
       4      0.41736361
       5      0.37368574
       6      0.30218803
       7      0.40615375
       8      0.49988695
       9      0.49517713
      10      0.53851817
      11      0.61205470
      12      0.63877988
      13   0.5120
 
