       1       10.440897
       2       9.4990093
       3       17.789023
       4       32.013433
       5       40.156528
       6       52.000339
       7       43.330660
       8       23.479775
       9       19.970848
      10       10.169996
      11       10.355328
      12       8.3034320
      13   277.51
 
       1       7.0810743
       2       6.6122067
       3       12.238907
       4       18.790064
       5       21.791753
       6       26.551872
       7       22.707079
       8       12.786434
       9       11.462384
      10       6.8219852
      11       6.9484326
      12       5.9629618
      13   159.76
 
       1      0.88184857
       2      0.90720698
       3       2.2653905
       4       3.2145035
       5       3.3439241
       6       3.2986003
       7       2.9869449
       8       1.7158234
       9       1.4721839
      10       1.0285086
      11      0.87477644
      12      0.67150226
      13    22.66
 
       1      0.59091441
       2       1.0275612
       3       4.2328006
       4       4.6275759
       5       7.3959109
       6       14.845126
       7       14.442427
       8       5.1044979
       9       3.1432885
      10       1.1748135
      11      0.63173130
      12      0.97582575
      13    58.19
 
       1     0.086133819
       2      0.40484611
       3       1.4162246
       4       2.2840186
       5       4.3689003
       6       7.0914107
       7       6.8124278
       8       3.7753078
       9       2.2475863
      10      0.45098217
      11     0.088376717
      12      0.18607535
      13    29.21
 
       1      0.66715955
       2       1.4109139
       3       3.5014723
       4       4.7925974
       5       4.5774586
       6       4.0991380
       7       3.5616211
       8       1.9722244
       9       1.7216735
      10       1.2574197
      11      0.81542625
      12      0.65384865
      13     2.42
 
       1 0.0
       2 0.0
       3 0.0
       4 0.0
       5 0.0
       6 0.0
       7 0.0
       8 0.0
       9 0.0
      10 0.0
      11 0.0
      12 0.0
      13 0.0
 
       1     0.018497932
       2     0.038401778
       3     0.099140300
       4      0.13774895
       5      0.12324204
       6      0.10217389
       7     0.086295219
       8     0.047184092
       9     0.043491511
      10     0.034497539
      11     0.023841633
      12     0.018429800
      13   0.0644
 
       1      0.88965689
       2      0.88567298
       3      0.88755499
       4      0.88908528
       5      0.88776239
       6      0.88538568
       7      0.88444572
       8      0.88233256
       9      0.88385818
      10      0.88587583
      11      0.89128419
      12      0.88949190
      13   0.8869
 
       1    0.0021367090
       2    0.0045009529
       3     0.011303612
       4     0.015506779
       5     0.014318267
       6     0.012304315
       7     0.010573603
       8    0.0058670857
       9    0.0052655451
      10    0.0040306124
      11    0.0026782964
      12    0.0021258962
      13   0.0076
 
       1      0.86711870
       2      0.91856025
       3      0.96841841
       4      0.98193263
       5      0.98579935
       6      0.97984231
       7      0.97525275
       8      0.97901196
       9      0.98504359
      10      0.97928169
      11      0.96879629
      12      0.90593154
      13   0.9579
 
