       1       11.819423
       2       10.730635
       3       14.846130
       4       27.544640
       5       38.135580
       6       46.755033
       7       32.484830
       8       27.133993
       9       19.156280
      10       13.497210
      11       9.2919113
      12       8.8936338
      13   260.29
 
       1       7.2726867
       2       7.1765725
       3       9.9025529
       4       17.836149
       5       20.824922
       6       24.468578
       7       19.117559
       8       15.178188
       9       11.265906
      10       8.6746070
      11       7.0873788
      12       6.1295078
      13   154.93
 
       1      0.84502030
       2       1.0141863
       3       1.8443304
       4       3.5814078
       5       3.2809634
       6       3.0961986
       7       2.8204021
       8       2.1178080
       9       1.5243847
      10       1.3717656
      11       1.1178176
      12      0.74280317
      13    23.36
 
       1       1.2410390
       2       1.0353351
       3       1.8163563
       4       5.2360066
       5       7.6658523
       6       12.090818
       7       8.3743989
       8       7.2441271
       9       2.6971002
      10       1.1634537
      11       1.0570196
      12      0.89295709
      13    50.51
 
       1      0.54712258
       2      0.44188127
       3       1.0344830
       4       4.7275866
       5       4.4138080
       6       6.6783972
       7       5.7172684
       8       5.2988588
       9       2.3395666
      10      0.49382607
      11      0.28446450
      12      0.34084437
      13    32.32
 
       1      0.75963325
       2       1.1047125
       3       2.2715642
       4       4.6464161
       5       4.2964606
       6       4.2876033
       7       3.0976721
       8       2.3762415
       9       1.7255298
      10       1.4082158
      11       1.0609163
      12      0.74988020
      13     2.32
 
       1 0.0
       2 0.0
       3 0.0
       4 0.0
       5 0.0
       6 0.0
       7 0.0
       8 0.0
       9 0.0
      10 0.0
      11 0.0
      12 0.0
      13 0.0
 
       1     0.020016349
       2     0.029008142
       3     0.061972095
       4      0.12326634
       5      0.11253565
       6      0.10568468
       7     0.074107103
       8     0.055735772
       9     0.043140442
      10     0.039182703
      11     0.029942164
      12     0.020438380
      13   0.0596
 
       1      0.85084831
       2      0.84896215
       3      0.84882244
       4      0.84790502
       5      0.84893222
       6      0.84579894
       7      0.84545446
       8      0.84304461
       9      0.84588409
      10      0.85147107
      11      0.85437072
      12      0.85327647
      13   0.8487
 
       1    0.0031200922
       2    0.0045171448
       3    0.0094860076
       4     0.019032678
       5     0.017374272
       6     0.016708212
       7     0.011941761
       8    0.0090981836
       9    0.0068528741
      10    0.0059258831
      11    0.0044929517
      12    0.0031516228
      13   0.0093
 
       1      0.87448642
       2      0.86306031
       3      0.95032965
       4      0.97824930
       5      0.98353717
       6      0.98541775
       7      0.97465046
       8      0.97469939
       9      0.98501498
      10      0.98306657
      11      0.94626195
      12      0.87174540
      13   0.9475
 
