       1       28.030840
       2       32.539419
       3       23.018677
       4       18.915435
       5       18.178723
       6       25.128538
       7       18.659402
       8       13.961966
       9       11.865145
      10       12.326182
      11       15.970737
      12       29.533093
      13   248.13
 
       1       14.608014
       2       16.796913
       3       12.517496
       4       11.041224
       5       10.977038
       6       14.607800
       7       10.830478
       8       8.3736705
       9       7.2089094
      10       7.0212233
      11       8.2438867
      12       15.052322
      13   137.28
 
       1       2.2409542
       2       2.6521505
       3       2.0617632
       4       1.5983679
       5       1.4683367
       6       1.8787715
       7       1.3990176
       8       1.0500465
       9      0.98065898
      10       1.0566939
      11       1.3481080
      12       2.2889205
      13    20.02
 
       1       9.3612065
       2       11.106821
       3       7.4801711
       4       5.4090100
       5       5.4177299
       6       7.2391064
       7       6.1301904
       8       4.3551599
       9       3.9375880
      10       4.0593788
      11       5.4387134
      12       10.497704
      13    80.43
 
       1       1.4595616
       2       1.3137429
       3      0.99175036
       4      0.86266472
       5      0.75521566
       6      0.89181936
       7      0.84315589
       8      0.84013123
       9      0.87268272
      10       1.0608459
      11       1.3261249
      12       1.9436181
      13    13.16
 
       1      0.40469038
       2      0.52464848
       3      0.37412559
       4      0.33707446
       5      0.32386776
       6      0.43494352
       7      0.32472842
       8      0.23543978
       9      0.21622675
      10      0.19806569
      11      0.22787005
      12      0.38430399
      13     0.33
 
       1 0.0
       2 0.0
       3 0.0
       4 0.0
       5 0.0
       6 0.0
       7 0.0
       8 0.0
       9 0.0
      10 0.0
      11 0.0
      12 0.0
      13 0.0
 
       1     0.014853298
       2     0.019472810
       3     0.014380427
       4     0.013205435
       5     0.013260171
       6     0.017831757
       7     0.013035661
       8    0.0098429293
       9    0.0088200946
      10    0.0077061983
      11    0.0085264063
      12     0.014285638
      13   0.0129
 
       1       1.0000000
       2       1.0000000
       3       1.0000000
       4       1.0000000
       5       1.0000000
       6       1.0000000
       7       1.0000000
       8       1.0000000
       9       1.0000000
      10       1.0000000
      11       1.0000000
      12       1.0000000
      13   1.0000
 
       1       0.0000000
       2       0.0000000
       3       0.0000000
       4       0.0000000
       5       0.0000000
       6       0.0000000
       7       0.0000000
       8       0.0000000
       9       0.0000000
      10       0.0000000
      11       0.0000000
      12       0.0000000
      13   0.0000
 
       1      0.29136439
       2      0.27480393
       3      0.25654399
       4      0.22208734
       5      0.14959333
       6      0.20334717
       7      0.24475038
       8      0.21516596
       9      0.21483180
      10      0.29873095
      11      0.34037462
      12      0.28896873
      13   0.2500
 
