       1       211.13427
       2       123.23578
       3       186.49631
       4       206.18895
       5       209.13732
       6       216.93519
       7       228.80853
       8       184.83160
       9       149.74171
      10       100.51099
      11       113.41161
      12       116.42185
      13  2046.85
 
       1       143.80416
       2       82.672752
       3       119.49025
       4       129.28307
       5       130.82739
       6       124.81481
       7       130.02001
       8       107.72519
       9       94.213135
      10       67.153205
      11       76.703830
      12       80.769694
      13  1287.48
 
       1       18.975488
       2       11.177169
       3       15.315935
       4       16.023180
       5       16.303605
       6       14.135487
       7       14.347697
       8       12.441576
       9       11.290957
      10       9.0561096
      11       9.5434418
      12       10.508131
      13   159.12
 
       1       24.206001
       2       16.545363
       3       22.935566
       4       25.785661
       5       34.814676
       6       41.221593
       7       45.304327
       8       31.184985
       9       20.701455
      10       11.779160
      11       12.921690
      12       14.497447
      13   301.90
 
       1       20.806698
       2       12.200904
       3       18.721298
       4       25.030106
       5       30.989164
       6       37.419855
       7       44.545320
       8       38.289410
       9       31.215130
      10       14.826651
      11       14.071525
      12       12.329818
      13   300.45
 
       1       16.124478
       2       14.108429
       3       20.675847
       4       30.534639
       5       34.864898
       6       32.213619
       7       30.847024
       8       24.294547
       9       21.177900
      10       13.076350
      11       11.189582
      12       9.7545850
      13    21.57
 
       1 0.0
       2 0.0
       3 0.0
       4 0.0
       5 0.0
       6 0.0
       7 0.0
       8 0.0
       9 0.0
      10 0.0
      11 0.0
      12 0.0
      13 0.0
 
       1     0.016136348
       2     0.013778234
       3     0.019924241
       4     0.029700592
       5     0.034205948
       6     0.030844839
       7     0.028842916
       8     0.022489937
       9     0.019947871
      10     0.012298514
      11     0.010577193
      12    0.0093793948
      13   0.0207
 
       1      0.84434982
       2      0.84212811
       3      0.84318770
       4      0.84292560
       5      0.84003893
       6      0.84152755
       7      0.84340368
       8      0.84416581
       9      0.84334571
      10      0.84534563
      11      0.84565447
      12      0.84574103
      13   0.8435
 
       1    0.0027609829
       2    0.0024064954
       3    0.0034945746
       4    0.0051780119
       5    0.0059327370
       6    0.0054135912
       7    0.0051144559
       8    0.0040223726
       9    0.0035395129
      10    0.0022035914
      11    0.0018885401
      12    0.0016566893
      13   0.0036
 
       1      0.27268339
       2      0.29110648
       3      0.30898514
       4      0.34314181
       5      0.38547315
       6      0.39571367
       7      0.35697591
       8      0.32332711
       9      0.32039562
      10      0.29231363
      11      0.28224873
      12      0.25726519
      13   0.3191
 
