       1       486.76113
       2       464.67530
       3       480.85561
       4       474.49465
       5       496.40451
       6       540.65145
       7       528.12639
       8       539.35454
       9       462.57949
      10       467.85332
      11       446.70556
      12       473.10064
      13  5861.56
 
       1       296.45198
       2       284.01611
       3       294.54857
       4       292.19195
       5       304.19884
       6       324.97618
       7       315.33234
       8       325.82274
       9       283.51121
      10       290.51389
      11       273.24058
      12       283.25905
      13  3568.06
 
       1       37.623393
       2       35.973329
       3       36.821659
       4       35.811574
       5       37.377416
       6       40.287188
       7       40.329018
       8       41.533910
       9       35.624628
      10       35.704237
      11       33.550680
      12       35.600866
      13   446.24
 
       1       130.54791
       2       123.45934
       3       127.71513
       4       121.98857
       5       130.19730
       6       144.27220
       7       143.45854
       8       143.78988
       9       122.40999
      10       121.06582
      11       118.55535
      12       130.18066
      13  1557.64
 
       1       22.716634
       2       20.762724
       3       22.160804
       4       23.398632
       5       26.082951
       6       28.671584
       7       29.620500
       8       27.527473
       9       22.482165
      10       20.861964
      11       21.868394
      12       22.697330
      13   288.85
 
       1       6.0368137
       2       6.2155996
       3       5.9059591
       4       5.6921221
       5       5.8008780
       6       6.7144874
       7       6.4520486
       8       6.5289728
       9       5.9641109
      10       5.6187240
      11       5.5452259
      12       5.6041728
      13     6.01
 
       1 0.0
       2 0.0
       3 0.0
       4 0.0
       5 0.0
       6 0.0
       7 0.0
       8 0.0
       9 0.0
      10 0.0
      11 0.0
      12 0.0
      13 0.0
 
       1     0.025072214
       2     0.026083836
       3     0.024617233
       4     0.023502538
       5     0.023866256
       6     0.027012795
       7     0.026022095
       8     0.026524332
       9     0.024418542
      10     0.023342539
      11     0.022764280
      12     0.022814703
      13   0.0247
 
       1       1.0000000
       2       1.0000000
       3       1.0000000
       4       1.0000000
       5       1.0000000
       6       1.0000000
       7       1.0000000
       8       1.0000000
       9       1.0000000
      10       1.0000000
      11       1.0000000
      12       1.0000000
      13   1.0000
 
       1       0.0000000
       2       0.0000000
       3       0.0000000
       4       0.0000000
       5       0.0000000
       6       0.0000000
       7       0.0000000
       8       0.0000000
       9       0.0000000
      10       0.0000000
      11       0.0000000
      12       0.0000000
      13   0.0000
 
       1      0.73454528
       2      0.72154942
       3      0.69235919
       4      0.65810575
       5      0.62975506
       6      0.64048922
       7      0.68017680
       8      0.69760489
       9      0.68017934
      10      0.70644533
      11      0.71424397
      12      0.71090397
      13   0.6889
 
