       1       9.1220378
       2       9.3468426
       3       15.795268
       4       16.951980
       5       52.653280
       6       40.522758
       7       39.664735
       8       22.277712
       9       17.639625
      10       9.5272157
      11       6.6043008
      12       6.2013439
      13   246.31
 
       1       5.9974946
       2       6.0352349
       3       10.417175
       4       11.375853
       5       26.779470
       6       21.353984
       7       21.064616
       8       12.658251
       9       10.517633
      10       6.7213175
      11       5.0367531
      12       4.6965115
      13   142.65
 
       1      0.72993140
       2      0.79452198
       3       1.8006689
       4       2.5540327
       5       3.5559391
       6       2.8329330
       7       2.9340024
       8       1.8118418
       9       1.3893312
      10       1.1132185
      11      0.71211050
      12      0.61688513
      13    20.85
 
       1      0.41013362
       2      0.50926404
       3       2.5221384
       4       3.5877828
       5       7.3216089
       6       10.817308
       7       13.938568
       8       5.2503309
       9       2.6659854
      10       1.3253453
      11      0.80062909
      12      0.52289186
      13    49.67
 
       1      0.13031196
       2      0.24583427
       3       1.6490799
       4       3.2672279
       5       4.5735598
       6       5.9650446
       7       6.9117990
       8       4.0809829
       9       2.2265848
      10      0.47672471
      11      0.12878794
      12      0.10460649
      13    29.76
 
       1      0.48015901
       2      0.75206662
       3       1.9541280
       4       3.9896322
       5       4.4179275
       6       3.9351322
       7       3.4211925
       8       1.9318678
       9       1.5975615
      10       1.2147695
      11      0.77382106
      12      0.50267163
      13     2.08
 
       1 0.0
       2 0.0
       3 0.0
       4 0.0
       5 0.0
       6 0.0
       7 0.0
       8 0.0
       9 0.0
      10 0.0
      11 0.0
      12 0.0
      13 0.0
 
       1     0.012685343
       2     0.019847050
       3     0.050018296
       4      0.10892466
       5      0.11497352
       6     0.098715717
       7     0.081598549
       8     0.045177539
       9     0.039102425
      10     0.032637307
      11     0.021587419
      12     0.014046604
      13   0.0533
 
       1      0.85039766
       2      0.84780497
       3      0.84405612
       4      0.84836124
       5      0.85025262
       6      0.84895253
       7      0.84567096
       8      0.84379339
       9      0.84476401
      10      0.84795774
      11      0.85269480
      12      0.85237114
      13   0.8481
 
       1    0.0019823369
       2    0.0031090564
       3    0.0079426218
       4     0.016646112
       5     0.017768977
       6     0.015466850
       7     0.013108210
       8    0.0074037845
       9    0.0062886205
      10    0.0050602743
      11    0.0033059988
      12    0.0021433534
      13   0.0084
 
       1      0.81451338
       2      0.86404597
       3      0.94539223
       4      0.98092119
       5      0.98963791
       6      0.98563733
       7      0.97838948
       8      0.96701738
       9      0.98388121
      10      0.98137860
      11      0.93299156
      12      0.91634352
      13   0.9450
 
