       1       490.35290
       2       442.34652
       3       506.03455
       4       462.74583
       5       495.88442
       6       523.29269
       7       503.77822
       8       533.59717
       9       449.57351
      10       469.49569
      11       485.45725
      12       479.81595
      13  5842.37
 
       1       294.35050
       2       267.34124
       3       309.68875
       4       281.37350
       5       300.20176
       6       316.62096
       7       305.68060
       8       329.20079
       9       278.93621
      10       288.08811
      11       297.50213
      12       292.56575
      13  3561.55
 
       1       38.420498
       2       34.131417
       3       39.337045
       4       35.004948
       5       36.737346
       6       39.800523
       7       38.645608
       8       40.103241
       9       34.424575
      10       35.927830
      11       36.341667
      12       35.872000
      13   444.75
 
       1       135.07583
       2       120.92182
       3       134.58290
       4       123.91544
       5       131.35074
       6       141.09045
       7       135.82043
       8       139.52017
       9       115.92862
      10       123.72033
      11       130.66662
      12       131.55775
      13  1564.15
 
       1       23.368036
       2       19.089163
       3       22.715986
       4       22.648880
       5       25.749277
       6       26.047448
       7       24.547933
       8       23.779855
       9       21.187433
      10       21.658679
      11       21.394184
      12       20.574248
      13   272.76
 
       1       6.0369799
       2       6.0669935
       3       6.2375309
       4       5.6008460
       5       5.7489653
       6       6.6361647
       7       6.2636456
       8       6.4092168
       9       5.7420405
      10       5.7130291
      11       5.9392056
      12       5.7910270
      13     6.02
 
       1 0.0
       2 0.0
       3 0.0
       4 0.0
       5 0.0
       6 0.0
       7 0.0
       8 0.0
       9 0.0
      10 0.0
      11 0.0
      12 0.0
      13 0.0
 
       1     0.024822385
       2     0.024964710
       3     0.025852202
       4     0.022961708
       5     0.023337527
       6     0.026799741
       7     0.025435003
       8     0.026420579
       9     0.023899089
      10     0.023504358
      11     0.024643845
      12     0.023974005
      13   0.0247
 
       1       1.0000000
       2       1.0000000
       3       1.0000000
       4       1.0000000
       5       1.0000000
       6       1.0000000
       7       1.0000000
       8       1.0000000
       9       1.0000000
      10       1.0000000
      11       1.0000000
      12       1.0000000
      13   1.0000
 
       1       0.0000000
       2       0.0000000
       3       0.0000000
       4       0.0000000
       5       0.0000000
       6       0.0000000
       7       0.0000000
       8       0.0000000
       9       0.0000000
      10       0.0000000
      11       0.0000000
      12       0.0000000
      13   0.0000
 
       1      0.73186262
       2      0.71735896
       3      0.70948559
       4      0.67440305
       5      0.64595551
       6      0.63087837
       7      0.66907480
       8      0.70252722
       9      0.68615115
      10      0.70615157
      11      0.72759551
      12      0.73563846
      13   0.6948
 
