       1       218.43278
       2       138.18636
       3       162.90763
       4       219.50669
       5       241.63862
       6       275.33268
       7       253.66881
       8       213.53583
       9       159.07633
      10       97.627220
      11       164.55558
      12       166.43006
      13  2310.90
 
       1       146.57997
       2       93.097516
       3       104.85603
       4       141.97052
       5       146.82942
       6       160.51481
       7       140.96443
       8       124.75662
       9       102.39922
      10       65.913838
      11       107.80157
      12       115.78735
      13  1451.47
 
       1       19.146744
       2       13.052409
       3       13.696949
       4       18.116829
       5       17.289855
       6       17.659454
       7       15.410815
       8       14.394563
       9       12.595170
      10       9.3682838
      11       12.553449
      12       15.297316
      13   178.58
 
       1       25.050345
       2       17.727321
       3       20.501482
       4       28.299414
       5       33.786833
       6       50.021634
       7       51.303787
       8       34.849706
       9       19.808544
      10       13.148893
      11       17.165861
      12       24.496400
      13   336.16
 
       1       16.871708
       2       15.243004
       3       15.687572
       4       25.419327
       5       35.477805
       6       53.654143
       7       47.984124
       8       46.519803
       9       33.132691
      10       17.477339
      11       18.398334
      12       18.294845
      13   344.16
 
       1       16.413110
       2       15.955006
       3       20.364570
       4       35.262789
       5       38.386497
       6       43.126395
       7       32.934600
       8       28.594594
       9       22.905601
      10       13.551509
      11       14.426134
      12       13.809626
      13    24.64
 
       1 0.0
       2 0.0
       3 0.0
       4 0.0
       5 0.0
       6 0.0
       7 0.0
       8 0.0
       9 0.0
      10 0.0
      11 0.0
      12 0.0
      13 0.0
 
       1     0.020592897
       2     0.019981515
       3     0.025023772
       4     0.044526301
       5     0.047974339
       6     0.052789739
       7     0.039183436
       8     0.034043211
       9     0.027521191
      10     0.016357518
      11     0.017533972
      12     0.017302535
      13   0.0302
 
       1      0.89747224
       2      0.89797891
       3      0.89666130
       4      0.89689136
       5      0.89672527
       6      0.89678808
       7      0.89848117
       8      0.89847963
       9      0.89687561
      10      0.89705865
      11      0.89851054
      12      0.89758849
      13   0.8975
 
       1    0.0023460541
       2    0.0022867129
       3    0.0029035133
       4    0.0050623524
       5    0.0054805289
       6    0.0060778441
       7    0.0045861809
       8    0.0039900662
       9    0.0032220441
      10    0.0019214527
      11    0.0020430404
      12    0.0019762675
      13   0.0035
 
       1      0.30223235
       2      0.30528763
       3      0.33597766
       4      0.38136936
       5      0.41951544
       6      0.42223960
       7      0.37400191
       8      0.35267507
       9      0.33738084
      10      0.31277101
      11      0.29608488
      12      0.29814720
      13   0.3448
 
