       1       101.40733
       2       85.734807
       3       125.94726
       4       161.97712
       5       158.77685
       6       170.45693
       7       149.81590
       8       116.24899
       9       95.236449
      10       74.721661
      11       105.69144
      12       186.18092
      13  1532.20
 
       1       69.355220
       2       59.847292
       3       80.583467
       4       99.619508
       5       97.765385
       6       104.62083
       7       85.182554
       8       67.348792
       9       61.656883
      10       51.068846
      11       69.571791
      12       126.08162
      13   972.70
 
       1       8.0114440
       2       7.9842425
       3       9.1412084
       4       9.6314954
       5       8.7657635
       6       8.7101076
       7       7.2110152
       8       6.6143101
       9       6.8699011
      10       6.0591160
      11       7.6548760
      12       16.282445
      13   102.94
 
       1       7.7279483
       2       8.5762430
       3       11.299577
       4       13.749146
       5       11.720106
       6       14.759448
       7       17.905260
       8       13.155029
       9       9.6283570
      10       4.5733131
      11       8.4639851
      12       18.544419
      13   140.10
 
       1       8.5529772
       2       7.7899281
       3       11.941881
       4       15.019244
       5       16.341698
       6       19.443949
       7       21.747318
       8       22.080989
       9       18.958976
      10       11.724880
      11       11.762042
      12       23.635551
      13   189.00
 
       1       7.4840011
       2       9.1219064
       3       12.313497
       4       18.416672
       5       22.703787
       6       29.637839
       7       22.072692
       8       15.345165
       9       14.267787
      10       8.9083495
      11       8.4332846
      12       12.446339
      13    15.10
 
       1 0.0
       2 0.0
       3 0.0
       4 0.0
       5 0.0
       6 0.0
       7 0.0
       8 0.0
       9 0.0
      10 0.0
      11 0.0
      12 0.0
      13 0.0
 
       1     0.078341454
       2     0.096971647
       3      0.12784196
       4      0.19501734
       5      0.24182698
       6      0.32406796
       7      0.23044166
       8      0.15397731
       9      0.14593320
      10     0.090163584
      11     0.086374200
      12      0.13673961
      13   0.1590
 
       1      0.82895329
       2      0.82943655
       3      0.82750998
       4      0.83220883
       5      0.83204649
       6      0.83377510
       7      0.83258336
       8      0.83034773
       9      0.83053746
      10      0.83100300
      11      0.82902295
      12      0.83353501
      13   0.8309
 
       1     0.013940623
       2     0.017078821
       3     0.022682787
       4     0.034129187
       5     0.042320895
       6     0.055712830
       7     0.040658914
       8     0.027869028
       9     0.026222505
      10     0.016431118
      11     0.015535671
      12     0.023430750
      13   0.0280
 
       1      0.63475926
       2      0.72451610
       3      0.73220239
       4      0.79429878
       5      0.82945712
       6      0.88873684
       7      0.86352018
       8      0.82027556
       9      0.78932346
      10      0.65828586
      11      0.70135287
      12      0.71267570
      13   0.7625
 
