       1       481.64308
       2       443.23873
       3       489.16349
       4       471.13735
       5       505.19422
       6       489.50986
       7       514.08931
       8       499.18087
       9       458.95185
      10       433.36943
      11       460.97617
      12       470.79466
      13  5717.25
 
       1       285.33736
       2       269.73731
       3       301.98632
       4       290.29754
       5       308.40350
       6       295.87969
       7       313.04549
       8       305.36929
       9       287.55202
      10       269.95245
      11       284.06614
      12       285.76037
      13  3497.39
 
       1       37.227791
       2       34.877099
       3       37.494859
       4       35.907313
       5       37.932832
       6       36.812064
       7       39.287655
       8       38.408812
       9       34.770866
      10       32.802483
      11       34.298642
      12       35.596855
      13   435.42
 
       1       134.71809
       2       117.94161
       3       128.38815
       4       122.98290
       5       132.27267
       6       130.60606
       7       136.21652
       8       132.74800
       9       117.84150
      10       113.00051
      11       122.35518
      12       128.21274
      13  1517.28
 
       1       23.241826
       2       21.041236
       3       21.896573
       4       21.681701
       5       25.546290
       6       25.137390
       7       25.518256
       8       23.218783
       9       19.707636
      10       18.367374
      11       19.135320
      12       21.260706
      13   265.75
 
       1       5.9583694
       2       6.1906817
       3       5.9664960
       4       5.7761556
       5       5.9096103
       6       6.1640442
       7       6.4305481
       8       6.3230652
       9       5.8289911
      10       5.2374077
      11       5.5584903
      12       5.6224943
      13     5.91
 
       1 0.0
       2 0.0
       3 0.0
       4 0.0
       5 0.0
       6 0.0
       7 0.0
       8 0.0
       9 0.0
      10 0.0
      11 0.0
      12 0.0
      13 0.0
 
       1     0.024125214
       2     0.025633549
       3     0.025053364
       4     0.024093470
       5     0.024290108
       6     0.024844456
       7     0.026192086
       8     0.025930079
       9     0.024633594
      10     0.021858465
      11     0.023184512
      12     0.023171924
      13   0.0244
 
       1       1.0000000
       2       1.0000000
       3       1.0000000
       4       1.0000000
       5       1.0000000
       6       1.0000000
       7       1.0000000
       8       1.0000000
       9       1.0000000
      10       1.0000000
      11       1.0000000
      12       1.0000000
      13   1.0000
 
       1       0.0000000
       2       0.0000000
       3       0.0000000
       4       0.0000000
       5       0.0000000
       6       0.0000000
       7       0.0000000
       8       0.0000000
       9       0.0000000
      10       0.0000000
      11       0.0000000
      12       0.0000000
      13   0.0000
 
       1      0.71350386
       2      0.72419058
       3      0.66725176
       4      0.63782406
       5      0.63898488
       6      0.62378433
       7      0.63380618
       8      0.67035534
       9      0.68183784
      10      0.69494673
      11      0.69482547
      12      0.70486331
      13   0.6738
 
