       1       9.4122503
       2       10.892753
       3       17.113794
       4       20.530149
       5       34.287897
       6       46.501826
       7       52.778748
       8       27.999059
       9       16.625747
      10       9.9530611
      11       6.6285794
      12       7.9220891
      13   260.65
 
       1       6.5801854
       2       7.3663744
       3       10.538768
       4       12.408009
       5       18.721407
       6       24.209269
       7       27.021555
       8       16.164482
       9       9.4866098
      10       6.5530887
      11       4.9491169
      12       5.8199963
      13   149.82
 
       1      0.89947334
       2       1.1461727
       3       1.7168216
       4       2.4294941
       5       2.9325723
       6       2.9688828
       7       3.3470361
       8       2.2659410
       9       1.2490041
      10      0.95738577
      11      0.74231979
      12      0.74958202
      13    21.40
 
       1       1.4372925
       2       2.4178140
       3       2.4606385
       4       3.0934004
       5       7.2029591
       6       12.995164
       7       17.581367
       8       7.7661567
       9       2.4566119
      10      0.78188692
      11      0.79560146
      12       1.4538843
      13    60.44
 
       1      0.66999337
       2       1.1159656
       3       1.3368657
       4       2.5071705
       5       4.4338403
       6       6.3453739
       7       6.7950402
       8       4.1687462
       9       1.8573073
      10      0.37231265
      11      0.12828586
      12      0.60700469
      13    30.34
 
       1       1.0151452
       2       1.6571813
       3       2.1168184
       4       2.8768319
       5       3.9823316
       6       3.9259794
       7       4.0314438
       8       2.6150626
       9       1.4303334
      10      0.98026939
      11      0.80425998
      12      0.63741296
      13     2.17
 
       1 0.0
       2 0.0
       3 0.0
       4 0.0
       5 0.0
       6 0.0
       7 0.0
       8 0.0
       9 0.0
      10 0.0
      11 0.0
      12 0.0
      13 0.0
 
       1     0.028615494
       2     0.046661647
       3     0.056870800
       4     0.077451317
       5      0.10699484
       6     0.096648352
       7     0.097587262
       8     0.063622003
       9     0.035368974
      10     0.026129623
      11     0.023223821
      12     0.017526192
      13   0.0564
 
       1      0.88821046
       2      0.88891245
       3      0.88521173
       4      0.88502645
       5      0.88634533
       6      0.88293744
       7      0.88390072
       8      0.88294225
       9      0.88215298
      10      0.88660527
      11      0.88945245
      12      0.88836927
      13   0.8858
 
       1    0.0032901129
       2    0.0053468567
       3    0.0066902510
       4    0.0090649018
       5     0.012462228
       6     0.011742953
       7     0.011963824
       8    0.0078267348
       9    0.0043430099
      10    0.0031037947
      11    0.0026495788
      12    0.0020461705
      13   0.0067
 
       1      0.90710274
       2      0.91278064
       3      0.91820700
       4      0.97153579
       5      0.98664263
       6      0.98261731
       7      0.97934057
       8      0.97676780
       9      0.98122809
      10      0.95989943
      11      0.94524263
      12      0.89314855
      13   0.9512
 
