       1       8.2093163
       2       10.259747
       3       22.021740
       4       22.886412
       5       40.219731
       6       49.278228
       7       50.411863
       8       24.996878
       9       22.365587
      10       10.008676
      11       6.8043060
      12       10.000228
      13   277.46
 
       1       5.5930432
       2       7.2492877
       3       13.217827
       4       14.324770
       5       21.535604
       6       24.596887
       7       28.080016
       8       14.702541
       9       12.921134
      10       6.8041240
      11       5.0942310
      12       7.4576400
      13   161.58
 
       1      0.68526303
       2       1.1408987
       3       2.1138500
       4       2.8710226
       5       3.3764466
       6       3.0369160
       7       3.6347514
       8       2.1661778
       9       1.5882707
      10       1.0647052
      11      0.78227933
      12       1.0902019
      13    23.55
 
       1      0.57191324
       2      0.90197371
       3       2.9481126
       4       3.6832744
       5       8.4105681
       6       15.462957
       7       16.567639
       8       5.8952690
       9       3.3376513
      10       1.0038336
      11      0.98483139
      12       1.3107349
      13    61.08
 
       1      0.17814377
       2      0.19159377
       3      0.99868954
       4       2.6657964
       5       4.6653584
       6       7.2674431
       7       6.6912372
       8       3.9703803
       9       2.9678603
      10      0.47550972
      11      0.17091638
      12      0.18450604
      13    30.43
 
       1      0.54460867
       2       1.1778051
       3       2.2895382
       4       4.2431629
       5       4.6310208
       6       4.1498608
       7       4.4011746
       8       2.4392341
       9       1.8475960
      10       1.2191768
      11      0.85644077
      12      0.96131881
      13     2.40
 
       1 0.0
       2 0.0
       3 0.0
       4 0.0
       5 0.0
       6 0.0
       7 0.0
       8 0.0
       9 0.0
      10 0.0
      11 0.0
      12 0.0
      13 0.0
 
       1     0.014850966
       2     0.032174146
       3     0.060349098
       4      0.11600380
       5      0.12226288
       6      0.10209182
       7      0.10782112
       8     0.059145580
       9     0.045538395
      10     0.034291994
      11     0.025054925
      12     0.027779630
      13   0.0623
 
       1      0.88095902
       2      0.87855519
       3      0.87711346
       4      0.87893717
       5      0.87917925
       6      0.87678549
       7      0.87899025
       8      0.87667347
       9      0.87648344
      10      0.88186419
      11      0.88372282
      12      0.88477727
      13   0.8795
 
       1    0.0018398769
       2    0.0039798513
       3    0.0075142494
       4     0.014214130
       5     0.015132307
       6     0.012977730
       7     0.013724924
       8    0.0076405076
       9    0.0058536582
      10    0.0041556338
      11    0.0029978096
      12    0.0033200061
      13   0.0078
 
       1      0.81161402
       2      0.89622627
       3      0.94622505
       4      0.97745900
       5      0.98858330
       6      0.98594061
       7      0.97729016
       8      0.97524189
       9      0.98090940
      10      0.96977391
      11      0.96275580
      12      0.91379626
      13   0.9488
 
