       1       497.57143
       2       427.68133
       3       462.92631
       4       473.28229
       5       521.47724
       6       507.63117
       7       554.18968
       8       499.84394
       9       464.26703
      10       477.08671
      11       469.93538
      12       479.32020
      13  5835.21
 
       1       300.88612
       2       260.27838
       3       285.09604
       4       292.53821
       5       319.78302
       6       310.86301
       7       333.61359
       8       305.28281
       9       286.77033
      10       295.07312
      11       285.59257
      12       292.04996
      13  3567.83
 
       1       37.910809
       2       33.335836
       3       35.754961
       4       35.630325
       5       38.805626
       6       37.725196
       7       42.159632
       8       38.349906
       9       35.541053
      10       36.115439
      11       35.492991
      12       36.351670
      13   443.17
 
       1       137.00706
       2       114.94203
       3       120.74574
       4       122.19384
       5       134.58375
       6       136.04091
       7       149.08638
       8       131.98973
       9       122.13650
      10       122.93643
      11       126.50011
      12       130.18723
      13  1548.35
 
       1       21.144985
       2       19.084789
       3       22.028159
       4       23.470782
       5       26.284387
       6       25.132818
       7       28.035908
       8       24.304309
       9       21.173386
      10       21.691166
      11       21.940097
      12       20.951214
      13   275.24
 
       1       6.0633546
       2       5.7739942
       3       5.6160498
       4       5.7464514
       5       6.0840583
       6       6.3461783
       7       6.8036301
       8       6.1399158
       9       5.8784417
      10       5.6188696
      11       5.7816108
      12       5.7285060
      13     5.97
 
       1 0.0
       2 0.0
       3 0.0
       4 0.0
       5 0.0
       6 0.0
       7 0.0
       8 0.0
       9 0.0
      10 0.0
      11 0.0
      12 0.0
      13 0.0
 
       1     0.024996353
       2     0.024063416
       3     0.023479360
       4     0.024106419
       5     0.025090016
       6     0.026031264
       7     0.027512780
       8     0.025242053
       9     0.024371078
      10     0.023366985
      11     0.023893963
      12     0.023812977
      13   0.0247
 
       1       1.0000000
       2       1.0000000
       3       1.0000000
       4       1.0000000
       5       1.0000000
       6       1.0000000
       7       1.0000000
       8       1.0000000
       9       1.0000000
      10       1.0000000
      11       1.0000000
      12       1.0000000
      13   1.0000
 
       1       0.0000000
       2       0.0000000
       3       0.0000000
       4       0.0000000
       5       0.0000000
       6       0.0000000
       7       0.0000000
       8       0.0000000
       9       0.0000000
      10       0.0000000
      11       0.0000000
      12       0.0000000
      13   0.0000
 
       1      0.72731661
       2      0.70889353
       3      0.69101486
       4      0.65685819
       5      0.61452685
       6      0.60428633
       7      0.64302409
       8      0.67667289
       9      0.67960438
      10      0.70768637
      11      0.71775127
      12      0.74273481
      13   0.6809
 
