       1       99.791268
       2       125.93649
       3       136.46445
       4       156.83554
       5       147.75228
       6       155.53543
       7       137.83368
       8       135.31444
       9       114.68543
      10       104.08876
      11       125.00441
      12       166.07698
      13  1605.32
 
       1       70.635228
       2       81.719584
       3       91.556423
       4       92.597530
       5       90.925035
       6       89.388825
       7       77.418859
       8       77.858142
       9       71.033770
      10       68.616134
      11       83.387243
      12       116.02654
      13  1011.16
 
       1       8.9838808
       2       10.323349
       3       12.713375
       4       8.5227404
       5       9.1978044
       6       7.7053261
       7       7.2809707
       8       7.2677981
       9       7.3606376
      10       7.8816795
      11       9.0870923
      12       15.460024
      13   111.78
 
       1       8.7159169
       2       10.227114
       3       14.761201
       4       10.887062
       5       13.105759
       6       15.925613
       7       19.399319
       8       15.610229
       9       11.424527
      10       9.6583104
      11       9.6400819
      12       21.844585
      13   161.20
 
       1       8.8816145
       2       10.345278
       3       15.521201
       4       14.011070
       5       17.120512
       6       19.382644
       7       25.809224
       8       25.410377
       9       22.931503
      10       18.887619
      11       17.036625
      12       16.216845
      13   211.55
 
       1       7.7127543
       2       10.712214
       3       14.845816
       4       16.175882
       5       21.708716
       6       23.370605
       7       19.507305
       8       17.037337
       9       15.243686
      10       11.997809
      11       10.290355
      12       11.668611
      13    15.02
 
       1 0.0
       2 0.0
       3 0.0
       4 0.0
       5 0.0
       6 0.0
       7 0.0
       8 0.0
       9 0.0
      10 0.0
      11 0.0
      12 0.0
      13 0.0
 
       1     0.081547776
       2      0.11378267
       3      0.15965393
       4      0.16575588
       5      0.22716860
       6      0.24325226
       7      0.19732916
       8      0.16932181
       9      0.15366320
      10      0.12294411
      11      0.10680748
      12      0.12699724
      13   0.1557
 
       1      0.87238586
       2      0.87270198
       3      0.87322456
       4      0.87308970
       5      0.87304673
       6      0.87223271
       7      0.87323196
       8      0.87238911
       9      0.87266470
      10      0.87412052
      11      0.87191336
      12      0.87404858
      13   0.8729
 
       1     0.010911338
       2     0.015079810
       3     0.020937393
       4     0.022415638
       5     0.030390615
       6     0.032568498
       7     0.026844665
       8     0.023350380
       9     0.021028696
      10     0.016725818
      11     0.014403914
      12     0.016528786
      13   0.0209
 
       1      0.66336446
       2      0.72444697
       3      0.77602458
       4      0.70729526
       5      0.83390669
       6      0.85791930
       7      0.82953011
       8      0.78765488
       9      0.78653830
      10      0.71901950
      11      0.72802290
      12      0.72894846
      13   0.7619
 
