       1       10.050809
       2       11.435773
       3       22.261242
       4       29.428466
       5       32.124934
       6       48.497018
       7       35.928380
       8       32.912513
       9       19.159928
      10       9.8529496
      11       7.6844229
      12       9.5384149
      13   268.87
 
       1       7.2622450
       2       7.7887018
       3       13.699630
       4       16.880765
       5       17.010638
       6       25.620942
       7       20.260370
       8       17.673252
       9       11.023223
      10       6.5273575
      11       5.7830589
      12       7.0708033
      13   156.60
 
       1      0.93991819
       2       1.1484152
       3       2.3209000
       4       3.0769424
       5       2.5955219
       6       3.4231868
       7       2.8682158
       8       2.3702806
       9       1.4334467
      10      0.96358859
      11      0.84550157
      12      0.83459169
      13    22.82
 
       1      0.79003271
       2       2.1171508
       3       2.8976656
       4       6.0456972
       5       5.2559876
       6       12.425631
       7       10.668732
       8       9.9100417
       9       3.0655376
      10      0.82154932
      11      0.96585120
      12      0.83879699
      13    55.80
 
       1     0.088245633
       2       1.3208146
       3       1.9228495
       4       3.4824006
       5       3.3814143
       6       7.3395099
       7       5.7369416
       8       5.8117707
       9       2.5330348
      10      0.29452369
      11      0.15450051
      12      0.27161354
      13    32.34
 
       1      0.91580286
       2       1.1852484
       3       2.4640542
       4       3.9271036
       5       3.1905330
       6       4.5126939
       7       3.1541856
       8       2.6432322
       9       1.6589726
      10      0.90414226
      11      0.85404468
      12      0.71597575
      13     2.18
 
       1 0.0
       2 0.0
       3 0.0
       4 0.0
       5 0.0
       6 0.0
       7 0.0
       8 0.0
       9 0.0
      10 0.0
      11 0.0
      12 0.0
      13 0.0
 
       1     0.020709058
       2     0.025572211
       3     0.051682412
       4     0.083158264
       5     0.065568511
       6     0.088600934
       7     0.060190546
       8     0.049912366
       9     0.032069242
      10     0.018747873
      11     0.018975067
      12     0.016033008
      13   0.0443
 
       1      0.87196090
       2      0.87248999
       3      0.86821086
       4      0.86860522
       5      0.86951384
       6      0.86601613
       7      0.86381659
       8      0.86444304
       9      0.86551561
      10      0.86926507
      11      0.87208939
      12      0.87480053
      13   0.8689
 
       1    0.0026910496
       2    0.0034084120
       3    0.0069754644
       4     0.011115517
       5    0.0088801789
       6     0.012297234
       7    0.0085052647
       8    0.0071189700
       9    0.0045390163
      10    0.0025641301
      11    0.0024988031
      12    0.0020950359
      13   0.0061
 
       1      0.92109177
       2      0.85475108
       3      0.90118513
       4      0.97788033
       5      0.97557201
       6      0.98115761
       7      0.97121890
       8      0.96464016
       9      0.97229006
      10      0.95498645
      11      0.94553169
      12      0.92919775
      13   0.9458
 
