       1       481.07385
       2       459.77597
       3       512.53246
       4       471.99757
       5       494.82360
       6       529.29292
       7       551.37912
       8       496.62555
       9       482.40579
      10       473.88865
      11       449.43574
      12       473.61000
      13  5876.84
 
       1       288.19471
       2       275.82142
       3       312.91001
       4       291.00755
       5       299.72367
       6       318.14835
       7       331.88380
       8       303.84380
       9       297.53244
      10       295.42484
      11       276.75989
      12       289.56969
      13  3580.82
 
       1       36.874170
       2       36.007725
       3       39.007688
       4       36.233906
       5       37.635404
       6       39.781780
       7       41.914568
       8       37.939306
       9       36.463039
      10       35.468401
      11       33.797290
      12       35.405965
      13   446.53
 
       1       133.89167
       2       127.63241
       3       136.16859
       4       123.78757
       5       130.91214
       6       143.61231
       7       151.40257
       8       130.47148
       9       127.29684
      10       122.55274
      11       119.68966
      12       126.57919
      13  1574.00
 
       1       22.067464
       2       21.157522
       3       23.201872
       4       22.554783
       5       24.782191
       6       27.304712
       7       27.357789
       8       23.590016
       9       21.993876
      10       20.622148
      11       20.068690
      12       20.212421
      13   274.91
 
       1       5.8224359
       2       6.2057615
       3       6.1529020
       4       5.9149068
       5       5.9648544
       6       6.6089997
       7       6.8603716
       8       6.1373978
       9       6.0150276
      10       5.6562031
      11       5.5675857
      12       5.6126817
      13     6.04
 
       1 0.0
       2 0.0
       3 0.0
       4 0.0
       5 0.0
       6 0.0
       7 0.0
       8 0.0
       9 0.0
      10 0.0
      11 0.0
      12 0.0
      13 0.0
 
       1     0.023815481
       2     0.025529716
       3     0.025335007
       4     0.024599281
       5     0.024198507
       6     0.026517404
       7     0.027698988
       8     0.025168091
       9     0.024889243
      10     0.023624041
      11     0.023148692
      12     0.023307166
      13   0.0248
 
       1       1.0000000
       2       1.0000000
       3       1.0000000
       4       1.0000000
       5       1.0000000
       6       1.0000000
       7       1.0000000
       8       1.0000000
       9       1.0000000
      10       1.0000000
      11       1.0000000
      12       1.0000000
      13   1.0000
 
       1       0.0000000
       2       0.0000000
       3       0.0000000
       4       0.0000000
       5       0.0000000
       6       0.0000000
       7       0.0000000
       8       0.0000000
       9       0.0000000
      10       0.0000000
      11       0.0000000
      12       0.0000000
      13   0.0000
 
       1      0.70052311
       2      0.70918815
       3      0.67744978
       4      0.64331976
       5      0.61795567
       6      0.60922044
       7      0.66348615
       8      0.66997988
       9      0.66495751
      10      0.68632687
      11      0.67708702
      12      0.69869007
      13   0.6682
 
