       1       483.15008
       2       396.78272
       3       485.06219
       4       488.22094
       5       495.78254
       6       495.54798
       7       483.52852
       8       536.35420
       9       499.00751
      10       475.73773
      11       452.73621
      12       445.53211
      13  5737.44
 
       1       293.48627
       2       245.14324
       3       295.08218
       4       298.44698
       5       305.73809
       6       297.10046
       7       288.93443
       8       329.94915
       9       311.03052
      10       298.83391
      11       277.33861
      12       270.02470
      13  3511.11
 
       1       36.975917
       2       30.277802
       3       37.422269
       4       36.724007
       5       37.360578
       6       37.185222
       7       36.931775
       8       41.192991
       9       38.032317
      10       35.722396
      11       33.865969
      12       33.818442
      13   435.51
 
       1       131.55722
       2       104.87813
       3       128.07529
       4       128.69493
       5       126.88761
       6       134.29769
       7       131.97415
       8       139.37633
       9       127.61604
      10       121.64076
      11       121.36082
      12       119.70592
      13  1516.06
 
       1       20.686840
       2       17.615839
       3       23.004270
       4       23.805519
       5       25.963843
       6       27.167606
       7       25.464221
       8       26.158277
       9       21.227861
      10       20.058631
      11       20.873729
      12       22.170229
      13   274.20
 
       1       5.9508399
       2       5.4058782
       3       5.9592763
       4       5.8686527
       5       5.8255030
       6       6.1748661
       7       6.0318479
       8       6.5763286
       9       6.3625442
      10       5.7097612
      11       5.6032432
      12       5.3263408
      13     5.90
 
       1 0.0
       2 0.0
       3 0.0
       4 0.0
       5 0.0
       6 0.0
       7 0.0
       8 0.0
       9 0.0
      10 0.0
      11 0.0
      12 0.0
      13 0.0
 
       1     0.024710618
       2     0.022765153
       3     0.024533352
       4     0.024196919
       5     0.024086815
       6     0.024791014
       7     0.024272317
       8     0.027252164
       9     0.026589815
      10     0.024042732
      11     0.023204297
      12     0.021917994
      13   0.0244
 
       1       1.0000000
       2       1.0000000
       3       1.0000000
       4       1.0000000
       5       1.0000000
       6       1.0000000
       7       1.0000000
       8       1.0000000
       9       1.0000000
      10       1.0000000
      11       1.0000000
      12       1.0000000
      13   1.0000
 
       1       0.0000000
       2       0.0000000
       3       0.0000000
       4       0.0000000
       5       0.0000000
       6       0.0000000
       7       0.0000000
       8       0.0000000
       9       0.0000000
      10       0.0000000
      11       0.0000000
      12       0.0000000
      13   0.0000
 
       1      0.72773690
       2      0.68774620
       3      0.66437096
       4      0.66248912
       5      0.62608796
       6      0.62736540
       7      0.67467752
       8      0.70130667
       9      0.70822893
      10      0.71954840
      11      0.72285012
      12      0.70523501
      13   0.6856
 
