       1       68.658323
       2       65.023552
       3       54.186829
       4       44.890245
       5       31.880498
       6       15.153697
       7       12.751107
       8       9.7415015
       9       11.902467
      10       32.787818
      11       60.094245
      12       74.204847
      13   481.28
 
       1       36.350097
       2       33.988824
       3       30.590478
       4       27.120602
       5       21.902127
       6       9.9994677
       7       8.9222170
       8       6.7434876
       9       7.9891514
      10       18.363900
      11       30.726158
      12       36.112544
      13   268.81
 
       1       5.9366128
       2       5.5391830
       3       4.2344031
       4       3.1810257
       5       1.9282391
       6      0.86105801
       7      0.67161329
       8      0.52877169
       9      0.74080600
      10       2.4294090
      11       5.0368055
      12       6.5339684
      13    37.62
 
       1       22.335705
       2       19.518819
       3       16.334561
       4       12.595287
       5       8.0057282
       6       4.8191488
       7       3.6925740
       8       2.5282719
       9       2.8609751
      10       10.345595
      11       19.028783
      12       23.567859
      13   145.63
 
       1       3.1304393
       2       3.1663592
       3       2.4889669
       4       2.0244558
       5       1.6670518
       6       1.3309519
       7       1.1070130
       8      0.82094993
       9      0.65003199
      10       1.8380829
      11       3.0922295
      12       3.8762392
      13    25.19
 
       1      0.92007263
       2      0.88131592
       3      0.70823582
       4      0.52741804
       5      0.32843378
       6      0.17848508
       7      0.12448707
       8     0.090616245
       9      0.12603549
      10      0.38809975
      11      0.77229672
      12      0.97554669
      13     0.50
 
       1 0.0
       2 0.0
       3 0.0
       4 0.0
       5 0.0
       6 0.0
       7 0.0
       8 0.0
       9 0.0
      10 0.0
      11 0.0
      12 0.0
      13 0.0
 
       1     0.024269514
       2     0.023613220
       3     0.019042807
       4     0.014573836
       5    0.0099261855
       6    0.0050644734
       7    0.0036985804
       8    0.0027385842
       9    0.0038310205
      10     0.010159217
      11     0.019683867
      12     0.024127654
      13   0.0134
 
       1       1.0000000
       2       1.0000000
       3       1.0000000
       4       1.0000000
       5       1.0000000
       6       1.0000000
       7       1.0000000
       8       1.0000000
       9       1.0000000
      10       1.0000000
      11       1.0000000
      12       1.0000000
      13   1.0000
 
       1       0.0000000
       2       0.0000000
       3       0.0000000
       4       0.0000000
       5       0.0000000
       6       0.0000000
       7       0.0000000
       8       0.0000000
       9       0.0000000
      10       0.0000000
      11       0.0000000
      12       0.0000000
      13   0.0000
 
       1      0.65847131
       2      0.59530366
       3      0.54467346
       4      0.46190500
       5      0.37192892
       6      0.34525934
       7      0.42440717
       8      0.51794812
       9      0.49519437
      10      0.58938288
      11      0.61560661
      12      0.64468978
      13   0.5221
 
