       1       14.384344
       2       9.7727970
       3       18.167311
       4       19.393219
       5       45.074474
       6       42.358952
       7       42.057728
       8       28.657812
       9       18.070924
      10       9.8602553
      11       7.6299448
      12       11.644773
      13   267.07
 
       1       9.5548771
       2       7.1930601
       3       11.477451
       4       11.086191
       5       23.883222
       6       21.443292
       7       22.419938
       8       16.134445
       9       10.379126
      10       6.5526304
      11       5.7511588
      12       8.2999166
      13   154.18
 
       1       1.2750147
       2       1.2765138
       3       2.0635113
       4       2.1533091
       5       3.3797029
       6       2.6621036
       7       3.0873821
       8       2.2117523
       9       1.3776481
      10      0.93063805
      11      0.78855600
      12       1.1647971
      13    22.37
 
       1      0.97840302
       2       1.2246876
       3       3.0337612
       4       2.5729720
       5       6.7147313
       6       12.729671
       7       14.645760
       8       8.4711571
       9       3.3241766
      10      0.68913648
      11      0.87052994
      12      0.86282311
      13    56.12
 
       1      0.28929119
       2      0.56523152
       3       1.6126123
       4       2.3120946
       5       4.0934200
       6       5.9038866
       7       6.8858121
       8       4.7913946
       9       2.5790975
      10      0.30384515
      11      0.17854586
      12      0.18701250
      13    29.70
 
       1      0.80591593
       2       1.5572114
       3       2.5147912
       4       3.3224651
       5       4.7698873
       6       3.7527925
       7       3.6459660
       8       2.4915688
       9       1.6126585
      10      0.98438132
      11      0.88666561
      12      0.85591738
      13     2.27
 
       1 0.0
       2 0.0
       3 0.0
       4 0.0
       5 0.0
       6 0.0
       7 0.0
       8 0.0
       9 0.0
      10 0.0
      11 0.0
      12 0.0
      13 0.0
 
       1     0.022546668
       2     0.045666717
       3     0.069211066
       4     0.090323426
       5      0.12653657
       6     0.092825690
       7     0.087443664
       8     0.059121878
       9     0.039707508
      10     0.026675632
      11     0.025551237
      12     0.024792199
      13   0.0592
 
       1      0.88162564
       2      0.88246602
       3      0.88020398
       4      0.87849314
       5      0.87899174
       6      0.87771320
       7      0.87763121
       8      0.87482978
       9      0.87580700
      10      0.88000699
      11      0.88349896
      12      0.88474450
      13   0.8797
 
       1    0.0027486810
       2    0.0054402533
       3    0.0084539504
       4     0.011109820
       5     0.015580211
       6     0.011770725
       7     0.011269144
       8    0.0077113966
       9    0.0051094762
      10    0.0033046799
      11    0.0030785041
      12    0.0029656800
      13   0.0074
 
       1      0.87510551
       2      0.96367537
       3      0.96891964
       4      0.97566382
       5      0.98698102
       6      0.98501735
       7      0.97827576
       8      0.97358087
       9      0.98330388
      10      0.97121834
      11      0.93578052
      12      0.93474525
      13   0.9610
 
