       1       495.77670
       2       407.58045
       3       444.57518
       4       451.72301
       5       515.64644
       6       499.70374
       7       551.13362
       8       506.15806
       9       488.21465
      10       486.06265
      11       476.66379
      12       492.97367
      13  5816.21
 
       1       302.11136
       2       249.26124
       3       275.08110
       4       276.49376
       5       312.81937
       6       303.64521
       7       334.92074
       8       309.83301
       9       301.44860
      10       303.85426
      11       293.29939
      12       298.41014
      13  3561.18
 
       1       38.275439
       2       32.179154
       3       34.337750
       4       34.028652
       5       38.518307
       6       37.238641
       7       41.976892
       8       38.322084
       9       37.477285
      10       36.283876
      11       35.749138
      12       37.593568
      13   441.98
 
       1       133.01387
       2       109.82878
       3       115.74335
       4       119.70291
       5       137.84608
       6       132.05727
       7       147.66506
       8       133.75406
       9       127.62232
      10       125.26977
      11       126.29711
      12       133.89953
      13  1542.70
 
       1       21.014298
       2       17.593148
       3       19.639515
       4       21.683342
       5       25.047764
       6       25.344552
       7       27.380694
       8       25.115249
       9       22.251771
      10       20.493179
      11       20.688770
      12       23.276992
      13   269.53
 
       1       6.0812593
       2       5.6416900
       3       5.3643835
       4       5.4425484
       5       6.0730069
       6       6.1636739
       7       6.8884269
       8       6.1862117
       9       6.1849296
      10       5.7410108
      11       5.8659382
      12       5.9802669
      13     5.97
 
       1 0.0
       2 0.0
       3 0.0
       4 0.0
       5 0.0
       6 0.0
       7 0.0
       8 0.0
       9 0.0
      10 0.0
      11 0.0
      12 0.0
      13 0.0
 
       1     0.025365392
       2     0.023695683
       3     0.022525931
       4     0.022564548
       5     0.024652460
       6     0.025043088
       7     0.028015317
       8     0.025495760
       9     0.025720716
      10     0.024292541
      11     0.024448568
      12     0.024717556
      13   0.0247
 
       1       1.0000000
       2       1.0000000
       3       1.0000000
       4       1.0000000
       5       1.0000000
       6       1.0000000
       7       1.0000000
       8       1.0000000
       9       1.0000000
      10       1.0000000
      11       1.0000000
      12       1.0000000
      13   1.0000
 
       1       0.0000000
       2       0.0000000
       3       0.0000000
       4       0.0000000
       5       0.0000000
       6       0.0000000
       7       0.0000000
       8       0.0000000
       9       0.0000000
      10       0.0000000
      11       0.0000000
      12       0.0000000
      13   0.0000
 
       1      0.71392837
       2      0.69072050
       3      0.64431626
       4      0.61086342
       5      0.60120559
       6      0.59176894
       7      0.61759773
       8      0.64142227
       9      0.66307277
      10      0.68326314
      11      0.71861661
      12      0.70849118
      13   0.6571
 
