       1       146.23763
       2       202.24573
       3       214.47585
       4       158.94750
       5       214.46806
       6       202.27319
       7       214.87309
       8       187.04554
       9       165.23380
      10       150.10810
      11       111.33758
      12       110.55156
      13  2077.80
 
       1       96.714756
       2       135.84250
       3       139.89872
       4       100.49222
       5       131.90644
       6       117.39598
       7       118.67164
       8       108.11536
       9       102.92505
      10       96.703384
      11       75.354149
      12       75.288461
      13  1299.31
 
       1       12.384161
       2       18.796658
       3       20.265231
       4       14.107894
       5       17.300000
       6       14.007692
       7       13.666480
       8       13.027952
       9       13.230049
      10       12.637925
      11       10.411788
      12       9.7212541
      13   169.56
 
       1       16.492410
       2       25.306507
       3       29.838433
       4       22.074909
       5       31.407194
       6       38.021703
       7       47.468225
       8       33.014379
       9       21.962359
      10       19.744903
      11       14.669071
      12       14.337507
      13   314.34
 
       1       12.154786
       2       17.413519
       3       25.592507
       4       20.264449
       5       32.910833
       6       32.069257
       7       38.633101
       8       36.855369
       9       28.876800
      10       24.818109
      11       14.629915
      12       11.972532
      13   296.19
 
       1       11.645493
       2       20.192066
       3       25.312274
       4       22.341558
       5       29.797051
       6       26.888804
       7       25.849381
       8       23.059341
       9       20.741074
      10       17.368851
      11       11.501344
      12       9.6871377
      13    20.37
 
       1 0.0
       2 0.0
       3 0.0
       4 0.0
       5 0.0
       6 0.0
       7 0.0
       8 0.0
       9 0.0
      10 0.0
      11 0.0
      12 0.0
      13 0.0
 
       1     0.011182238
       2     0.019804605
       3     0.025007276
       4     0.021048173
       5     0.028017200
       6     0.024622209
       7     0.023566345
       8     0.020908255
       9     0.019020821
      10     0.016197985
      11     0.011014803
      12    0.0093221829
      13   0.0191
 
       1      0.88387116
       2      0.88170057
       3      0.88301236
       4      0.88175734
       5      0.87929309
       6      0.88106875
       7      0.88367854
       8      0.88471621
       9      0.88228189
      10      0.88305455
      11      0.88443193
      12      0.88501987
      13   0.8828
 
       1    0.0014893390
       2    0.0025893464
       3    0.0032542761
       4    0.0028370327
       5    0.0037637987
       6    0.0033580869
       7    0.0032132154
       8    0.0028672310
       9    0.0025968315
      10    0.0021937871
      11    0.0014725361
      12    0.0012435697
      13   0.0026
 
       1      0.27193894
       2      0.27716154
       3      0.32706243
       4      0.33060044
       5      0.37259385
       6      0.36143451
       7      0.32860415
       8      0.31369740
       9      0.30602942
      10      0.29932017
      11      0.28516179
      12      0.25837641
      13   0.3110
 
