       1       188.89572
       2       95.243717
       3       152.60233
       4       135.33160
       5       136.74478
       6       109.67441
       7       106.73955
       8       112.90100
       9       82.399427
      10       76.195349
      11       101.60142
      12       150.68556
      13  1449.01
 
       1       127.79027
       2       63.515490
       3       93.992978
       4       85.364073
       5       84.286283
       6       66.359931
       7       60.902295
       8       65.105267
       9       52.736457
      10       50.938597
      11       67.508577
      12       104.42176
      13   922.92
 
       1       16.366486
       2       7.7206000
       3       9.5404598
       4       10.113968
       5       9.0763534
       6       7.1038802
       7       5.9541588
       8       6.5917403
       9       5.9761875
      10       6.1466118
      11       7.3330190
      12       13.842492
      13   105.77
 
       1       17.773629
       2       7.9499287
       3       11.515673
       4       13.913980
       5       11.794089
       6       13.605385
       7       12.601971
       8       13.484665
       9       8.2071807
      10       5.2378641
      11       8.9952671
      12       19.327443
      13   144.41
 
       1       19.131340
       2       9.7019288
       3       11.594574
       4       14.486461
       5       17.999782
       6       14.107399
       7       17.153572
       8       21.954087
       9       17.167021
      10       13.041723
      11       10.824553
      12       13.874313
      13   181.04
 
       1       12.857120
       2       9.0776755
       3       13.725874
       4       16.560378
       5       18.287134
       6       16.045460
       7       12.753196
       8       14.029497
       9       11.036782
      10       8.6874734
      11       9.0327943
      12       11.446898
      13    12.80
 
       1 0.0
       2 0.0
       3 0.0
       4 0.0
       5 0.0
       6 0.0
       7 0.0
       8 0.0
       9 0.0
      10 0.0
      11 0.0
      12 0.0
      13 0.0
 
       1      0.13719169
       2     0.094301026
       3      0.14005338
       4      0.16747975
       5      0.18334197
       6      0.15915742
       7      0.12363407
       8      0.13603110
       9      0.10737305
      10     0.084697050
      11     0.091518199
      12      0.12166476
      13   0.1289
 
       1      0.93432072
       2      0.93391782
       3      0.93326973
       4      0.93357907
       5      0.93222277
       6      0.93184312
       7      0.93224337
       8      0.93249979
       9      0.93258826
      10      0.93300139
      11      0.93390033
      12      0.93373976
      13   0.9331
 
       1    0.0094774073
       2    0.0066704336
       3     0.010008254
       4     0.012042387
       5     0.013282751
       6     0.011625403
       7    0.0091809646
       8     0.010085941
       9    0.0079738594
      10    0.0063070471
      11    0.0066081778
      12    0.0084419240
      13   0.0093
 
       1      0.71451043
       2      0.67392972
       3      0.69150723
       4      0.73696542
       5      0.79744873
       6      0.81475660
       7      0.75899103
       8      0.77531542
       9      0.75481560
      10      0.66449853
      11      0.64964417
      12      0.70806352
      13   0.7284
 
