       1       8.1012382
       2       16.650756
       3       17.518157
       4       24.884731
       5       38.748373
       6       47.072674
       7       40.798999
       8       25.535755
       9       18.516390
      10       9.4997472
      11       8.8790914
      12       7.4672582
      13   263.67
 
       1       5.9012425
       2       10.960691
       3       11.581742
       4       14.981621
       5       20.790859
       6       24.533752
       7       21.583837
       8       14.691059
       9       10.573849
      10       6.3617432
      11       6.3438186
      12       5.5072988
      13   153.81
 
       1      0.78597593
       2       1.8107884
       3       2.1582712
       4       2.9178287
       5       3.0886397
       6       3.1070982
       7       3.0018684
       8       2.1434765
       9       1.4115002
      10      0.93464752
      11      0.87221018
      12      0.72315055
      13    22.96
 
       1      0.87143684
       2       1.1710145
       3       3.2636200
       4       4.8021610
       5       8.0467537
       6       11.033465
       7       13.631433
       8       6.0228306
       9       3.3010623
      10      0.90818917
      11      0.87197905
      12      0.79201574
      13    54.72
 
       1      0.25715033
       2      0.78984141
       3       2.0215993
       4       3.4959038
       5       4.8560457
       6       5.9117069
       7       6.8968035
       8       4.1044604
       9       2.3198513
      10      0.31770211
      11      0.23147793
      12     0.096374175
      13    31.30
 
       1      0.57621720
       2       2.1866297
       3       2.3370433
       4       3.9657741
       5       4.2116842
       6       4.2441004
       7       3.4641312
       8       2.3199418
       9       1.6750457
      10      0.97486686
      11      0.83819739
      12      0.58775348
      13     2.28
 
       1 0.0
       2 0.0
       3 0.0
       4 0.0
       5 0.0
       6 0.0
       7 0.0
       8 0.0
       9 0.0
      10 0.0
      11 0.0
      12 0.0
      13 0.0
 
       1     0.012462337
       2     0.048457077
       3     0.049627939
       4     0.084863013
       5     0.087462405
       6     0.083649063
       7     0.065359167
       8     0.043820241
       9     0.032446948
      10     0.020406269
      11     0.017980871
      12     0.012945612
      13   0.0466
 
       1      0.87176070
       2      0.87112410
       3      0.86963195
       4      0.86897163
       5      0.86872369
       6      0.86652872
       7      0.86599651
       8      0.86433887
       9      0.86503485
      10      0.86967998
      11      0.87258727
      12      0.87437608
      13   0.8691
 
       1    0.0016720539
       2    0.0063410368
       3    0.0066503567
       4     0.011305317
       5     0.011780426
       6     0.011555475
       7    0.0092863234
       8    0.0062578874
       9    0.0045838476
      10    0.0027766344
      11    0.0024255886
      12    0.0017127994
      13   0.0064
 
       1      0.84555776
       2      0.91245085
       3      0.95367191
       4      0.97615468
       5      0.98172530
       6      0.98534945
       7      0.97473282
       8      0.97013266
       9      0.97752620
      10      0.96253898
      11      0.87210678
      12      0.87818870
      13   0.9408
 
