       1       489.34969
       2       438.95953
       3       475.60547
       4       475.96812
       5       508.50245
       6       517.62209
       7       541.82041
       8       509.46833
       9       495.23135
      10       478.71655
      11       462.66690
      12       476.19265
      13  5870.10
 
       1       295.52641
       2       267.54034
       3       290.12305
       4       293.70144
       5       313.26370
       6       314.53309
       7       330.70766
       8       309.16271
       9       304.89952
      10       298.76928
      11       284.08518
      12       293.41731
      13  3595.73
 
       1       37.964247
       2       33.640684
       3       36.740146
       4       35.800487
       5       37.762510
       6       38.989176
       7       41.114411
       8       38.864218
       9       37.922488
      10       35.899791
      11       35.002590
      12       35.455511
      13   445.16
 
       1       132.54004
       2       120.03905
       3       125.91796
       4       124.15584
       5       130.93207
       6       138.74990
       7       143.90343
       8       134.95409
       9       131.45949
      10       124.64425
      11       123.75824
      12       125.82431
      13  1556.88
 
       1       22.767206
       2       19.263532
       3       21.913601
       4       23.417242
       5       25.669099
       6       25.054161
       7       26.165010
       8       25.386472
       9       22.225248
      10       20.177048
      11       19.993526
      12       20.782792
      13   272.81
 
       1       6.1090052
       2       6.2284964
       3       5.8490722
       4       5.7775497
       5       6.0086175
       6       6.5097257
       7       6.6300419
       8       6.3284586
       9       6.2542469
      10       5.6913984
      11       5.7557928
      12       5.7044560
      13     6.07
 
       1 0.0
       2 0.0
       3 0.0
       4 0.0
       5 0.0
       6 0.0
       7 0.0
       8 0.0
       9 0.0
      10 0.0
      11 0.0
      12 0.0
      13 0.0
 
       1     0.025219349
       2     0.025643072
       3     0.024041744
       4     0.024102034
       5     0.024737785
       6     0.026514360
       7     0.027138898
       8     0.025979084
       9     0.025887190
      10     0.024026797
      11     0.023813042
      12     0.023847462
      13   0.0251
 
       1       1.0000000
       2       1.0000000
       3       1.0000000
       4       1.0000000
       5       1.0000000
       6       1.0000000
       7       1.0000000
       8       1.0000000
       9       1.0000000
      10       1.0000000
      11       1.0000000
      12       1.0000000
      13   1.0000
 
       1       0.0000000
       2       0.0000000
       3       0.0000000
       4       0.0000000
       5       0.0000000
       6       0.0000000
       7       0.0000000
       8       0.0000000
       9       0.0000000
      10       0.0000000
      11       0.0000000
      12       0.0000000
      13   0.0000
 
       1      0.70911845
       2      0.69826308
       3      0.65793745
       4      0.61707702
       5      0.58143116
       6      0.58710888
       7      0.61847576
       8      0.64305753
       9      0.66857473
      10      0.68487121
      11      0.70874851
      12      0.71966013
      13   0.6579
 
