       1       494.13201
       2       451.74249
       3       495.28771
       4       461.08454
       5       509.35942
       6       516.60555
       7       517.58502
       8       526.97882
       9       502.92894
      10       468.51724
      11       471.11530
      12       487.76340
      13  5903.10
 
       1       296.83063
       2       273.73690
       3       303.01929
       4       286.33249
       5       315.70411
       6       315.95183
       7       316.68163
       8       321.66894
       9       311.88013
      10       294.63216
      11       292.25409
      12       293.51747
      13  3622.21
 
       1       37.960042
       2       35.285056
       3       37.834869
       4       34.241394
       5       37.891767
       6       39.212055
       7       38.886294
       8       40.525910
       9       38.714736
      10       35.173099
      11       35.043666
      12       36.459239
      13   447.23
 
       1       134.82397
       2       123.67702
       3       132.64213
       4       118.74793
       5       129.98949
       6       135.60046
       7       137.51757
       8       139.74919
       9       129.32915
      10       120.20108
      11       124.28379
      12       133.91415
      13  1560.48
 
       1       23.491977
       2       20.149144
       3       22.287703
       4       21.344124
       5       24.978639
       6       24.836199
       7       24.777607
       8       26.570570
       9       21.780706
      10       20.033942
      11       19.286917
      12       23.437681
      13   272.98
 
       1       6.0235824
       2       6.2424274
       3       5.8947921
       4       5.4783853
       5       6.0392435
       6       6.5703361
       7       6.3299409
       8       6.5864234
       9       6.2750137
      10       5.5854179
      11       5.6925901
      12       5.8638622
      13     6.05
 
       1 0.0
       2 0.0
       3 0.0
       4 0.0
       5 0.0
       6 0.0
       7 0.0
       8 0.0
       9 0.0
      10 0.0
      11 0.0
      12 0.0
      13 0.0
 
       1     0.024669347
       2     0.025540359
       3     0.024532132
       4     0.023031204
       5     0.025077523
       6     0.026850143
       7     0.026124786
       8     0.027269006
       9     0.026388945
      10     0.023686009
      11     0.023822931
      12     0.024107434
      13   0.0251
 
       1       1.0000000
       2       1.0000000
       3       1.0000000
       4       1.0000000
       5       1.0000000
       6       1.0000000
       7       1.0000000
       8       1.0000000
       9       1.0000000
      10       1.0000000
      11       1.0000000
      12       1.0000000
      13   1.0000
 
       1       0.0000000
       2       0.0000000
       3       0.0000000
       4       0.0000000
       5       0.0000000
       6       0.0000000
       7       0.0000000
       8       0.0000000
       9       0.0000000
      10       0.0000000
      11       0.0000000
      12       0.0000000
      13   0.0000
 
       1      0.70821569
       2      0.72281778
       3      0.68467132
       4      0.63312109
       5      0.61173703
       6      0.58100425
       7      0.61556724
       8      0.65756921
       9      0.67956596
      10      0.67649604
      11      0.69514385
      12      0.71731877
      13   0.6653
 
