       1       170.02445
       2       85.193328
       3       99.147679
       4       122.49740
       5       145.82883
       6       122.19295
       7       123.00584
       8       119.76095
       9       125.81556
      10       80.399797
      11       108.11857
      12       100.24752
      13  1402.23
 
       1       115.94581
       2       60.075225
       3       62.441013
       4       75.360279
       5       92.625634
       6       74.235528
       7       70.599714
       8       68.920711
       9       79.250264
      10       55.530027
      11       72.989621
      12       69.601776
      13   897.58
 
       1       14.683979
       2       8.7422274
       3       6.5914858
       4       7.6115372
       5       10.348634
       6       7.8134760
       7       6.7431211
       8       6.7494758
       9       8.8459165
      10       7.5697933
      11       8.6512619
      12       8.3426935
      13   102.69
 
       1       17.882512
       2       8.3478616
       3       6.4797674
       4       8.4225114
       5       14.607262
       6       13.820202
       7       16.261197
       8       14.626376
       9       9.4905627
      10       8.7955985
      11       10.445627
      12       8.8562397
      13   138.04
 
       1       15.054186
       2       7.7519013
       3       8.2628327
       4       11.916444
       5       16.876740
       6       18.425605
       7       21.817671
       8       23.757100
       9       23.348197
      10       18.050638
      11       13.960289
      12       11.682588
      13   190.90
 
       1       12.149960
       2       8.5520443
       3       9.4988770
       4       13.645045
       5       20.954089
       6       19.919751
       7       16.292850
       8       15.004817
       9       15.568730
      10       10.347773
      11       9.9894743
      12       7.5259248
      13    13.29
 
       1 0.0
       2 0.0
       3 0.0
       4 0.0
       5 0.0
       6 0.0
       7 0.0
       8 0.0
       9 0.0
      10 0.0
      11 0.0
      12 0.0
      13 0.0
 
       1      0.16097157
       2      0.11197649
       3      0.11682139
       4      0.16874304
       5      0.27078869
       6      0.25168882
       7      0.19979782
       8      0.18258439
       9      0.19228330
      10      0.12988740
      11      0.12646585
      12     0.097792590
      13   0.1675
 
       1      0.92592863
       2      0.92590170
       3      0.92499729
       4      0.92426991
       5      0.92589215
       6      0.92481277
       7      0.92558610
       8      0.92538498
       9      0.92500361
      10      0.92649917
      11      0.92560875
      12      0.92593859
      13   0.9255
 
       1     0.012220872
       2    0.0086166229
       3    0.0093329293
       4     0.013384017
       5     0.020893912
       6     0.019718029
       7     0.015880311
       8     0.014596186
       9     0.015251003
      10     0.010254784
      11    0.0099308464
      12    0.0075761714
      13   0.0131
 
       1      0.72162138
       2      0.77563905
       3      0.67726807
       4      0.74884375
       5      0.83219504
       6      0.87333876
       7      0.82956763
       8      0.81094325
       9      0.81278952
      10      0.76280569
      11      0.73594123
      12      0.65880467
      13   0.7700
 
