       1       477.28603
       2       450.03828
       3       477.53801
       4       471.07910
       5       472.37982
       6       503.29706
       7       536.85136
       8       552.99488
       9       484.66534
      10       472.30672
      11       466.23594
      12       492.19317
      13  5856.87
 
       1       288.85949
       2       272.98263
       3       291.72138
       4       290.05524
       5       287.60532
       6       305.39414
       7       320.51501
       8       338.49678
       9       302.13105
      10       294.33691
      11       286.31442
      12       300.12530
      13  3578.54
 
       1       36.877751
       2       34.393972
       3       36.515811
       4       35.298697
       5       35.781540
       6       37.118038
       7       40.339208
       8       42.600423
       9       36.940849
      10       35.340052
      11       34.723930
      12       36.664240
      13   442.59
 
       1       130.92090
       2       121.13794
       3       128.64311
       4       123.72106
       5       125.17535
       6       135.52287
       7       147.51306
       8       144.97715
       9       125.74940
      10       122.01122
      11       125.19957
      12       133.15640
      13  1563.73
 
       1       21.083403
       2       20.340961
       3       21.996755
       4       21.650233
       5       24.343938
       6       24.643136
       7       27.623452
       8       25.714728
       9       21.738804
      10       20.338101
      11       20.560474
      12       21.727664
      13   271.76
 
       1       5.8858533
       2       6.1175691
       3       5.8360308
       4       5.7902883
       5       5.7136957
       6       6.2368005
       7       6.5744814
       8       6.9058885
       9       6.1814764
      10       5.6081488
      11       5.7975832
      12       5.8987210
      13     6.05
 
       1 0.0
       2 0.0
       3 0.0
       4 0.0
       5 0.0
       6 0.0
       7 0.0
       8 0.0
       9 0.0
      10 0.0
      11 0.0
      12 0.0
      13 0.0
 
       1     0.024471408
       2     0.025220883
       3     0.024181879
       4     0.023895540
       5     0.023190814
       6     0.025371144
       7     0.026433934
       8     0.028586269
       9     0.025760754
      10     0.023500464
      11     0.023937252
      12     0.024423240
      13   0.0249
 
       1       1.0000000
       2       1.0000000
       3       1.0000000
       4       1.0000000
       5       1.0000000
       6       1.0000000
       7       1.0000000
       8       1.0000000
       9       1.0000000
      10       1.0000000
      11       1.0000000
      12       1.0000000
      13   1.0000
 
       1       0.0000000
       2       0.0000000
       3       0.0000000
       4       0.0000000
       5       0.0000000
       6       0.0000000
       7       0.0000000
       8       0.0000000
       9       0.0000000
      10       0.0000000
      11       0.0000000
      12       0.0000000
      13   0.0000
 
       1      0.72008678
       2      0.69607652
       3      0.66647143
       4      0.65697134
       5      0.61195652
       6      0.58463392
       7      0.62422142
       8      0.64622081
       9      0.65588744
      10      0.67355305
      11      0.70103138
      12      0.70087642
      13   0.6615
 
