       1       476.00655
       2       453.48281
       3       506.86151
       4       468.27375
       5       504.52200
       6       517.64187
       7       541.88139
       8       493.92921
       9       459.93349
      10       454.18415
      11       441.10186
      12       511.26896
      13  5829.09
 
       1       286.03533
       2       274.56347
       3       313.12761
       4       288.43680
       5       308.77170
       6       317.61814
       7       328.40695
       8       306.80415
       9       288.44544
      10       281.86797
      11       270.26021
      12       307.58459
      13  3571.92
 
       1       36.290555
       2       35.040307
       3       39.331969
       4       35.076644
       5       38.119154
       6       38.638638
       7       41.347557
       8       37.491561
       9       35.650025
      10       33.874198
      11       33.271295
      12       39.111059
      13   443.24
 
       1       132.18636
       2       122.96779
       3       134.53561
       4       122.47219
       5       131.03387
       6       135.73697
       7       144.59556
       8       128.27707
       9       117.67077
      10       118.58710
      11       117.86631
      12       141.08036
      13  1547.01
 
       1       22.405845
       2       20.107679
       3       21.404322
       4       22.415591
       5       25.268592
       6       26.192429
       7       26.078780
       8       21.603025
       9       19.549542
      10       19.121610
      11       19.684907
      12       24.063835
      13   267.90
 
       1       5.7232213
       2       6.0639868
       3       6.2908441
       4       5.6575088
       5       6.0147672
       6       6.5262463
       7       6.6810588
       8       6.1988404
       9       5.9638179
      10       5.5212130
      11       5.4150664
      12       6.2126932
      13     6.02
 
       1 0.0
       2 0.0
       3 0.0
       4 0.0
       5 0.0
       6 0.0
       7 0.0
       8 0.0
       9 0.0
      10 0.0
      11 0.0
      12 0.0
      13 0.0
 
       1     0.023633690
       2     0.025209589
       3     0.026059729
       4     0.023599017
       5     0.024765332
       6     0.026815948
       7     0.027219040
       8     0.025753582
       9     0.025067805
      10     0.022972229
      11     0.022519498
      12     0.025511377
      13   0.0249
 
       1       1.0000000
       2       1.0000000
       3       1.0000000
       4       1.0000000
       5       1.0000000
       6       1.0000000
       7       1.0000000
       8       1.0000000
       9       1.0000000
      10       1.0000000
      11       1.0000000
      12       1.0000000
      13   1.0000
 
       1       0.0000000
       2       0.0000000
       3       0.0000000
       4       0.0000000
       5       0.0000000
       6       0.0000000
       7       0.0000000
       8       0.0000000
       9       0.0000000
      10       0.0000000
      11       0.0000000
      12       0.0000000
      13   0.0000
 
       1      0.72215266
       2      0.70769788
       3      0.67141062
       4      0.62990912
       5      0.61071425
       6      0.60288837
       7      0.62717121
       8      0.66122399
       9      0.66348512
      10      0.68476982
      11      0.70195434
      12      0.71034567
      13   0.6661
 
