       1       8.6364553
       2       14.283111
       3       19.575509
       4       26.842911
       5       49.282420
       6       47.080151
       7       37.875691
       8       22.977964
       9       19.071392
      10       10.254350
      11       9.4248456
      12       8.6281013
      13   273.93
 
       1       6.1447807
       2       9.8414117
       3       12.397532
       4       16.352832
       5       26.772786
       6       23.510600
       7       21.951679
       8       14.029032
       9       10.670855
      10       6.8316548
      11       6.6311764
      12       6.4099887
      13   161.54
 
       1      0.72687708
       2       1.4231454
       3       2.0999748
       4       3.0981753
       5       3.7147918
       6       3.1352524
       7       3.0661170
       8       2.1077911
       9       1.3152687
      10       1.0022939
      11      0.91561375
      12      0.85481730
      13    23.46
 
       1      0.74236455
       2       1.0927467
       3       3.3995118
       4       5.1220990
       5       7.0186681
       6       13.149694
       7       10.443711
       8       5.0980080
       9       3.0593716
      10      0.97781597
      11       1.1585903
      12      0.37843532
      13    51.64
 
       1      0.11912694
       2      0.39327818
       3       1.8141593
       4       3.3709483
       5       5.2982156
       6       7.3107752
       7       5.8934722
       8       3.7908405
       9       1.9918233
      10      0.40879451
      11      0.15649981
      12     0.099053272
      13    30.65
 
       1      0.68804610
       2       1.4550489
       3       3.0321875
       4       4.1835469
       5       5.4450251
       6       3.9431700
       7       3.3973695
       8       2.2387436
       9       1.5496640
      10       1.1815867
      11       1.0098188
      12      0.59201253
      13     2.39
 
       1 0.0
       2 0.0
       3 0.0
       4 0.0
       5 0.0
       6 0.0
       7 0.0
       8 0.0
       9 0.0
      10 0.0
      11 0.0
      12 0.0
      13 0.0
 
       1     0.018570981
       2     0.039949041
       3     0.082398505
       4      0.11379518
       5      0.14330347
       6     0.097297789
       7     0.082517648
       8     0.054042406
       9     0.037586808
      10     0.033438026
      11     0.028962076
      12     0.017421447
      13   0.0624
 
       1      0.87974021
       2      0.88094239
       3      0.87870405
       4      0.87939130
       5      0.87894905
       6      0.87688830
       7      0.87698851
       8      0.87581907
       9      0.87606686
      10      0.88198046
      11      0.88252040
      12      0.88682732
      13   0.8796
 
       1    0.0023221736
       2    0.0048991480
       3     0.010122611
       4     0.013959082
       5     0.017722203
       6     0.012347426
       7     0.010579272
       8    0.0070004650
       9    0.0048662789
      10    0.0040377377
      11    0.0034881130
      12    0.0020711961
      13   0.0078
 
       1      0.88493137
       2      0.89093704
       3      0.95548982
       4      0.97952829
       5      0.98729405
       6      0.98717582
       7      0.97871774
       8      0.97102772
       9      0.96485297
      10      0.97450564
      11      0.95237518
      12      0.87094547
      13   0.9498
 
