       1       123.65106
       2       192.62907
       3       212.51981
       4       234.36867
       5       284.09662
       6       205.42790
       7       252.51925
       8       207.71755
       9       134.24233
      10       113.02310
      11       119.69154
      12       140.43254
      13  2220.32
 
       1       84.141738
       2       126.19327
       3       141.29141
       4       144.15144
       5       179.14147
       6       117.92448
       7       139.80571
       8       121.23431
       9       87.950038
      10       75.074565
      11       82.273324
      12       95.806541
      13  1394.99
 
       1       10.598471
       2       16.708389
       3       18.262326
       4       16.569002
       5       21.097937
       6       13.943350
       7       14.711976
       8       13.441640
       9       11.730544
      10       9.5041335
      11       10.157497
      12       11.915291
      13   168.64
 
       1       14.031844
       2       21.513103
       3       26.773946
       4       27.892630
       5       46.199395
       6       45.572532
       7       51.353741
       8       32.783923
       9       18.745572
      10       14.153524
      11       14.702311
      12       15.747352
      13   329.47
 
       1       11.662824
       2       16.135326
       3       22.567253
       4       24.061207
       5       50.363854
       6       37.883548
       7       46.845083
       8       39.441506
       9       30.965241
      10       16.797567
      11       14.280536
      12       15.064471
      13   326.07
 
       1       10.637733
       2       18.753844
       3       26.235587
       4       34.091315
       5       47.546260
       6       31.316787
       7       32.440023
       8       26.592577
       9       20.442639
      10       14.401628
      11       12.813710
      12       12.323373
      13    23.97
 
       1 0.0
       2 0.0
       3 0.0
       4 0.0
       5 0.0
       6 0.0
       7 0.0
       8 0.0
       9 0.0
      10 0.0
      11 0.0
      12 0.0
      13 0.0
 
       1     0.010194006
       2     0.018578332
       3     0.026001839
       4     0.033287340
       5     0.047743074
       6     0.029985890
       7     0.030239050
       8     0.024804880
       9     0.019343534
      10     0.013559106
      11     0.012361947
      12     0.012138724
      13   0.0232
 
       1      0.84372010
       2      0.84281333
       3      0.84470582
       4      0.84376165
       5      0.84347363
       6      0.84413723
       7      0.84511951
       8      0.84829333
       9      0.84541208
      10      0.84419461
      11      0.84671287
      12      0.84714108
      13   0.8450
 
       1    0.0018032182
       2    0.0032036813
       3    0.0044887236
       4    0.0057969711
       5    0.0081392861
       6    0.0052572035
       7    0.0053609166
       8    0.0044092263
       9    0.0034301283
      10    0.0024253959
      11    0.0021783695
      12    0.0021091204
      13   0.0041
 
       1      0.26297687
       2      0.30123827
       3      0.31449206
       4      0.36003979
       5      0.40237535
       6      0.39488227
       7      0.35883623
       8      0.32845615
       9      0.32449014
      10      0.28762214
      11      0.29407895
      12      0.27690869
      13   0.3255
 
