       1       12.031848
       2       14.350046
       3       17.076226
       4       22.960329
       5       42.017236
       6       42.227800
       7       43.241223
       8       21.815090
       9       19.511322
      10       12.706993
      11       6.0896523
      12       5.2642207
      13   259.29
 
       1       8.3405452
       2       9.0493014
       3       11.657498
       4       13.696283
       5       22.841806
       6       21.491459
       7       22.859561
       8       13.381571
       9       11.387393
      10       8.3280965
      11       4.6566192
      12       4.2159478
      13   151.91
 
       1       1.0090233
       2       1.1567583
       3       2.3036431
       4       2.6404052
       5       3.4361905
       6       2.6674177
       7       3.1929156
       8       2.0044600
       9       1.5750881
      10       1.1893600
      11      0.64821168
      12      0.53898578
      13    22.36
 
       1      0.48762891
       2       1.7609972
       3       3.9020872
       4       4.2132999
       5       8.0401236
       6       12.204171
       7       16.532130
       8       5.5573922
       9       2.8901385
      10       1.1082090
      11      0.62814058
      12      0.95003812
      13    58.27
 
       1      0.10033225
       2      0.81818285
       3       2.1620710
       4       2.9419170
       5       4.6984718
       6       5.4399518
       7       6.8140591
       8       3.8166333
       9       2.4345254
      10      0.36948559
      11      0.13952520
      12      0.44972451
      13    30.18
 
       1      0.68941105
       2       1.5337823
       3       3.3443203
       4       2.9083556
       5       4.4052134
       6       3.7403023
       7       3.6773932
       8       2.1076198
       9       1.7157985
      10       1.3714435
      11      0.68957067
      12      0.40984105
      13     2.22
 
       1 0.0
       2 0.0
       3 0.0
       4 0.0
       5 0.0
       6 0.0
       7 0.0
       8 0.0
       9 0.0
      10 0.0
      11 0.0
      12 0.0
      13 0.0
 
       1     0.019367493
       2     0.040550078
       3     0.093530520
       4     0.077341250
       5      0.11329044
       6     0.091005132
       7     0.087585423
       8     0.049610143
       9     0.042188702
      10     0.037655526
      11     0.019549582
      12     0.011136828
      13   0.0569
 
       1      0.85470048
       2      0.84868230
       3      0.85231180
       4      0.85091857
       5      0.84681847
       6      0.84667706
       7      0.84632680
       8      0.84479177
       9      0.84527739
      10      0.85055445
      11      0.85389965
      12      0.85215762
      13   0.8494
 
       1    0.0029157044
       2    0.0062994873
       3     0.014089322
       4     0.011928142
       5     0.017654244
       6     0.014486563
       7     0.014083299
       8    0.0080935702
       9    0.0067607489
      10    0.0057513148
      11    0.0029530179
      12    0.0017276775
      13   0.0089
 
       1      0.85181559
       2      0.87604417
       3      0.96174144
       4      0.97182167
       5      0.98383238
       6      0.98353940
       7      0.98002934
       8      0.97184787
       9      0.98572144
      10      0.98242627
      11      0.95468169
      12      0.83860049
      13   0.9452
 
