       1       138.45328
       2       176.19111
       3       180.46080
       4       126.03250
       5       158.63481
       6       127.64078
       7       157.39938
       8       126.51084
       9       124.77521
      10       83.504787
      11       89.863042
      12       173.44227
      13  1662.91
 
       1       94.031465
       2       115.49627
       3       114.37892
       4       83.375943
       5       98.072852
       6       76.731143
       7       86.181032
       8       72.762062
       9       78.621747
      10       57.411300
      11       61.390615
      12       117.38820
      13  1055.84
 
       1       11.677080
       2       13.488639
       3       13.519553
       4       10.242883
       5       9.5363135
       6       7.2348494
       7       7.6296114
       8       7.1680988
       9       8.0943751
      10       7.3017091
      11       7.2634617
      12       14.103204
      13   117.26
 
       1       12.648410
       2       12.258943
       3       17.995562
       4       12.358179
       5       13.484840
       6       13.094874
       7       18.456492
       8       14.229263
       9       11.237248
      10       7.7969367
      11       8.6049443
      12       14.587280
      13   156.75
 
       1       11.819022
       2       14.299898
       3       17.437946
       4       15.115214
       5       16.648602
       6       16.239446
       7       24.177223
       8       24.646866
       9       23.209784
      10       19.041817
      11       10.828988
      12       19.749419
      13   213.21
 
       1       10.570224
       2       15.608620
       3       19.100940
       4       18.089776
       5       24.023187
       6       22.499126
       7       20.738806
       8       16.439355
       9       16.162232
      10       10.284238
      11       8.5180626
      12       11.477913
      13    16.13
 
       1 0.0
       2 0.0
       3 0.0
       4 0.0
       5 0.0
       6 0.0
       7 0.0
       8 0.0
       9 0.0
      10 0.0
      11 0.0
      12 0.0
      13 0.0
 
       1      0.11409022
       2      0.16922945
       3      0.20762694
       4      0.19191938
       5      0.25033230
       6      0.23420360
       7      0.21097889
       8      0.16519726
       9      0.16441251
      10      0.10526574
      11     0.087339295
      12      0.12325868
      13   0.1687
 
       1      0.87519613
       2      0.87500607
       3      0.87432520
       4      0.87320768
       5      0.87277950
       6      0.87153086
       7      0.87346966
       8      0.87276534
       9      0.87313024
      10      0.87273931
      11      0.87331332
      12      0.87381574
      13   0.8734
 
       1     0.014991188
       2     0.022103152
       3     0.027061205
       4     0.025464200
       5     0.033589317
       6     0.031472309
       7     0.028579469
       8     0.022627808
       9     0.022376873
      10     0.014349621
      11     0.011931413
      12     0.016216963
      13   0.0226
 
       1      0.66292448
       2      0.70965409
       3      0.80927911
       4      0.82068243
       5      0.81579186
       6      0.85229740
       7      0.84570341
       8      0.81725459
       9      0.80443991
      10      0.75909145
      11      0.67553251
      12      0.71282221
      13   0.7738
 
