       1       66.459788
       2       58.128498
       3       42.300013
       4       35.574571
       5       26.319676
       6       19.145652
       7       17.615218
       8       12.534637
       9       11.790638
      10       25.959664
      11       56.416900
      12       69.879768
      13   442.13
 
       1       34.604446
       2       31.021136
       3       26.004234
       4       22.136609
       5       16.369480
       6       12.853001
       7       11.404933
       8       8.6264620
       9       7.7247705
      10       14.988936
      11       28.440279
      12       35.540353
      13   249.71
 
       1       5.8204158
       2       5.3493548
       3       3.4919014
       4       2.5748289
       5       1.7016333
       6       1.1134396
       7      0.94478515
       8      0.65731344
       9      0.72136458
      10       1.8697484
      11       4.7436607
      12       6.1887151
      13    35.18
 
       1       20.603548
       2       18.059404
       3       12.850962
       4       9.7808947
       5       8.4013001
       6       6.0593832
       7       5.4300808
       8       3.6535212
       9       2.9113524
      10       7.9099235
      11       17.829729
      12       23.396562
      13   136.89
 
       1       3.4800247
       2       3.1629686
       3       2.2002771
       4       1.7948067
       5       1.5510099
       6       1.4088913
       7       1.5090800
       8       1.0950939
       9      0.74315468
      10       1.4854512
      11       3.0268059
      12       4.3650307
      13    25.82
 
       1      0.88254118
       2      0.90818514
       3      0.58924854
       4      0.45975168
       5      0.30593145
       6      0.23364360
       7      0.17928757
       8      0.12514434
       9      0.12688592
      10      0.28457120
      11      0.72132139
      12      0.92866993
      13     0.48
 
       1 0.0
       2 0.0
       3 0.0
       4 0.0
       5 0.0
       6 0.0
       7 0.0
       8 0.0
       9 0.0
      10 0.0
      11 0.0
      12 0.0
      13 0.0
 
       1     0.023381715
       2     0.024047248
       3     0.016910330
       4     0.012558785
       5    0.0083654955
       6    0.0065177306
       7    0.0051851204
       8    0.0037062354
       9    0.0037917440
      10    0.0076792743
      11     0.018303333
      12     0.023720208
      13   0.0128
 
       1       1.0000000
       2       1.0000000
       3       1.0000000
       4       1.0000000
       5       1.0000000
       6       1.0000000
       7       1.0000000
       8       1.0000000
       9       1.0000000
      10       1.0000000
      11       1.0000000
      12       1.0000000
      13   1.0000
 
       1       0.0000000
       2       0.0000000
       3       0.0000000
       4       0.0000000
       5       0.0000000
       6       0.0000000
       7       0.0000000
       8       0.0000000
       9       0.0000000
      10       0.0000000
      11       0.0000000
      12       0.0000000
      13   0.0000
 
       1      0.69138840
       2      0.61796848
       3      0.49212527
       4      0.43785764
       5      0.41137401
       6      0.34347943
       7      0.42905201
       8      0.48007625
       9      0.51471898
      10      0.58417592
      11      0.59532970
      12      0.67383383
      13   0.5226
 
