       1       510.09281
       2       420.76457
       3       484.03895
       4       475.57879
       5       504.38577
       6       491.55316
       7       534.29211
       8       505.10621
       9       435.27018
      10       455.19502
      11       430.55378
      12       446.77222
      13  5693.60
 
       1       306.93029
       2       256.63021
       3       299.33688
       4       293.61999
       5       308.37310
       6       301.10866
       7       325.47687
       8       310.13190
       9       269.82467
      10       280.66239
      11       266.00278
      12       271.48901
      13  3489.59
 
       1       39.513726
       2       32.435241
       3       37.320238
       4       35.927160
       5       37.210735
       6       37.368361
       7       40.849928
       8       38.806008
       9       33.658542
      10       34.373563
      11       32.623763
      12       34.074623
      13   434.16
 
       1       141.24891
       2       112.83869
       3       127.08207
       4       124.20481
       5       132.09501
       6       130.56259
       7       142.31214
       8       131.50678
       9       112.76511
      10       119.35342
      11       112.42858
      12       120.55210
      13  1506.95
 
       1       22.681195
       2       18.104940
       3       20.984668
       4       21.470705
       5       24.000657
       6       24.878482
       7       25.589408
       8       23.919573
       9       20.425655
      10       21.192283
      11       19.862063
      12       19.964307
      13   263.07
 
       1       6.3247206
       2       5.5410967
       3       5.8697677
       4       5.7342117
       5       5.8396151
       6       6.2328299
       7       6.6046990
       8       6.3376960
       9       5.6955503
      10       5.4267346
      11       5.3027514
      12       5.3881781
      13     5.86
 
       1 0.0
       2 0.0
       3 0.0
       4 0.0
       5 0.0
       6 0.0
       7 0.0
       8 0.0
       9 0.0
      10 0.0
      11 0.0
      12 0.0
      13 0.0
 
       1     0.026090978
       2     0.023192956
       3     0.024690267
       4     0.023809325
       5     0.023978473
       6     0.025654671
       7     0.026960863
       8     0.026304246
       9     0.023513764
      10     0.022632340
      11     0.021904974
      12     0.022297842
      13   0.0243
 
       1       1.0000000
       2       1.0000000
       3       1.0000000
       4       1.0000000
       5       1.0000000
       6       1.0000000
       7       1.0000000
       8       1.0000000
       9       1.0000000
      10       1.0000000
      11       1.0000000
      12       1.0000000
      13   1.0000
 
       1       0.0000000
       2       0.0000000
       3       0.0000000
       4       0.0000000
       5       0.0000000
       6       0.0000000
       7       0.0000000
       8       0.0000000
       9       0.0000000
      10       0.0000000
      11       0.0000000
      12       0.0000000
      13   0.0000
 
       1      0.72261567
       2      0.68842396
       3      0.66163273
       4      0.63827526
       5      0.63578245
       6      0.60686979
       7      0.65526808
       8      0.67320686
       9      0.67482306
      10      0.69104581
      11      0.70416258
      12      0.70742552
      13   0.6716
 
