       1       9.0699962
       2       13.352648
       3       24.690965
       4       31.207735
       5       44.705727
       6       44.322263
       7       25.531238
       8       24.606433
       9       15.577534
      10       9.9215218
      11       6.7862043
      12       6.2188554
      13   255.99
 
       1       6.7912725
       2       9.2772687
       3       15.616490
       4       18.568205
       5       23.623167
       6       24.105587
       7       15.203994
       8       14.302380
       9       9.7199413
      10       6.5239735
      11       5.0567101
      12       4.9295715
      13   153.72
 
       1      0.85692631
       2       1.3863725
       3       2.4598324
       4       3.1875203
       5       3.2559125
       6       3.2442258
       7       2.4060853
       8       2.0758115
       9       1.4570785
      10      0.90532532
      11      0.70116927
      12      0.68380622
      13    22.62
 
       1      0.40480149
       2       1.4366042
       3       3.6247105
       4       4.2999443
       5       6.7967369
       6       9.1519391
       7       6.3312319
       8       5.9560281
       9       2.4121723
      10      0.72619504
      11      0.47338310
      12      0.75413565
      13    42.37
 
       1     0.053044436
       2      0.41043634
       3       1.2603652
       4       2.7459608
       5       4.7201195
       6       6.7668153
       7       4.5352896
       8       3.7219099
       9       2.1237147
      10      0.43489662
      11     0.082676922
      12      0.16161089
      13    27.02
 
       1      0.62587664
       2       1.6075768
       3       3.2068968
       4       5.2295299
       5       4.5067088
       6       4.6486147
       7       2.6502717
       8       2.2368090
       9       1.5214957
      10      0.93376240
      11      0.67166344
      12      0.56643122
      13     2.37
 
       1 0.0
       2 0.0
       3 0.0
       4 0.0
       5 0.0
       6 0.0
       7 0.0
       8 0.0
       9 0.0
      10 0.0
      11 0.0
      12 0.0
      13 0.0
 
       1     0.014024836
       2     0.034501560
       3     0.067203272
       4      0.11424125
       5     0.093698354
       6     0.093145535
       7     0.050696214
       8     0.042030489
       9     0.029963932
      10     0.019583514
      11     0.015116282
      12     0.012563189
      13   0.0489
 
       1      0.87524031
       2      0.86835988
       3      0.86787783
       4      0.87035926
       5      0.86990834
       6      0.86732848
       7      0.86678065
       8      0.86318654
       9      0.86608899
      10      0.86896990
      11      0.87279858
      12      0.87375496
      13   0.8692
 
       1    0.0018321074
       2    0.0046174870
       3    0.0090546294
       4     0.015004398
       5     0.012587571
       6     0.012752575
       7    0.0071882429
       8    0.0060294327
       9    0.0042001131
      10    0.0026684508
      11    0.0019732403
      12    0.0016637358
      13   0.0066
 
       1      0.83398263
       2      0.91745818
       3      0.94643091
       4      0.97566399
       5      0.97657475
       6      0.97344884
       7      0.96215532
       8      0.96600795
       9      0.97398724
      10      0.94085241
      11      0.93977762
      12      0.89770604
      13   0.9420
 
