       1       140.63424
       2       112.44836
       3       198.97192
       4       194.30239
       5       232.75028
       6       254.31762
       7       271.44510
       8       196.88148
       9       168.70556
      10       96.711909
      11       127.44169
      12       118.11785
      13  2112.73
 
       1       97.743414
       2       73.132214
       3       128.22844
       4       123.08497
       5       142.91535
       6       145.50242
       7       148.20297
       8       115.24714
       9       105.36492
      10       65.069007
      11       83.997445
      12       81.462997
      13  1309.95
 
       1       14.003559
       2       9.2671894
       3       16.995051
       4       15.859263
       5       17.900326
       6       16.362404
       7       16.282432
       8       13.320870
       9       12.476676
      10       9.2132992
      11       9.9795207
      12       10.936975
      13   162.60
 
       1       18.860226
       2       12.737357
       3       22.514684
       4       25.972651
       5       33.615664
       6       45.473412
       7       61.634446
       8       37.785772
       9       19.700406
      10       13.378176
      11       16.061392
      12       15.892622
      13   323.63
 
       1       13.601244
       2       9.4490185
       3       22.163704
       4       24.464989
       5       33.533424
       6       43.736406
       7       54.038929
       8       41.247054
       9       32.002400
      10       17.573423
      11       14.359008
      12       16.301056
      13   322.47
 
       1       11.807417
       2       11.082436
       3       23.360965
       4       29.474914
       5       37.204291
       6       38.326248
       7       35.207057
       8       25.884791
       9       22.225073
      10       13.282288
      11       12.215644
      12       10.487227
      13    22.55
 
       1 0.0
       2 0.0
       3 0.0
       4 0.0
       5 0.0
       6 0.0
       7 0.0
       8 0.0
       9 0.0
      10 0.0
      11 0.0
      12 0.0
      13 0.0
 
       1     0.011522265
       2     0.010286581
       3     0.022620749
       4     0.028423238
       5     0.036162324
       6     0.036552226
       7     0.032978090
       8     0.024095291
       9     0.020818997
      10     0.012454201
      11     0.011463319
      12     0.010082600
      13   0.0215
 
       1      0.88394854
       2      0.88033994
       3      0.88248548
       4      0.88237537
       5      0.88105954
       6      0.88265335
       7      0.88421513
       8      0.88565217
       9      0.88321089
      10      0.88343121
      11      0.88393213
      12      0.88489074
      13   0.8832
 
       1    0.0015186143
       2    0.0014054774
       3    0.0029886250
       4    0.0037670324
       5    0.0047576460
       6    0.0048531986
       7    0.0044150878
       8    0.0032494562
       9    0.0028033323
      10    0.0016885015
      11    0.0015503453
      12    0.0013431958
      13   0.0029
 
       1      0.24984387
       2      0.26208499
       3      0.30288761
       4      0.33727501
       5      0.38587312
       6      0.39383927
       7      0.35354269
       8      0.32433995
       9      0.30856763
      10      0.29909897
      11      0.28424857
      12      0.26827170
      13   0.3142
 
