       1       226.40594
       2       197.37311
       3       200.43253
       4       197.56111
       5       196.37102
       6       197.52957
       7       229.79740
       8       192.35395
       9       150.27596
      10       111.06761
      11       118.77096
      12       161.01752
      13  2178.96
 
       1       153.09755
       2       132.16487
       3       132.18932
       4       125.52708
       5       119.95881
       6       115.26416
       7       127.46091
       8       112.63578
       9       93.004556
      10       73.538462
      11       78.487766
      12       109.40297
      13  1372.73
 
       1       21.507699
       2       19.416919
       3       18.787058
       4       16.780716
       5       14.888724
       6       13.526595
       7       13.986985
       8       12.943888
       9       11.317543
      10       9.9116198
      11       9.4984059
      12       13.941009
      13   176.51
 
       1       27.719807
       2       26.390170
       3       26.682170
       4       26.430640
       5       24.594157
       6       36.600792
       7       50.538605
       8       34.474169
       9       21.052729
      10       14.188526
      11       16.299143
      12       20.529572
      13   325.50
 
       1       20.791798
       2       20.251128
       3       23.272482
       4       27.282290
       5       27.707226
       6       33.408439
       7       41.615701
       8       38.670424
       9       26.078566
      10       18.562832
      11       14.035427
      12       16.777467
      13   308.45
 
       1       17.726116
       2       19.741386
       3       24.977910
       4       26.415435
       5       26.798133
       6       27.624793
       7       27.720495
       8       24.352712
       9       18.746306
      10       13.828357
      11       12.503432
      12       13.663171
      13    21.17
 
       1 0.0
       2 0.0
       3 0.0
       4 0.0
       5 0.0
       6 0.0
       7 0.0
       8 0.0
       9 0.0
      10 0.0
      11 0.0
      12 0.0
      13 0.0
 
       1     0.017135283
       2     0.018945380
       3     0.024086380
       4     0.024793517
       5     0.024569037
       6     0.025092097
       7     0.024823995
       8     0.021891366
       9     0.016871540
      10     0.012544795
      11     0.011633654
      12     0.013199871
      13   0.0196
 
       1      0.93890844
       2      0.93824458
       3      0.93883365
       4      0.93888475
       5      0.93656906
       6      0.93664833
       7      0.93799039
       8      0.93937345
       9      0.93752999
      10      0.93766814
      11      0.93824832
      12      0.93934991
      13   0.9382
 
       1    0.0011838352
       2    0.0013164276
       3    0.0016709072
       4    0.0017536739
       5    0.0017704306
       6    0.0018164204
       7    0.0018085692
       8    0.0015936039
       9    0.0012309400
      10   0.00091370680
      11   0.00083207443
      12   0.00091598392
      13   0.0014
 
       1      0.28882191
       2      0.27317832
       3      0.32406704
       4      0.33981124
       5      0.34405897
       6      0.36493254
       7      0.33207065
       8      0.30957376
       9      0.29700793
      10      0.28778059
      11      0.29557783
      12      0.30026430
      13   0.3131
 
