       1       172.22642
       2       196.76494
       3       175.79090
       4       197.56925
       5       256.20699
       6       198.82350
       7       236.99882
       8       188.08919
       9       125.65971
      10       117.26522
      11       126.43913
      12       133.73152
      13  2125.57
 
       1       117.39702
       2       134.31953
       3       111.30589
       4       127.47070
       5       156.88847
       6       119.06677
       7       131.82646
       8       111.24167
       9       79.733959
      10       79.121488
      11       85.950554
      12       91.425852
      13  1345.75
 
       1       15.212934
       2       18.783899
       3       13.809468
       4       16.033285
       5       17.287281
       6       14.501528
       7       14.197367
       8       13.077218
       9       9.8801210
      10       10.348941
      11       10.733163
      12       11.657405
      13   165.52
 
       1       20.893629
       2       24.219250
       3       22.276754
       4       26.395523
       5       31.755291
       6       44.653531
       7       44.874647
       8       33.796300
       9       17.987338
      10       12.976490
      11       15.191294
      12       16.329134
      13   311.35
 
       1       18.249144
       2       20.018524
       3       17.286636
       4       22.218733
       5       35.425100
       6       41.545907
       7       44.711378
       8       40.026590
       9       24.207972
      10       17.174396
      11       14.999914
      12       13.544830
      13   309.41
 
       1       14.034103
       2       20.817511
       3       20.264683
       4       32.125511
       5       38.778128
       6       35.419362
       7       30.206738
       8       25.500097
       9       17.017379
      10       14.675543
      11       13.252313
      12       11.028016
      13    22.76
 
       1 0.0
       2 0.0
       3 0.0
       4 0.0
       5 0.0
       6 0.0
       7 0.0
       8 0.0
       9 0.0
      10 0.0
      11 0.0
      12 0.0
      13 0.0
 
       1     0.017215376
       2     0.026086057
       3     0.024459059
       4     0.039733896
       5     0.047622493
       6     0.043368790
       7     0.035023069
       8     0.029641807
       9     0.019648181
      10     0.017379473
      11     0.016002540
      12     0.013341463
      13   0.0275
 
       1      0.86291019
       2      0.86191028
       3      0.86126111
       4      0.86196555
       5      0.86086911
       6      0.86080798
       7      0.86383017
       8      0.86407968
       9      0.86177603
      10      0.86144126
      11      0.86301027
      12      0.86429179
      13   0.8623
 
       1    0.0026120309
       2    0.0038993348
       3    0.0037478606
       4    0.0059983736
       5    0.0072027502
       6    0.0065668846
       7    0.0054377113
       8    0.0046109210
       9    0.0030858997
      10    0.0027028683
      11    0.0024598564
      12    0.0020431478
      13   0.0042
 
       1      0.29185362
       2      0.30553186
       3      0.32800932
       4      0.37481596
       5      0.40204608
       6      0.41597838
       7      0.36955072
       8      0.34291421
       9      0.32334594
      10      0.30137295
      11      0.30210916
      12      0.29182955
      13   0.3374
 
