       1       8.2259817
       2       10.998171
       3       13.172755
       4       20.256938
       5       36.957667
       6       43.325893
       7       39.373588
       8       27.220882
       9       18.509883
      10       8.7518186
      11       8.5531402
      12       8.1467687
      13   243.49
 
       1       5.8870305
       2       7.2323568
       3       8.9621639
       4       12.524600
       5       18.740245
       6       21.771144
       7       20.932216
       8       15.799439
       9       10.652343
      10       5.8213452
      11       6.2410854
      12       5.8111712
      13   140.38
 
       1      0.86593976
       2       1.0783157
       3       1.6650957
       4       2.7175836
       5       3.0157770
       6       2.7115360
       7       2.8551586
       8       2.2036165
       9       1.4242685
      10      0.81655531
      11      0.84445712
      12      0.81370802
      13    21.01
 
       1       2.0652492
       2      0.76838442
       3       2.5329495
       4       4.9361850
       5       5.8067925
       6       12.398138
       7       12.738204
       8       6.5532769
       9       3.1414551
      10      0.70112904
      11      0.81204962
      12      0.73692885
      13    53.19
 
       1      0.75735675
       2      0.22528439
       3       1.9016549
       4       2.7258344
       5       4.1111406
       6       5.8118214
       7       6.0700143
       8       4.1598622
       9       1.9598327
      10      0.30546020
      11     0.095053816
      12      0.18121514
      13    28.30
 
       1      0.71696959
       2      0.89735884
       3       1.8455634
       4       3.4805656
       5       3.7434110
       6       3.4430222
       7       3.2899451
       8       2.5224741
       9       1.6207042
      10      0.79222945
      11      0.84435413
      12      0.69387211
      13     1.99
 
       1 0.0
       2 0.0
       3 0.0
       4 0.0
       5 0.0
       6 0.0
       7 0.0
       8 0.0
       9 0.0
      10 0.0
      11 0.0
      12 0.0
      13 0.0
 
       1     0.018723293
       2     0.023275944
       3     0.046566796
       4     0.089775195
       5     0.095752571
       6     0.080770354
       7     0.075974680
       8     0.058453388
       9     0.038414287
      10     0.020246793
      11     0.022656921
      12     0.019087848
      13   0.0491
 
       1      0.92438604
       2      0.92361302
       3      0.92184650
       4      0.92234159
       5      0.92391033
       6      0.92228197
       7      0.92186848
       8      0.92193420
       9      0.92203598
      10      0.92435510
      11      0.92500101
      12      0.92703058
      13   0.9234
 
       1    0.0014638886
       2    0.0018234680
       3    0.0036933303
       4    0.0070224372
       5    0.0074571898
       6    0.0065620613
       7    0.0062492951
       8    0.0048229527
       9    0.0031415136
      10    0.0016027844
      11    0.0017480913
      12    0.0014479574
      13   0.0039
 
       1      0.91061860
       2      0.90136212
       3      0.94610295
       4      0.97341439
       5      0.98653551
       6      0.98465978
       7      0.97571666
       8      0.95726302
       9      0.97929243
      10      0.94758870
      11      0.95521659
      12      0.90839440
      13   0.9522
 
