       1       161.15466
       2       146.02704
       3       140.64755
       4       118.67590
       5       135.81513
       6       129.46851
       7       119.29986
       8       120.62452
       9       97.429467
      10       76.343150
      11       88.625749
      12       90.562916
      13  1424.67
 
       1       111.36915
       2       93.485733
       3       94.046029
       4       76.597419
       5       83.280073
       6       78.547616
       7       67.929249
       8       69.802435
       9       61.291721
      10       51.967756
      11       59.301284
      12       64.049060
      13   911.67
 
       1       15.586378
       2       10.993245
       3       11.730500
       4       8.9464741
       5       8.4742298
       6       7.7848823
       7       6.6331784
       8       6.6308959
       9       6.8413455
      10       6.4108385
      11       6.8000662
      12       8.3331564
      13   105.17
 
       1       18.402413
       2       10.947000
       3       14.109777
       4       11.865793
       5       11.673564
       6       16.821052
       7       13.892507
       8       16.148326
       9       9.1739220
      10       6.9147398
      11       8.0144157
      12       9.4353837
      13   147.40
 
       1       15.049623
       2       10.272386
       3       14.371954
       4       13.347450
       5       17.271799
       6       18.159794
       7       18.208824
       8       24.935580
       9       20.522206
      10       14.527121
      11       8.7695692
      12       8.1459781
      13   183.58
 
       1       11.989427
       2       11.411803
       3       14.935365
       4       16.210934
       5       18.281854
       6       19.116479
       7       15.063412
       8       15.369647
       9       12.479018
      10       9.1966664
      11       7.5956221
      12       7.2996622
      13    13.25
 
       1 0.0
       2 0.0
       3 0.0
       4 0.0
       5 0.0
       6 0.0
       7 0.0
       8 0.0
       9 0.0
      10 0.0
      11 0.0
      12 0.0
      13 0.0
 
       1      0.15882371
       2      0.14531999
       3      0.19361175
       4      0.20707753
       5      0.22937102
       6      0.23880606
       7      0.18416601
       8      0.18703176
       9      0.15330497
      10      0.11306049
      11     0.094983944
      12     0.094890868
      13   0.1667
 
       1      0.92695058
       2      0.92461115
       3      0.92578026
       4      0.92596841
       5      0.92506192
       6      0.92516758
       7      0.92601750
       8      0.92540512
       9      0.92549503
      10      0.92631429
      11      0.92667200
      12      0.92682304
      13   0.9259
 
       1     0.012073522
       2     0.011313548
       3     0.014902113
       4     0.016131014
       5     0.018028838
       6     0.018784774
       7     0.014660317
       8     0.014935766
       9     0.012215755
      10    0.0090529831
      11    0.0075292478
      12    0.0073388421
      13   0.0131
 
       1      0.74140668
       2      0.75315672
       3      0.78459169
       4      0.76765094
       5      0.81148041
       6      0.85936350
       7      0.80194655
       8      0.81829591
       9      0.77906588
      10      0.67637956
      11      0.62627442
      12      0.70502293
      13   0.7604
 
