       1       146.34335
       2       187.85592
       3       205.26262
       4       248.37930
       5       226.33075
       6       225.83097
       7       247.59448
       8       199.73447
       9       174.76548
      10       128.02919
      11       115.53354
      12       113.69083
      13  2219.35
 
       1       99.501938
       2       123.73564
       3       134.74513
       4       158.60386
       5       138.08136
       6       130.95468
       7       137.37343
       8       116.61835
       9       108.71575
      10       85.269430
      11       78.595253
      12       77.477771
      13  1389.67
 
       1       13.148694
       2       17.243583
       3       17.716765
       4       19.064789
       5       16.813322
       6       14.966293
       7       15.230091
       8       13.498533
       9       12.814008
      10       11.194930
      11       10.099706
      12       9.9789855
      13   171.77
 
       1       15.480018
       2       21.533513
       3       24.229242
       4       32.776746
       5       32.938643
       6       44.491035
       7       50.146175
       8       34.976279
       9       21.104830
      10       14.905593
      11       16.134267
      12       14.907086
      13   323.62
 
       1       13.687945
       2       18.515459
       3       23.708122
       4       27.490098
       5       36.057405
       6       39.531794
       7       48.859567
       8       42.500029
       9       33.263578
      10       24.727515
      11       13.543424
      12       12.363415
      13   334.25
 
       1       11.931479
       2       17.091920
       3       24.171145
       4       39.462562
       5       36.109821
       6       34.091967
       7       32.100649
       8       25.482256
       9       22.538427
      10       15.886111
      11       13.195878
      12       9.9733772
      13    23.50
 
       1 0.0
       2 0.0
       3 0.0
       4 0.0
       5 0.0
       6 0.0
       7 0.0
       8 0.0
       9 0.0
      10 0.0
      11 0.0
      12 0.0
      13 0.0
 
       1     0.014789869
       2     0.021064909
       3     0.030058123
       4     0.050299648
       5     0.044975871
       6     0.041170846
       7     0.038068709
       8     0.029992122
       9     0.026978273
      10     0.019074855
      11     0.016267155
      12     0.012249402
      13   0.0287
 
       1      0.89860033
       2      0.89754216
       3      0.89574362
       4      0.89646848
       5      0.89586100
       6      0.89653255
       7      0.89798608
       8      0.89881600
       9      0.89767540
      10      0.89703720
      11      0.89806418
      12      0.89855756
      13   0.8974
 
       1    0.0017059644
       2    0.0024277630
       3    0.0034493973
       4    0.0056799648
       5    0.0051507342
       6    0.0047930558
       7    0.0044660993
       8    0.0035430165
       9    0.0031601650
      10    0.0022412499
      11    0.0018841303
      12    0.0014209173
      13   0.0033
 
       1      0.28679036
       2      0.29252416
       3      0.33126916
       4      0.38809186
       5      0.42459820
       6      0.41022996
       7      0.37472255
       8      0.34353490
       9      0.32899578
      10      0.30814609
      11      0.31617857
      12      0.30137099
      13   0.3422
 
