       1       8.7964158
       2       11.024855
       3       17.337777
       4       24.449178
       5       41.496832
       6       46.618644
       7       46.020793
       8       22.537082
       9       16.808569
      10       10.792324
      11       8.1394613
      12       8.0916682
      13   262.11
 
       1       5.9570979
       2       7.6166735
       3       11.339106
       4       15.215452
       5       22.322880
       6       24.621492
       7       25.115623
       8       13.276804
       9       10.054529
      10       7.0080183
      11       5.9120848
      12       6.2274964
      13   154.67
 
       1      0.69395831
       2       1.0559258
       3       2.1143813
       4       2.9614643
       5       3.3415059
       6       3.2633084
       7       3.3203885
       8       1.9508318
       9       1.3906594
      10       1.0266752
      11      0.82073728
      12      0.83957948
      13    22.78
 
       1      0.52986974
       2       1.3134595
       3       3.1432243
       4       3.6748586
       5       6.7676612
       6       11.301260
       7       12.629733
       8       4.6451333
       9       1.7082963
      10       1.1396442
      11      0.91904177
      12      0.76056509
      13    48.53
 
       1      0.10165297
       2      0.48013364
       3       1.5450012
       4       2.7815484
       5       4.5114375
       6       6.3986524
       7       6.9942395
       8       3.5920586
       9       1.6007771
      10      0.51082494
      11      0.11603490
      12      0.14037791
      13    28.77
 
       1      0.57994836
       2       1.5128235
       3       2.4817391
       4       4.0222017
       5       4.5071670
       6       4.1391405
       7       3.9580028
       8       2.1325796
       9       1.5993691
      10       1.1624488
      11      0.78911525
      12      0.63445296
      13     2.29
 
       1 0.0
       2 0.0
       3 0.0
       4 0.0
       5 0.0
       6 0.0
       7 0.0
       8 0.0
       9 0.0
      10 0.0
      11 0.0
      12 0.0
      13 0.0
 
       1     0.015908123
       2     0.042252677
       3     0.067829067
       4      0.11154591
       5      0.12176666
       6      0.10351595
       7     0.096607484
       8     0.052475027
       9     0.039927810
      10     0.031943686
      11     0.021893339
      12     0.018537330
      13   0.0604
 
       1      0.88670464
       2      0.88741620
       3      0.88586441
       4      0.88714703
       5      0.88677319
       6      0.88487823
       7      0.88235625
       8      0.88549447
       9      0.88283637
      10      0.88829036
      11      0.88834832
      12      0.89111114
      13   0.8864
 
       1    0.0018587906
       2    0.0048682846
       3    0.0079153892
       4     0.012833656
       5     0.014149160
       6     0.012487686
       7     0.011801550
       8    0.0064405056
       9    0.0048878443
      10    0.0037155020
      11    0.0025483687
      12    0.0020896287
      13   0.0071
 
       1      0.87689301
       2      0.94141527
       3      0.94168689
       4      0.96859272
       5      0.98519006
       6      0.98530919
       7      0.98033843
       8      0.97500786
       9      0.98153902
      10      0.95971128
      11      0.93349673
      12      0.92170381
      13   0.9542
 
