       1       140.41163
       2       118.83228
       3       189.58867
       4       171.30129
       5       192.08012
       6       207.45830
       7       206.77009
       8       196.02632
       9       193.13672
      10       158.66973
      11       139.28634
      12       165.88634
      13  2079.45
 
       1       94.932093
       2       79.104998
       3       118.17645
       4       107.64183
       5       119.43491
       6       121.02561
       7       113.61364
       8       111.53946
       9       116.32187
      10       105.44595
      11       93.933900
      12       110.82942
      13  1292.00
 
       1       13.378159
       2       10.570390
       3       15.285706
       4       14.968713
       5       16.247601
       6       15.041553
       7       13.396721
       8       13.021102
       9       13.798898
      10       14.438398
      11       12.608941
      12       14.282810
      13   167.04
 
       1       19.272219
       2       14.525557
       3       21.875925
       4       25.127058
       5       27.990288
       6       40.525366
       7       47.884355
       8       34.426314
       9       25.295718
      10       20.210297
      11       16.857916
      12       20.378543
      13   314.37
 
       1       13.301117
       2       11.425753
       3       19.454806
       4       23.382114
       5       29.279061
       6       35.726291
       7       35.579478
       8       36.385553
       9       32.558368
      10       31.170660
      11       17.325454
      12       15.728143
      13   301.32
 
       1       13.583036
       2       13.037053
       3       20.644247
       4       25.228609
       5       29.834006
       6       28.955698
       7       24.805671
       8       22.609412
       9       23.117027
      10       19.432699
      11       14.465621
      12       13.155119
      13    20.74
 
       1 0.0
       2 0.0
       3 0.0
       4 0.0
       5 0.0
       6 0.0
       7 0.0
       8 0.0
       9 0.0
      10 0.0
      11 0.0
      12 0.0
      13 0.0
 
       1     0.013355827
       2     0.012444938
       3     0.019437099
       4     0.024041722
       5     0.028328976
       6     0.026868113
       7     0.022473485
       8     0.020386160
       9     0.021273283
      10     0.018548114
      11     0.013790093
      12     0.012660498
      13   0.0195
 
       1      0.88322148
       2      0.88336863
       3      0.88089836
       4      0.88175601
       5      0.88054265
       6      0.87965567
       7      0.88278431
       8      0.88328332
       9      0.88166297
      10      0.88432562
      11      0.88441755
      12      0.88330790
      13   0.8824
 
       1    0.0017511269
       2    0.0016660740
       3    0.0026160311
       4    0.0032114012
       5    0.0037856445
       6    0.0036359191
       7    0.0030788546
       8    0.0028076076
       9    0.0028920959
      10    0.0024714290
      11    0.0018462841
      12    0.0016799775
      13   0.0026
 
       1      0.29692305
       2      0.29864717
       3      0.30255793
       4      0.35010998
       5      0.36137447
       6      0.37733330
       7      0.32752235
       8      0.30143004
       9      0.33266982
      10      0.30995381
      11      0.29114360
      12      0.27147030
      13   0.3184
 
