       1       195.58198
       2       159.07264
       3       250.67134
       4       208.24682
       5       186.86492
       6       227.38081
       7       225.98622
       8       196.50448
       9       168.46878
      10       104.97289
      11       153.68262
      12       178.22555
      13  2255.66
 
       1       131.26735
       2       107.33320
       3       163.35812
       4       135.48274
       5       115.40373
       6       130.90292
       7       128.24809
       8       113.29567
       9       104.07272
      10       70.663712
      11       103.08288
      12       123.45486
      13  1426.57
 
       1       17.149392
       2       14.570898
       3       21.243099
       4       17.677268
       5       14.653969
       6       13.983196
       7       14.091889
       8       12.671483
       9       11.764848
      10       9.6493116
      11       12.235219
      12       15.990361
      13   175.68
 
       1       22.457195
       2       21.888163
       3       31.230496
       4       28.954246
       5       28.029497
       6       39.691267
       7       47.635751
       8       32.452685
       9       21.226499
      10       14.720955
      11       17.520480
      12       24.013359
      13   329.82
 
       1       18.912828
       2       17.029519
       3       25.462468
       4       27.364695
       5       29.147912
       6       37.411936
       7       44.351444
       8       40.359906
       9       30.959783
      10       20.454936
      11       18.884999
      12       19.826977
      13   330.17
 
       1       14.917737
       2       17.542242
       3       29.652340
       4       34.014359
       5       28.547004
       6       31.225928
       7       31.192878
       8       24.783084
       9       22.454465
      10       14.000496
      11       14.956162
      12       14.863623
      13    23.18
 
       1 0.0
       2 0.0
       3 0.0
       4 0.0
       5 0.0
       6 0.0
       7 0.0
       8 0.0
       9 0.0
      10 0.0
      11 0.0
      12 0.0
      13 0.0
 
       1     0.014615487
       2     0.017221093
       3     0.029949056
       4     0.034141576
       5     0.027593067
       6     0.029459362
       7     0.029350289
       8     0.022928739
       9     0.021015316
      10     0.013326138
      11     0.014436570
      12     0.014604552
      13   0.0224
 
       1      0.84422817
       2      0.84383958
       3      0.84382030
       4      0.84348033
       5      0.84229118
       6      0.84107395
       7      0.84447210
       8      0.84520372
       9      0.84353025
      10      0.84425676
      11      0.84563136
      12      0.84543589
      13   0.8439
 
       1    0.0025368244
       2    0.0029903667
       3    0.0050989042
       4    0.0058432118
       5    0.0048343440
       6    0.0052036448
       7    0.0051856732
       8    0.0040981514
       9    0.0037409980
      10    0.0023678163
      11    0.0025362080
      12    0.0025325863
      13   0.0039
 
       1      0.26994853
       2      0.28767387
       3      0.32885326
       4      0.37040498
       5      0.37313688
       6      0.38043339
       7      0.35806018
       8      0.32216735
       9      0.31792089
      10      0.28723236
      11      0.28218860
      12      0.28476913
      13   0.3219
 
