       1       166.13688
       2       110.35452
       3       142.91963
       4       158.26151
       5       135.05086
       6       100.09266
       7       108.82925
       8       116.31988
       9       119.20863
      10       84.019724
      11       132.99256
      12       192.18351
      13  1566.37
 
       1       112.28148
       2       73.657623
       3       86.975529
       4       94.555541
       5       83.887187
       6       62.632943
       7       60.897972
       8       67.757104
       9       75.038832
      10       54.577838
      11       86.668352
      12       127.98753
      13   986.92
 
       1       15.726532
       2       9.5204740
       3       9.1793546
       4       9.7028614
       5       9.4243247
       6       7.2337353
       7       6.0916564
       8       7.1323681
       9       8.8078290
      10       6.7176577
      11       10.389665
      12       16.951743
      13   116.88
 
       1       17.999622
       2       9.3430796
       3       10.178715
       4       11.820609
       5       13.861573
       6       13.830991
       7       13.281124
       8       15.431782
       9       11.133289
      10       7.5325136
      11       14.154113
      12       24.160917
      13   162.73
 
       1       16.777214
       2       10.055898
       3       12.436342
       4       13.817040
       5       15.353831
       6       13.496158
       7       15.134251
       8       22.161525
       9       23.757278
      10       15.694469
      11       16.680961
      12       22.211549
      13   197.58
 
       1       12.200460
       2       10.843594
       3       12.317264
       4       16.770513
       5       18.336488
       6       14.589322
       7       13.187104
       8       14.621649
       9       15.163915
      10       9.4021892
      11       10.398091
      12       13.175610
      13    13.42
 
       1 0.0
       2 0.0
       3 0.0
       4 0.0
       5 0.0
       6 0.0
       7 0.0
       8 0.0
       9 0.0
      10 0.0
      11 0.0
      12 0.0
      13 0.0
 
       1      0.13355848
       2      0.11470012
       3      0.12670485
       4      0.17343339
       5      0.18738556
       6      0.14548407
       7      0.12937427
       8      0.14394642
       9      0.15145879
      10     0.093802428
      11      0.10693701
      12      0.14067707
      13   0.1373
 
       1      0.87514780
       2      0.87254680
       3      0.87273786
       4      0.87352792
       5      0.87128813
       6      0.87018649
       7      0.87106903
       8      0.87188483
       9      0.87118528
      10      0.87251676
      11      0.87233995
      12      0.87324412
      13   0.8723
 
       1     0.017312883
       2     0.015252323
       3     0.017127753
       4     0.023294362
       5     0.025452322
       6     0.020075748
       7     0.017978988
       8     0.019948728
       9     0.020826951
      10     0.013000698
      11     0.014480489
      12     0.018520593
      13   0.0186
 
       1      0.71310016
       2      0.72255286
       3      0.72544526
       4      0.74452885
       5      0.81666807
       6      0.79601212
       7      0.76783898
       8      0.78156517
       9      0.79088225
      10      0.68933227
      11      0.69913940
      12      0.72804478
      13   0.7479
 
