       1       175.71028
       2       167.75497
       3       169.76656
       4       198.97434
       5       153.43864
       6       133.09388
       7       122.11437
       8       133.31182
       9       124.40493
      10       80.261413
      11       79.929853
      12       87.010171
      13  1625.77
 
       1       118.17225
       2       107.50759
       3       110.27737
       4       126.13603
       5       93.298328
       6       81.026742
       7       69.065915
       8       75.267845
       9       79.413963
      10       54.410059
      11       55.014029
      12       61.098641
      13  1030.69
 
       1       15.134312
       2       12.693239
       3       13.489414
       4       13.351909
       5       9.1107395
       6       7.9932921
       7       6.4481609
       8       7.3821508
       9       9.0539458
      10       6.8658343
      11       6.5734119
      12       7.4039269
      13   115.50
 
       1       17.358022
       2       12.848513
       3       16.551514
       4       18.465244
       5       14.112813
       6       14.707352
       7       16.485951
       8       14.465600
       9       12.074961
      10       7.3226722
      11       7.3107267
      12       9.1162726
      13   160.82
 
       1       17.624926
       2       15.449725
       3       19.198582
       4       21.157183
       5       17.717725
       6       18.553733
       7       20.493769
       8       24.959947
       9       24.033849
      10       14.004829
      11       10.626440
      12       9.1140451
      13   212.93
 
       1       12.146477
       2       14.608898
       3       19.237564
       4       27.306078
       5       22.184893
       6       23.604873
       7       15.980893
       8       17.473246
       9       16.792715
      10       10.008041
      11       7.4234688
      12       6.6378082
      13    16.12
 
       1 0.0
       2 0.0
       3 0.0
       4 0.0
       5 0.0
       6 0.0
       7 0.0
       8 0.0
       9 0.0
      10 0.0
      11 0.0
      12 0.0
      13 0.0
 
       1      0.13087862
       2      0.15827790
       3      0.20822054
       4      0.29246200
       5      0.23175335
       6      0.24698188
       7      0.15938464
       8      0.17699854
       9      0.17210922
      10      0.10113914
      11     0.075641081
      12     0.069392490
      13   0.1686
 
       1      0.87155313
       2      0.87465196
       3      0.87528207
       4      0.87425191
       5      0.87198715
       6      0.87220053
       7      0.87213902
       8      0.87267431
       9      0.87359746
      10      0.87428808
      11      0.87404561
      12      0.87411086
      13   0.8734
 
       1     0.017165329
       2     0.020672995
       3     0.027201412
       4     0.038396018
       5     0.031061134
       6     0.033045943
       7     0.021935452
       8     0.024104401
       9     0.023283542
      10     0.013942543
      11     0.010387208
      12    0.0093652787
      13   0.0225
 
       1      0.69989736
       2      0.74334786
       3      0.79815652
       4      0.86797329
       5      0.82217666
       6      0.85998426
       7      0.80628763
       8      0.83035525
       9      0.81844996
      10      0.71084558
      11      0.64511738
      12      0.63296772
      13   0.7696
 
