       1       136.38373
       2       133.50207
       3       133.86474
       4       102.43205
       5       148.22475
       6       113.89661
       7       111.19651
       8       104.70892
       9       104.81578
      10       85.729301
      11       95.364021
      12       83.038904
      13  1353.16
 
       1       92.882777
       2       89.178320
       3       84.551525
       4       65.082189
       5       89.497894
       6       70.017819
       7       63.019928
       8       62.399459
       9       64.348683
      10       57.326049
      11       63.858416
      12       56.563217
      13   858.73
 
       1       11.719951
       2       12.146497
       3       9.4600124
       4       7.9708270
       5       9.5764778
       6       8.4148486
       7       6.3895736
       8       6.8866126
       9       7.3317449
      10       7.2305439
      11       7.4011305
      12       6.5501932
      13   101.08
 
       1       11.167084
       2       13.362010
       3       11.336166
       4       10.531016
       5       13.953640
       6       15.617382
       7       14.499850
       8       13.538075
       9       10.924372
      10       9.6436563
      11       9.5014212
      12       7.3836227
      13   141.46
 
       1       10.929249
       2       12.622382
       3       12.965360
       4       13.113065
       5       16.703662
       6       18.091826
       7       16.925446
       8       19.039988
       9       18.730891
      10       18.160948
      11       13.152396
      12       9.3582388
      13   179.79
 
       1       9.8967582
       2       12.676762
       3       13.731617
       4       13.217599
       5       17.978511
       6       17.548677
       7       13.720442
       8       13.454385
       9       12.827194
      10       10.429900
      11       9.2272962
      12       6.5215920
      13    12.60
 
       1 0.0
       2 0.0
       3 0.0
       4 0.0
       5 0.0
       6 0.0
       7 0.0
       8 0.0
       9 0.0
      10 0.0
      11 0.0
      12 0.0
      13 0.0
 
       1      0.10603603
       2      0.13629576
       3      0.14302370
       4      0.13453577
       5      0.18134843
       6      0.17728741
       7      0.13456577
       8      0.13260414
       9      0.12680151
      10      0.10452037
      11     0.094423829
      12     0.067441326
      13   0.1282
 
       1      0.87396160
       2      0.87295877
       3      0.87228878
       4      0.87065111
       5      0.86951135
       6      0.86976211
       7      0.87128954
       8      0.87176440
       9      0.87093718
      10      0.87183359
      11      0.87197451
      12      0.87285764
      13   0.8716
 
       1     0.014006554
       2     0.017929018
       3     0.019175838
       4     0.018367649
       5     0.024780287
       6     0.024247970
       7     0.018710058
       8     0.018416487
       9     0.017600089
      10     0.014443211
      11     0.012878460
      12    0.0091616000
      13   0.0175
 
       1      0.70461199
       2      0.74032446
       3      0.74587371
       4      0.78328936
       5      0.80898370
       6      0.83119305
       7      0.75879517
       8      0.75536035
       9      0.77108793
      10      0.73092968
      11      0.68967827
      12      0.64100684
      13   0.7468
 
