       1       100.07554
       2       141.59001
       3       219.58942
       4       169.21870
       5       139.09052
       6       141.50565
       7       123.91736
       8       148.97727
       9       119.08720
      10       63.020922
      11       91.966310
      12       123.61919
      13  1581.66
 
       1       70.730629
       2       91.338563
       3       143.59597
       4       109.07808
       5       85.224115
       6       83.065723
       7       69.949106
       8       84.017814
       9       73.848735
      10       45.200263
      11       63.787375
      12       85.130551
      13  1004.97
 
       1       8.8946983
       2       10.560241
       3       16.704449
       4       11.756574
       5       7.5972200
       6       6.7362078
       7       6.2304962
       8       7.4500594
       9       7.1252795
      10       5.9305717
      11       7.1709126
      12       10.267477
      13   106.42
 
       1       8.8703308
       2       12.831351
       3       19.605921
       4       16.796591
       5       10.162832
       6       14.697989
       7       15.701568
       8       15.930404
       9       11.592165
      10       6.6051188
      11       6.1847393
      12       11.903617
      13   150.88
 
       1       7.9978025
       2       11.979443
       3       22.317744
       4       20.051037
       5       15.266442
       6       17.181745
       7       19.327610
       8       27.152960
       9       22.891088
      10       15.055974
      11       11.520605
      12       10.701121
      13   201.44
 
       1       7.9450526
       2       13.277818
       3       21.092642
       4       23.605312
       5       19.277224
       6       22.299552
       7       16.755507
       8       18.979449
       9       15.179992
      10       9.1701530
      11       8.7903055
      12       8.4582168
      13    15.40
 
       1 0.0
       2 0.0
       3 0.0
       4 0.0
       5 0.0
       6 0.0
       7 0.0
       8 0.0
       9 0.0
      10 0.0
      11 0.0
      12 0.0
      13 0.0
 
       1     0.085151520
       2      0.14690775
       3      0.23103182
       4      0.25686219
       5      0.20085110
       6      0.23389383
       7      0.17003697
       8      0.19399201
       9      0.15556778
      10     0.094516782
      11     0.092668443
      12     0.090102666
      13   0.1626
 
       1      0.83148739
       2      0.83496411
       3      0.83442757
       4      0.83365632
       5      0.83110389
       6      0.82916366
       7      0.83072336
       8      0.83186619
       9      0.83150640
      10      0.83217082
      11      0.83344380
      12      0.83275107
      13   0.8323
 
       1     0.014947843
       2     0.025039697
       3     0.039580908
       4     0.044315893
       5     0.035614927
       6     0.041264708
       7     0.030491312
       8     0.034621484
       9     0.027803789
      10     0.016990687
      11     0.016410900
      12     0.015803240
      13   0.0286
 
       1      0.69337330
       2      0.74665027
       3      0.80604577
       4      0.85977965
       5      0.80215524
       6      0.89279270
       7      0.82583673
       8      0.84722729
       9      0.79717527
      10      0.72090082
      11      0.66183634
      12      0.66019304
      13   0.7762
 
