       1       7.5313036
       2       11.866914
       3       17.852549
       4       23.393850
       5       35.347039
       6       43.344961
       7       39.806938
       8       28.605208
       9       17.053677
      10       9.5451070
      11       6.8095769
      12       5.9067000
      13   247.06
 
       1       5.0868451
       2       7.3660682
       3       12.552841
       4       13.447187
       5       18.218871
       6       22.946372
       7       20.158660
       8       15.532735
       9       9.8024335
      10       6.1142255
      11       5.1065380
      12       4.5561001
      13   140.89
 
       1      0.68937339
       2      0.86269872
       3       2.6058931
       4       2.1477464
       5       2.5916819
       6       2.7311607
       7       2.5763331
       8       2.0905067
       9       1.2404414
      10      0.80967881
      11      0.76927091
      12      0.58396943
      13    19.70
 
       1      0.31498912
       2       1.1918999
       3       4.5125142
       4       3.1700922
       5       4.6273794
       6       10.766298
       7       12.753013
       8       7.2370527
       9       3.3779799
      10      0.71786579
      11      0.65529289
      12      0.45969794
      13    49.78
 
       1      0.10513117
       2      0.78362611
       3       2.5265936
       4       2.7604583
       5       3.2516655
       6       4.4544212
       7       5.6577148
       8       4.5798077
       9       1.6956251
      10      0.37240232
      11      0.10468479
      12     0.092671022
      13    26.38
 
       1      0.55001811
       2       1.0842491
       3       3.8505484
       4       2.5508198
       5       3.0746380
       6       3.8193779
       7       3.2766379
       8       2.3946021
       9       1.5104211
      10      0.90578403
      11      0.77194295
      12      0.45183930
      13     2.02
 
       1 0.0
       2 0.0
       3 0.0
       4 0.0
       5 0.0
       6 0.0
       7 0.0
       8 0.0
       9 0.0
      10 0.0
      11 0.0
      12 0.0
      13 0.0
 
       1     0.014942178
       2     0.026709168
       3      0.10558383
       4     0.065283230
       5     0.075454078
       6     0.090297504
       7     0.076162354
       8     0.055320377
       9     0.035570174
      10     0.022581363
      11     0.021595400
      12     0.012714827
      13   0.0502
 
       1      0.92746541
       2      0.92276329
       3      0.92569455
       4      0.92510899
       5      0.92292220
       6      0.92203627
       7      0.92143748
       8      0.92054113
       9      0.92122315
      10      0.92283192
      11      0.92671631
      12      0.92778985
      13   0.9239
 
       1    0.0011440014
       2    0.0021619985
       3    0.0079688459
       4    0.0051044347
       5    0.0059973379
       6    0.0073125308
       7    0.0062342309
       8    0.0045551140
       9    0.0029213885
      10    0.0018141553
      11    0.0016279936
      12   0.00095470427
      13   0.0040
 
       1      0.85737324
       2      0.80710814
       3      0.95020746
       4      0.96224784
       5      0.98107973
       6      0.98174659
       7      0.97870270
       8      0.97215525
       9      0.97831459
      10      0.94903436
      11      0.95508418
      12      0.88714513
      13   0.9383
 
