       1       8.5206587
       2       13.461383
       3       14.823831
       4       28.789509
       5       34.018182
       6       53.862422
       7       47.364119
       8       22.440952
       9       19.769568
      10       8.2056167
      11       6.8310211
      12       7.1013445
      13   265.19
 
       1       6.1127277
       2       9.0299688
       3       10.169867
       4       16.416203
       5       18.753438
       6       28.151992
       7       25.026496
       8       13.441541
       9       11.458204
      10       5.4844336
      11       5.1794607
      12       5.2069823
      13   154.43
 
       1      0.75068883
       2       1.2987374
       3       1.8732261
       4       2.8373944
       5       2.7737367
       6       3.3893628
       7       3.3035515
       8       2.0360380
       9       1.4904587
      10      0.81759948
      11      0.73539214
      12      0.64933845
      13    21.96
 
       1      0.73020126
       2       1.2823126
       3       3.1742833
       4       4.2700960
       5       4.7396358
       6       14.717137
       7       16.947297
       8       5.6377655
       9       3.2524603
      10      0.88178944
      11       1.1426941
      12       1.1990197
      13    57.97
 
       1      0.32159467
       2      0.39419828
       3       1.1009491
       4       3.1307483
       5       3.1995615
       6       6.7158716
       7       7.1400327
       8       4.2212036
       9       2.7058733
      10      0.44322748
      11      0.19996571
      12      0.26817823
      13    29.84
 
       1      0.77210175
       2       1.5318166
       3       2.7296769
       4       3.7266140
       5       3.6332230
       6       4.8434336
       7       3.9609532
       8       2.1390633
       9       1.7404226
      10      0.96752634
      11      0.93272276
      12      0.66255649
      13     2.30
 
       1 0.0
       2 0.0
       3 0.0
       4 0.0
       5 0.0
       6 0.0
       7 0.0
       8 0.0
       9 0.0
      10 0.0
      11 0.0
      12 0.0
      13 0.0
 
       1     0.016748089
       2     0.033991970
       3     0.059348799
       4     0.078829452
       5     0.075982984
       6     0.095965721
       7     0.076536967
       8     0.040788434
       9     0.034090061
      10     0.020578789
      11     0.021189324
      12     0.014473833
      13   0.0474
 
       1      0.82906356
       2      0.82853007
       3      0.82663052
       4      0.82615215
       5      0.82743491
       6      0.82454268
       7      0.82518140
       8      0.82335929
       9      0.82289115
      10      0.83023707
      11      0.83264909
      12      0.83267832
      13   0.8274
 
       1    0.0029746788
       2    0.0058971919
       3     0.010425015
       4     0.013978704
       5     0.013439699
       6     0.017339216
       7     0.014004952
       8    0.0075939190
       9    0.0062792151
      10    0.0036723438
      11    0.0036608844
      12    0.0025502216
      13   0.0085
 
       1      0.85036947
       2      0.94887994
       3      0.96283274
       4      0.96614438
       5      0.97558491
       6      0.98378471
       7      0.97552858
       8      0.96758819
       9      0.96321984
      10      0.92841267
      11      0.90941766
      12      0.86359281
      13   0.9413
 
