       1       155.08416
       2       158.96514
       3       155.16676
       4       139.24673
       5       143.39019
       6       104.49972
       7       120.68661
       8       125.37078
       9       124.34409
      10       121.42567
      11       91.670330
      12       128.76111
      13  1568.61
 
       1       106.54038
       2       106.27679
       3       97.462820
       4       84.795471
       5       91.172583
       6       63.648649
       7       67.990272
       8       72.471453
       9       78.698506
      10       78.083380
      11       63.558861
      12       87.541340
      13   998.24
 
       1       15.008955
       2       13.571668
       3       11.587757
       4       9.4684507
       5       10.873234
       6       7.2008633
       7       6.9165551
       8       7.6591113
       9       9.7214285
      10       9.0425562
      11       8.1612038
      12       11.331000
      13   120.54
 
       1       16.990571
       2       13.818703
       3       14.598142
       4       12.361490
       5       16.909280
       6       14.291019
       7       15.003898
       8       14.760270
       9       14.083492
      10       10.181005
      11       9.6924904
      12       12.002879
      13   164.69
 
       1       12.127928
       2       13.903851
       3       16.594397
       4       15.977018
       5       19.535677
       6       15.742013
       7       18.757458
       8       23.210114
       9       25.557265
      10       20.031719
      11       13.792406
      12       14.398060
      13   209.63
 
       1       11.296559
       2       15.249677
       3       15.674286
       4       16.495876
       5       21.148779
       6       15.402867
       7       15.040194
       8       15.157745
       9       16.338953
      10       12.740405
      11       9.0632726
      12       9.3763856
      13    14.42
 
       1 0.0
       2 0.0
       3 0.0
       4 0.0
       5 0.0
       6 0.0
       7 0.0
       8 0.0
       9 0.0
      10 0.0
      11 0.0
      12 0.0
      13 0.0
 
       1      0.12200242
       2      0.16611392
       3      0.16443525
       4      0.16950122
       5      0.21783270
       6      0.15432292
       7      0.14882951
       8      0.14984838
       9      0.16599602
      10      0.12843893
      11     0.094076772
      12     0.099457180
      13   0.1484
 
       1      0.87374220
       2      0.87416215
       3      0.87444555
       4      0.87143200
       5      0.87187980
       6      0.86910286
       7      0.87189196
       8      0.87243918
       9      0.87224930
      10      0.87359687
      11      0.87412085
      12      0.87298858
      13   0.8727
 
       1     0.015997695
       2     0.021638305
       3     0.021945728
       4     0.022951601
       5     0.029402659
       6     0.021262038
       7     0.020555468
       8     0.020738424
       9     0.022568698
      10     0.017618678
      11     0.012706704
      12     0.013247067
      13   0.0201
 
       1      0.73493841
       2      0.78546676
       3      0.69295570
       4      0.80001464
       5      0.78293754
       6      0.79970432
       7      0.76946255
       8      0.76603339
       9      0.81447492
      10      0.72330548
      11      0.67699213
      12      0.66857129
      13   0.7512
 
