       1       34.533371
       2       31.844285
       3       28.287354
       4       22.478038
       5       20.344017
       6       22.070996
       7       18.676676
       8       16.436210
       9       11.464738
      10       13.049060
      11       17.844433
      12       30.176839
      13   267.21
 
       1       17.958294
       2       16.983572
       3       15.928190
       4       12.495375
       5       12.043762
       6       13.346566
       7       11.291320
       8       10.030066
       9       7.0297842
      10       7.3708018
      11       9.1443527
      12       15.452340
      13   149.07
 
       1       2.6936797
       2       2.5446149
       3       2.4702453
       4       1.8112852
       5       1.6908004
       6       1.7713775
       7       1.3954700
       8       1.2090468
       9      0.94665550
      10       1.0856604
      11       1.4934171
      12       2.3849286
      13    21.50
 
       1       11.567991
       2       10.347017
       3       8.4049389
       4       6.9088523
       5       6.0129304
       6       6.1349200
       7       5.8672066
       8       5.1305210
       9       3.7444280
      10       4.1679038
      11       5.6943685
      12       10.827441
      13    84.81
 
       1       1.2609892
       2       1.2612372
       3      0.94687669
       4       1.0110697
       5      0.88246730
       6      0.62804384
       7      0.72592181
       8      0.84862364
       9      0.91321772
      10       1.0043104
      11       1.3546325
      12       2.5089940
      13    13.35
 
       1      0.51288727
       2      0.54606490
       3      0.48096874
       4      0.38392372
       5      0.37876892
       6      0.43421784
       7      0.33636689
       8      0.28900345
       9      0.21888388
      10      0.20868312
      11      0.25321566
      12      0.40716979
      13     0.37
 
       1 0.0
       2 0.0
       3 0.0
       4 0.0
       5 0.0
       6 0.0
       7 0.0
       8 0.0
       9 0.0
      10 0.0
      11 0.0
      12 0.0
      13 0.0
 
       1     0.018667489
       2     0.019917317
       3     0.018523396
       4     0.014898412
       5     0.015032530
       6     0.017783338
       7     0.014231526
       8     0.012482337
       9    0.0090079223
      10    0.0080203838
      11    0.0094033401
      12     0.014835395
      13   0.0144
 
       1       1.0000000
       2       1.0000000
       3       1.0000000
       4       1.0000000
       5       1.0000000
       6       1.0000000
       7       1.0000000
       8       1.0000000
       9       1.0000000
      10       1.0000000
      11       1.0000000
      12       1.0000000
      13   1.0000
 
       1       0.0000000
       2       0.0000000
       3       0.0000000
       4       0.0000000
       5       0.0000000
       6       0.0000000
       7       0.0000000
       8       0.0000000
       9       0.0000000
      10       0.0000000
      11       0.0000000
      12       0.0000000
      13   0.0000
 
       1      0.32211977
       2      0.33061728
       3      0.21184037
       4      0.28439788
       5      0.15512163
       6      0.14068410
       7      0.19956459
       8      0.20710274
       9      0.21413419
      10      0.31654259
      11      0.33883009
      12      0.33569119
      13   0.2547
 
