       1       164.37520
       2       185.10291
       3       210.89406
       4       162.31368
       5       244.13395
       6       226.80257
       7       227.95381
       8       207.26822
       9       135.55223
      10       154.68115
      11       119.19945
      12       138.02145
      13  2176.30
 
       1       111.87772
       2       125.61971
       3       137.80463
       4       104.14668
       5       148.53826
       6       136.95552
       7       128.37070
       8       120.42110
       9       86.514432
      10       101.79211
      11       80.157657
      12       94.795251
      13  1376.99
 
       1       14.335343
       2       16.873440
       3       17.720287
       4       13.350281
       5       16.270992
       6       15.703539
       7       14.077568
       8       13.340326
       9       10.890534
      10       12.377513
      11       9.5122910
      12       12.453427
      13   166.91
 
       1       18.511085
       2       22.168775
       3       28.941620
       4       21.287590
       5       29.375424
       6       38.965158
       7       42.160315
       8       34.213212
       9       19.300158
      10       17.222031
      11       17.910534
      12       18.780376
      13   308.84
 
       1       14.277995
       2       18.078617
       3       24.425795
       4       19.600641
       5       34.861670
       6       47.277783
       7       44.483627
       8       44.113414
       9       27.342089
      10       23.678066
      11       15.826562
      12       12.743052
      13   326.71
 
       1       13.189209
       2       18.401145
       3       25.329819
       4       24.603057
       5       35.680994
       6       39.192758
       7       29.598292
       8       26.995027
       9       19.872281
      10       18.282271
      11       12.969157
      12       11.740458
      13    22.99
 
       1 0.0
       2 0.0
       3 0.0
       4 0.0
       5 0.0
       6 0.0
       7 0.0
       8 0.0
       9 0.0
      10 0.0
      11 0.0
      12 0.0
      13 0.0
 
       1     0.016030985
       2     0.022608040
       3     0.031367021
       4     0.029878858
       5     0.042824641
       6     0.047721797
       7     0.034439449
       8     0.031232365
       9     0.023251917
      10     0.021703867
      11     0.015646860
      12     0.014267522
      13   0.0276
 
       1      0.86217283
       2      0.86265931
       3      0.86165814
       4      0.86093783
       5      0.85980410
       6      0.86136953
       7      0.86303689
       8      0.86181507
       9      0.85970909
      10      0.86146554
      11      0.86235819
      12      0.86277926
      13   0.8616
 
       1    0.0024449683
       2    0.0034213633
       3    0.0047227280
       4    0.0045608191
       5    0.0065636221
       6    0.0072445326
       7    0.0053430121
       8    0.0048669285
       9    0.0036172397
      10    0.0033494177
      11    0.0024042095
      12    0.0021799221
      13   0.0042
 
       1      0.27991322
       2      0.30392348
       3      0.33352857
       4      0.34302866
       5      0.38804348
       6      0.41536608
       7      0.37577858
       8      0.35377919
       9      0.34411256
      10      0.32644695
      11      0.29896862
      12      0.29912358
      13   0.3385
 
