       1       8.2603127
       2       12.705563
       3       18.346796
       4       21.581860
       5       31.880041
       6       47.503732
       7       43.769529
       8       22.269433
       9       15.756418
      10       10.505455
      11       9.2450718
      12       6.5458668
      13   248.37
 
       1       5.6944531
       2       8.4703990
       3       11.790732
       4       12.865734
       5       17.111270
       6       24.841951
       7       23.665972
       8       12.785432
       9       9.0945412
      10       6.8198254
      11       6.6631539
      12       5.1116782
      13   144.92
 
       1      0.69204013
       2       1.1922371
       3       2.1874505
       4       2.4322584
       5       2.5436196
       6       3.0974218
       7       3.1680504
       8       1.7938932
       9       1.1656029
      10      0.90212177
      11      0.99210573
      12      0.73451696
      13    20.90
 
       1      0.90264872
       2       1.5618748
       3       2.7305697
       4       4.1085026
       5       4.6639483
       6       14.389924
       7       15.115061
       8       4.5554710
       9       2.8753985
      10      0.80444292
      11       1.1497706
      12       1.0864514
      13    53.94
 
       1      0.25188439
       2      0.75342871
       3       2.1576610
       4       3.3805455
       5       3.4543886
       6       7.3180647
       7       6.6502289
       8       2.9519954
       9       1.7165587
      10      0.18414518
      11      0.33751092
      12      0.37031288
      13    29.53
 
       1      0.65929240
       2       1.5308276
       3       2.7181256
       4       3.1317924
       5       3.3383876
       6       4.1939377
       7       3.9476091
       8       1.9541058
       9       1.3941326
      10      0.94376648
      11       1.1065932
      12      0.67072438
      13     2.13
 
       1 0.0
       2 0.0
       3 0.0
       4 0.0
       5 0.0
       6 0.0
       7 0.0
       8 0.0
       9 0.0
      10 0.0
      11 0.0
      12 0.0
      13 0.0
 
       1     0.014133080
       2     0.032215140
       3     0.059376152
       4     0.067257999
       5     0.069694973
       6     0.083199771
       7     0.076576983
       8     0.037254169
       9     0.027055975
      10     0.020681327
      11     0.025567557
      12     0.015023410
      13   0.0440
 
       1      0.82856095
       2      0.82782339
       3      0.82976080
       4      0.82944092
       5      0.82673865
       6      0.82408629
       7      0.82425342
       8      0.82265913
       9      0.82156510
      10      0.83171295
      11      0.83406443
      12      0.83682105
      13   0.8281
 
       1    0.0025312554
       2    0.0057509766
       3     0.010331858
       4     0.011812980
       5     0.012354401
       6     0.015030164
       7     0.014016828
       8    0.0069500574
       9    0.0050188817
      10    0.0036108786
      11    0.0043575267
      12    0.0026211275
      13   0.0079
 
       1      0.77025768
       2      0.89795743
       3      0.94409752
       4      0.96192297
       5      0.97805661
       6      0.98140644
       7      0.97420375
       8      0.96713907
       9      0.98011609
      10      0.95194750
      11      0.95537746
      12      0.84027602
      13   0.9336
 
