       1       468.26909
       2       433.42337
       3       458.38718
       4       480.57932
       5       507.09311
       6       512.84248
       7       549.05179
       8       508.40882
       9       482.41164
      10       477.73782
      11       491.91511
      12       484.21603
      13  5854.34
 
       1       282.51745
       2       266.15021
       3       283.47163
       4       295.99141
       5       307.65344
       6       313.82183
       7       331.00939
       8       311.92123
       9       300.58709
      10       296.27518
      11       299.87585
      12       292.35688
      13  3581.63
 
       1       35.896753
       2       33.101930
       3       34.768863
       4       36.459849
       5       37.484344
       6       38.283944
       7       41.997172
       8       38.613392
       9       36.749161
      10       36.164940
      11       36.929785
      12       36.790938
      13   443.24
 
       1       126.85907
       2       114.91166
       3       120.14973
       4       125.58793
       5       133.85676
       6       134.48427
       7       149.03783
       8       133.05012
       9       124.23972
      10       124.81609
      11       130.60187
      12       132.61096
      13  1550.21
 
       1       22.819480
       2       18.825532
       3       20.661736
       4       22.847054
       5       26.943847
       6       25.251972
       7       28.239101
       8       24.226687
       9       21.025770
      10       21.192718
      11       22.663297
      12       23.817964
      13   278.52
 
       1       5.7186671
       2       5.8560476
       3       5.4141728
       4       5.8477656
       5       5.8194561
       6       6.3925360
       7       6.8539941
       8       6.2902194
       9       6.0258282
      10       5.7400001
      11       5.8977014
      12       5.9789118
      13     5.99
 
       1 0.0
       2 0.0
       3 0.0
       4 0.0
       5 0.0
       6 0.0
       7 0.0
       8 0.0
       9 0.0
      10 0.0
      11 0.0
      12 0.0
      13 0.0
 
       1     0.023463122
       2     0.024502536
       3     0.022716172
       4     0.024198161
       5     0.023802723
       6     0.026243957
       7     0.027598249
       8     0.025945265
       9     0.025259822
      10     0.023956587
      11     0.024459112
      12     0.024611410
      13   0.0247
 
       1       1.0000000
       2       1.0000000
       3       1.0000000
       4       1.0000000
       5       1.0000000
       6       1.0000000
       7       1.0000000
       8       1.0000000
       9       1.0000000
      10       1.0000000
      11       1.0000000
      12       1.0000000
      13   1.0000
 
       1       0.0000000
       2       0.0000000
       3       0.0000000
       4       0.0000000
       5       0.0000000
       6       0.0000000
       7       0.0000000
       8       0.0000000
       9       0.0000000
      10       0.0000000
      11       0.0000000
      12       0.0000000
      13   0.0000
 
       1      0.69622346
       2      0.68632714
       3      0.65572709
       4      0.64103595
       5      0.60014198
       6      0.58260592
       7      0.63876144
       8      0.65138313
       9      0.65517078
      10      0.68347230
      11      0.68710941
      12      0.70936398
      13   0.6573
 
