       1       128.77800
       2       148.04930
       3       130.81237
       4       120.62323
       5       141.16233
       6       125.59681
       7       133.57467
       8       112.95734
       9       114.98355
      10       72.963053
      11       153.37547
      12       82.140113
      13  1465.02
 
       1       88.435736
       2       99.837282
       3       85.334427
       4       76.374216
       5       86.953641
       6       75.173638
       7       75.206481
       8       66.220436
       9       69.954084
      10       50.222074
      11       104.26141
      12       59.279182
      13   937.25
 
       1       10.444634
       2       13.244620
       3       10.121461
       4       7.7791923
       5       8.3265991
       6       7.1293843
       7       6.4971250
       8       6.1743576
       9       6.2920307
      10       6.3490802
      11       11.145317
      12       7.8512952
      13   101.36
 
       1       9.2993768
       2       15.288809
       3       13.113505
       4       10.779143
       5       10.706505
       6       13.627360
       7       14.818223
       8       15.593124
       9       10.374325
      10       7.5871075
      11       13.452304
      12       9.2094461
      13   143.85
 
       1       6.6070249
       2       14.127600
       3       12.431474
       4       12.633026
       5       16.839096
       6       16.851429
       7       21.635765
       8       23.157965
       9       19.730479
      10       15.050440
      11       18.183399
      12       10.161581
      13   187.41
 
       1       9.0941559
       2       14.525631
       3       13.925389
       4       15.534441
       5       18.840715
       6       19.683688
       7       17.465200
       8       15.047128
       9       14.299771
      10       9.5640531
      11       13.694665
      12       6.8366014
      13    14.04
 
       1 0.0
       2 0.0
       3 0.0
       4 0.0
       5 0.0
       6 0.0
       7 0.0
       8 0.0
       9 0.0
      10 0.0
      11 0.0
      12 0.0
      13 0.0
 
       1     0.097500738
       2      0.16138738
       3      0.14824950
       4      0.15989579
       5      0.19509132
       6      0.20387507
       7      0.17611555
       8      0.15167946
       9      0.14437298
      10     0.098382154
      11      0.14755964
      12     0.073193042
      13   0.1464
 
       1      0.83279716
       2      0.83507996
       3      0.83300470
       4      0.83095942
       5      0.82980119
       6      0.83044217
       7      0.83081742
       8      0.83162520
       9      0.82960584
      10      0.83418177
      11      0.83550132
      12      0.83302443
      13   0.8322
 
       1     0.017010705
       2     0.027463506
       3     0.025966247
       4     0.028632266
       5     0.034693652
       6     0.036266918
       7     0.031726994
       8     0.027352077
       9     0.026055916
      10     0.017704485
      11     0.025700159
      12     0.012864731
      13   0.0260
 
       1      0.69377460
       2      0.76372113
       3      0.72156116
       4      0.75751902
       5      0.82835658
       6      0.85967564
       7      0.80806731
       8      0.80474417
       9      0.79957524
      10      0.67222332
      11      0.71678666
      12      0.69193650
      13   0.7598
 
