       1       118.49901
       2       157.10846
       3       157.39136
       4       192.28844
       5       178.28570
       6       175.86366
       7       206.71455
       8       198.45113
       9       158.60044
      10       138.68847
      11       125.05293
      12       147.15304
      13  1954.10
 
       1       81.782541
       2       102.78530
       3       102.47935
       4       119.93945
       5       111.40616
       6       104.11268
       7       112.97815
       8       115.03489
       9       95.908646
      10       92.667190
      11       83.338573
      12       101.04710
      13  1223.48
 
       1       10.954501
       2       14.022079
       3       14.399788
       4       15.785253
       5       15.354963
       6       13.247051
       7       12.384269
       8       14.062003
       9       11.475235
      10       12.395921
      11       10.831215
      12       13.528108
      13   158.44
 
       1       16.077526
       2       19.858265
       3       19.973327
       4       23.400775
       5       27.093418
       6       34.706060
       7       42.542477
       8       35.351048
       9       21.791342
      10       15.911275
      11       16.433460
      12       19.918960
      13   293.06
 
       1       10.698588
       2       14.606618
       3       16.989515
       4       22.805381
       5       28.863219
       6       29.620401
       7       33.866969
       8       39.621826
       9       26.286854
      10       26.187579
      11       15.438952
      12       14.260519
      13   279.25
 
       1       11.113208
       2       17.472928
       3       18.338721
       4       27.604467
       5       28.332684
       6       25.002260
       7       23.580896
       8       24.336851
       9       18.870450
      10       16.960622
      11       13.695201
      12       12.560003
      13    19.82
 
       1 0.0
       2 0.0
       3 0.0
       4 0.0
       5 0.0
       6 0.0
       7 0.0
       8 0.0
       9 0.0
      10 0.0
      11 0.0
      12 0.0
      13 0.0
 
       1     0.010717192
       2     0.017020425
       3     0.017528899
       4     0.026273120
       5     0.026816345
       6     0.022965894
       7     0.021060849
       8     0.022165604
       9     0.017097509
      10     0.015906242
      11     0.013161274
      12     0.012111263
      13   0.0186
 
       1      0.88395086
       2      0.88219303
       3      0.88290981
       4      0.88098299
       5      0.88017569
       6      0.88002212
       7      0.88203270
       8      0.88349467
       9      0.88121197
      10      0.88210938
      11      0.88452798
      12      0.88336785
      13   0.8822
 
       1    0.0014268521
       2    0.0022423276
       3    0.0023378946
       4    0.0035107426
       5    0.0035991658
       6    0.0031333508
       7    0.0029120102
       8    0.0030298005
       9    0.0023538943
      10    0.0021478318
      11    0.0017551769
      12    0.0016086066
      13   0.0025
 
       1      0.28404925
       2      0.31383072
       3      0.31292886
       4      0.33823036
       5      0.36680756
       6      0.36883856
       7      0.31979596
       8      0.29582269
       9      0.29482586
      10      0.29415225
      11      0.29192680
      12      0.28571584
      13   0.3139
 
