       1       505.35835
       2       453.83361
       3       474.13296
       4       457.37662
       5       508.59202
       6       480.34970
       7       516.43263
       8       567.15312
       9       477.13728
      10       481.32547
      11       441.12497
      12       464.94192
      13  5827.76
 
       1       301.80093
       2       277.31544
       3       290.31406
       4       282.69667
       5       311.07329
       6       288.87989
       7       313.49018
       8       348.13948
       9       297.65907
      10       300.86702
      11       271.81583
      12       277.93568
      13  3561.99
 
       1       39.484610
       2       35.007633
       3       36.888022
       4       34.337146
       5       37.946428
       6       36.627977
       7       39.022093
       8       42.620704
       9       36.701592
      10       36.422191
      11       33.486883
      12       35.274936
      13   443.82
 
       1       140.28794
       2       121.71711
       3       123.95127
       4       118.74831
       5       134.00776
       6       129.11703
       7       138.58836
       8       149.61581
       9       121.91773
      10       125.30893
      11       116.14583
      12       127.56332
      13  1546.97
 
       1       23.297251
       2       19.701476
       3       23.409729
       4       22.154982
       5       25.748057
       6       24.879342
       7       24.243683
       8       26.349420
       9       21.197153
      10       20.575763
      11       20.194590
      12       22.010356
      13   273.76
 
       1       6.3730051
       2       5.8878210
       3       5.7852868
       4       5.4531287
       5       6.0132222
       6       6.2336582
       7       6.4418346
       8       6.8312794
       9       6.0742112
      10       5.7957017
      11       5.4847121
      12       5.6336161
      13     6.00
 
       1 0.0
       2 0.0
       3 0.0
       4 0.0
       5 0.0
       6 0.0
       7 0.0
       8 0.0
       9 0.0
      10 0.0
      11 0.0
      12 0.0
      13 0.0
 
       1     0.026127251
       2     0.024596936
       3     0.024050563
       4     0.022834645
       5     0.024708642
       6     0.025067538
       7     0.026110598
       8     0.028435261
       9     0.025682774
      10     0.024383081
      11     0.022682778
      12     0.022829412
      13   0.0248
 
       1       1.0000000
       2       1.0000000
       3       1.0000000
       4       1.0000000
       5       1.0000000
       6       1.0000000
       7       1.0000000
       8       1.0000000
       9       1.0000000
      10       1.0000000
      11       1.0000000
      12       1.0000000
      13   1.0000
 
       1       0.0000000
       2       0.0000000
       3       0.0000000
       4       0.0000000
       5       0.0000000
       6       0.0000000
       7       0.0000000
       8       0.0000000
       9       0.0000000
      10       0.0000000
      11       0.0000000
      12       0.0000000
      13   0.0000
 
       1      0.72379513
       2      0.71911477
       3      0.66655700
       4      0.63779596
       5      0.62470832
       6      0.59173872
       7      0.62362176
       8      0.65426760
       9      0.67940673
      10      0.68574750
      11      0.68722054
      12      0.69658474
      13   0.6659
 
