       1       205.25999
       2       191.92530
       3       210.53292
       4       192.17845
       5       217.41325
       6       245.22319
       7       225.27067
       8       190.55134
       9       171.76837
      10       96.329207
      11       113.37393
      12       189.45079
      13  2249.28
 
       1       135.31996
       2       131.27184
       3       138.91866
       4       119.59686
       5       135.87690
       6       144.91083
       7       126.05865
       8       110.25559
       9       108.68221
      10       65.335785
      11       76.027781
      12       126.52050
      13  1418.78
 
       1       18.082446
       2       18.500542
       3       19.428924
       4       14.892637
       5       18.070111
       6       17.581082
       7       14.049439
       8       12.510506
       9       13.150710
      10       9.5161196
      11       9.6198356
      12       15.538888
      13   180.94
 
       1       23.867618
       2       26.342225
       3       28.579056
       4       26.118827
       5       30.155415
       6       42.547002
       7       46.588567
       8       32.218728
       9       21.160808
      10       12.884635
      11       12.953026
      12       20.590758
      13   324.01
 
       1       17.758777
       2       18.939952
       3       22.061908
       4       19.937791
       5       33.247605
       6       45.316859
       7       42.354613
       8       36.745980
       9       35.801499
      10       18.971736
      11       12.102554
      12       16.251390
      13   319.49
 
       1       15.314015
       2       20.460563
       3       26.527504
       4       26.926048
       5       33.944234
       6       36.194592
       7       27.800212
       8       23.227608
       9       22.888286
      10       12.571538
      11       10.979576
      12       14.009144
      13    22.57
 
       1 0.0
       2 0.0
       3 0.0
       4 0.0
       5 0.0
       6 0.0
       7 0.0
       8 0.0
       9 0.0
      10 0.0
      11 0.0
      12 0.0
      13 0.0
 
       1     0.018382885
       2     0.024520175
       3     0.032035438
       4     0.031506635
       5     0.040149132
       6     0.042159375
       7     0.031109207
       8     0.025884754
       9     0.026069160
      10     0.014324686
      11     0.012582315
      12     0.016601082
      13   0.0263
 
       1      0.93166025
       2      0.93073115
       3      0.93132018
       4      0.93037593
       5      0.93038153
       6      0.93071893
       7      0.93091089
       8      0.93132182
       9      0.93027829
      10      0.93104861
      11      0.93108101
      12      0.93164890
      13   0.9310
 
       1    0.0013991959
       2    0.0018665115
       3    0.0024318410
       4    0.0024361636
       5    0.0030812317
       6    0.0032568228
       7    0.0024565631
       8    0.0020541563
       9    0.0020437952
      10    0.0011305881
      11   0.00099061536
      12    0.0012762462
      13   0.0020
 
       1      0.29819582
       2      0.29152061
       3      0.34440593
       4      0.36623973
       5      0.37666150
       6      0.39753933
       7      0.35180539
       8      0.31545812
       9      0.32302423
      10      0.30721645
      11      0.27914237
      12      0.27621711
      13   0.3273
 
