       1       7.2630324
       2       12.292631
       3       21.135343
       4       23.570223
       5       44.411741
       6       41.855228
       7       34.899517
       8       23.169626
       9       19.770281
      10       10.026224
      11       9.9188828
      12       6.6747227
      13   254.99
 
       1       5.1578610
       2       7.9913795
       3       13.213152
       4       14.310931
       5       23.621574
       6       23.383712
       7       19.853936
       8       13.100308
       9       10.932910
      10       6.7459914
      11       6.9415520
      12       4.8334125
      13   150.09
 
       1      0.70093371
       2       1.0946495
       3       2.2852926
       4       2.9156989
       5       3.2625924
       6       3.7047190
       7       2.9885978
       8       1.8404421
       9       1.2738550
      10      0.94595520
      11      0.97311492
      12      0.63154786
      13    22.62
 
       1      0.94814577
       2       1.6725822
       3       3.7698747
       4       4.2339480
       5       6.5792609
       6       10.612606
       7       10.439259
       8       5.1378728
       9       2.4073582
      10      0.81420458
      11       1.2421103
      12      0.83947727
      13    48.70
 
       1      0.15274213
       2      0.80199276
       3       1.3408921
       4       2.8525576
       5       3.9448352
       6       8.3028109
       7       6.7216903
       8       3.9259135
       9       1.7792633
      10      0.41964325
      11      0.18756365
      12      0.42980156
      13    30.86
 
       1      0.53216661
       2       1.6500694
       3       3.0891366
       4       3.5333444
       5       4.0852989
       6       4.6628961
       7       3.3480621
       8       1.9900683
       9       1.4618868
      10      0.95159357
      11       1.0595148
      12      0.52402753
      13     2.24
 
       1 0.0
       2 0.0
       3 0.0
       4 0.0
       5 0.0
       6 0.0
       7 0.0
       8 0.0
       9 0.0
      10 0.0
      11 0.0
      12 0.0
      13 0.0
 
       1     0.014617862
       2     0.043436064
       3     0.084383531
       4     0.093942225
       5      0.10571637
       6      0.11709134
       7     0.079805740
       8     0.046516232
       9     0.034772823
      10     0.024704153
      11     0.030362368
      12     0.014288317
      13   0.0575
 
       1      0.85035797
       2      0.84696342
       3      0.84975279
       4      0.84901961
       5      0.84821518
       6      0.84742898
       7      0.84576912
       8      0.84317820
       9      0.84500838
      10      0.84776636
      11      0.85480097
      12      0.85547902
      13   0.8486
 
       1    0.0022458320
       2    0.0067816185
       3     0.012848222
       4     0.014518010
       5     0.016378060
       6     0.018397811
       7     0.012852373
       8    0.0076163071
       9    0.0056547341
      10    0.0038824867
      11    0.0045269592
      12    0.0022069454
      13   0.0090
 
       1      0.89746175
       2      0.90345752
       3      0.95856427
       4      0.96830819
       5      0.98382401
       6      0.98865767
       7      0.98189981
       8      0.97155668
       9      0.97260286
      10      0.97149144
      11      0.95561472
      12      0.87012812
      13   0.9520
 
