       1       167.92301
       2       214.66285
       3       179.46506
       4       180.11345
       5       229.00221
       6       237.20106
       7       243.82947
       8       187.95142
       9       158.58340
      10       90.895730
      11       126.41448
      12       96.300270
      13  2112.34
 
       1       112.71394
       2       141.53886
       3       116.40864
       4       114.07999
       5       139.76032
       6       135.26503
       7       135.20487
       8       108.59966
       9       100.19532
      10       60.164583
      11       85.032182
      12       66.556117
      13  1315.52
 
       1       14.886769
       2       19.987447
       3       15.601398
       4       15.104199
       5       16.508544
       6       15.287218
       7       15.170601
       8       12.923004
       9       11.968861
      10       8.1361206
      11       11.180820
      12       8.4261564
      13   165.18
 
       1       19.150225
       2       25.827844
       3       22.537342
       4       23.034894
       5       32.799731
       6       45.708539
       7       51.746954
       8       32.056079
       9       21.999356
      10       11.667211
      11       15.345055
      12       11.563223
      13   313.44
 
       1       15.330838
       2       25.066628
       3       22.321211
       4       21.508590
       5       33.785664
       6       46.197908
       7       48.184589
       8       40.570272
       9       32.329642
      10       15.165898
      11       14.242485
      12       9.0967386
      13   323.80
 
       1       13.443601
       2       20.658426
       3       21.641397
       4       26.951743
       5       35.943403
       6       36.563283
       7       31.238229
       8       23.974113
       9       22.682968
      10       11.590634
      11       12.037440
      12       8.8327087
      13    22.13
 
       1 0.0
       2 0.0
       3 0.0
       4 0.0
       5 0.0
       6 0.0
       7 0.0
       8 0.0
       9 0.0
      10 0.0
      11 0.0
      12 0.0
      13 0.0
 
       1     0.013102210
       2     0.020327417
       3     0.020908323
       4     0.025864391
       5     0.034627439
       6     0.034630889
       7     0.029007602
       8     0.022017734
       9     0.021382701
      10     0.010649342
      11     0.011443770
      12    0.0083019008
      13   0.0210
 
       1      0.88415596
       2      0.88314685
       3      0.88305859
       4      0.88219512
       5      0.88123973
       6      0.88249557
       7      0.88470510
       8      0.88530747
       9      0.88367377
      10      0.88263733
      11      0.88454295
      12      0.88500632
      13   0.8835
 
       1    0.0017262279
       2    0.0026523375
       3    0.0027706567
       4    0.0034447661
       5    0.0045891263
       6    0.0046182812
       7    0.0039077098
       8    0.0029973823
       9    0.0028702693
      10    0.0014647847
      11    0.0015371087
      12    0.0011250001
      13   0.0028
 
       1      0.27635906
       2      0.29955636
       3      0.31010007
       4      0.34351026
       5      0.37643736
       6      0.39502585
       7      0.35253091
       8      0.31869098
       9      0.30920051
      10      0.28898598
      11      0.26953617
      12      0.25773610
      13   0.3165
 
