       1       490.15623
       2       427.35821
       3       491.87183
       4       454.87599
       5       530.85258
       6       489.61041
       7       544.93529
       8       475.02897
       9       486.13935
      10       462.14383
      11       431.45228
      12       468.21443
      13  5752.64
 
       1       295.98603
       2       259.33107
       3       304.21818
       4       281.80777
       5       326.97129
       6       294.02361
       7       332.14269
       8       290.23998
       9       301.91844
      10       284.95516
      11       267.20639
      12       288.13386
      13  3526.93
 
       1       37.463130
       2       33.033908
       3       37.565018
       4       33.636674
       5       38.921766
       6       36.886211
       7       41.114140
       8       36.484962
       9       36.804114
      10       35.183570
      11       32.066561
      12       35.522199
      13   434.68
 
       1       132.84060
       2       115.75498
       3       128.34087
       4       118.19743
       5       138.05152
       6       131.15411
       7       144.92525
       8       126.42841
       9       126.53724
      10       120.19065
      11       114.82592
      12       124.38551
      13  1521.63
 
       1       22.598796
       2       19.750490
       3       21.442066
       4       22.171622
       5       26.101075
       6       25.964022
       7       26.685494
       8       23.162788
       9       22.247144
      10       20.287455
      11       17.844798
      12       19.984967
      13   268.24
 
       1       5.9384718
       2       5.7904799
       3       5.9782686
       4       5.3862355
       5       6.0316268
       6       6.1495345
       7       6.5846963
       8       6.0303657
       9       6.1612840
      10       5.6999509
      11       5.4008082
      12       5.5977987
      13     5.90
 
       1 0.0
       2 0.0
       3 0.0
       4 0.0
       5 0.0
       6 0.0
       7 0.0
       8 0.0
       9 0.0
      10 0.0
      11 0.0
      12 0.0
      13 0.0
 
       1     0.024574242
       2     0.023924881
       3     0.025065571
       4     0.022380592
       5     0.025079313
       6     0.024613222
       7     0.026892146
       8     0.024680471
       9     0.025784545
      10     0.023444125
      11     0.022478107
      12     0.023444930
      13   0.0244
 
       1       1.0000000
       2       1.0000000
       3       1.0000000
       4       1.0000000
       5       1.0000000
       6       1.0000000
       7       1.0000000
       8       1.0000000
       9       1.0000000
      10       1.0000000
      11       1.0000000
      12       1.0000000
      13   1.0000
 
       1       0.0000000
       2       0.0000000
       3       0.0000000
       4       0.0000000
       5       0.0000000
       6       0.0000000
       7       0.0000000
       8       0.0000000
       9       0.0000000
      10       0.0000000
      11       0.0000000
      12       0.0000000
      13   0.0000
 
       1      0.71338327
       2      0.72032404
       3      0.67927337
       4      0.64841286
       5      0.64046880
       6      0.62935386
       7      0.68013440
       8      0.69969347
       9      0.69593375
      10      0.71767956
      11      0.70961526
      12      0.73062211
      13   0.6887
 
