       1       164.85761
       2       164.97576
       3       172.11165
       4       196.58781
       5       192.75790
       6       184.59527
       7       226.92888
       8       192.27380
       9       139.62262
      10       122.18822
      11       163.94543
      12       138.22119
      13  2059.07
 
       1       113.26950
       2       107.69106
       3       113.14625
       4       124.84587
       5       117.55429
       6       108.46934
       7       125.68582
       8       110.92888
       9       89.242826
      10       80.378946
      11       109.30720
      12       94.576043
      13  1295.10
 
       1       15.578777
       2       14.139218
       3       16.125295
       4       16.569026
       5       14.615010
       6       13.472540
       7       13.506935
       8       12.996189
       9       12.015606
      10       10.499871
      11       13.227905
      12       12.525049
      13   165.27
 
       1       20.561541
       2       17.868590
       3       25.153176
       4       26.235453
       5       27.507027
       6       38.498497
       7       47.454429
       8       34.307288
       9       20.928026
      10       14.719390
      11       18.863342
      12       19.624553
      13   311.72
 
       1       17.674332
       2       14.205314
       3       20.088261
       4       23.204947
       5       28.548316
       6       31.491022
       7       39.485411
       8       37.698351
       9       25.852262
      10       19.271262
      11       20.375659
      12       14.718704
      13   292.61
 
       1       14.096955
       2       17.912575
       3       21.088091
       4       29.118885
       5       28.615466
       6       26.657204
       7       27.210007
       8       23.949646
       9       18.900633
      10       14.610606
      11       15.492877
      12       12.029463
      13    20.81
 
       1 0.0
       2 0.0
       3 0.0
       4 0.0
       5 0.0
       6 0.0
       7 0.0
       8 0.0
       9 0.0
      10 0.0
      11 0.0
      12 0.0
      13 0.0
 
       1     0.013583407
       2     0.017075270
       3     0.020083194
       4     0.027741384
       5     0.026639750
       6     0.024201863
       7     0.024346054
       8     0.021465838
       9     0.017250296
      10     0.013330478
      11     0.014536498
      12     0.011444799
      13   0.0193
 
       1      0.94029909
       2      0.93919895
       3      0.93895166
       4      0.93866854
       5      0.93745945
       6      0.93719603
       7      0.93877294
       8      0.93930302
       9      0.93797842
      10      0.93841463
      11      0.93954822
      12      0.93965322
      13   0.9388
 
       1   0.00094302895
       2    0.0011954446
       3    0.0014072599
       4    0.0019413067
       5    0.0018974221
       6    0.0017524672
       7    0.0017750571
       8    0.0015655898
       9    0.0012455207
      10   0.00096668311
      11    0.0010299427
      12   0.00080334665
      13   0.0014
 
       1      0.25866577
       2      0.28971360
       3      0.31973540
       4      0.34479277
       5      0.36533588
       6      0.36943015
       7      0.32192859
       8      0.31143666
       9      0.30304746
      10      0.30830782
      11      0.27608962
      12      0.28344436
      13   0.3127
 
