       1       481.93522
       2       446.01884
       3       496.60676
       4       463.92475
       5       510.89460
       6       496.97926
       7       533.63910
       8       505.70047
       9       468.95114
      10       484.52848
      11       439.01051
      12       464.44808
      13  5792.64
 
       1       290.47523
       2       269.88041
       3       304.64646
       4       287.27048
       5       311.45822
       6       303.15330
       7       322.94058
       8       309.07084
       9       291.42558
      10       299.24075
      11       270.63654
      12       285.33191
      13  3545.53
 
       1       36.834580
       2       34.975130
       3       38.283721
       4       35.499215
       5       38.605605
       6       37.905807
       7       40.281578
       8       39.142307
       9       35.891380
      10       36.732662
      11       33.107029
      12       34.874156
      13   442.13
 
       1       131.21757
       2       121.81284
       3       130.70586
       4       121.18992
       5       131.09987
       6       130.84143
       7       144.14833
       8       133.85030
       9       120.72839
      10       126.96668
      11       116.43311
      12       122.88871
      13  1531.88
 
       1       22.397746
       2       20.181561
       3       23.191811
       4       21.024852
       5       26.773716
       6       25.721856
       7       26.341967
       8       24.141660
       9       22.367617
      10       20.863405
      11       19.318480
      12       20.825668
      13   273.15
 
       1       5.9057968
       2       6.2755046
       3       6.1613422
       4       5.7159583
       5       5.8955881
       6       6.3558579
       7       6.5828334
       8       6.3792736
       9       6.0008996
      10       5.7997749
      11       5.4321558
      12       5.5010638
      13     6.00
 
       1 0.0
       2 0.0
       3 0.0
       4 0.0
       5 0.0
       6 0.0
       7 0.0
       8 0.0
       9 0.0
      10 0.0
      11 0.0
      12 0.0
      13 0.0
 
       1     0.024249182
       2     0.025644302
       3     0.025552600
       4     0.023678340
       5     0.024237618
       6     0.026125223
       7     0.026827094
       8     0.026169052
       9     0.024973817
      10     0.024032042
      11     0.022598166
      12     0.023083159
      13   0.0248
 
       1       1.0000000
       2       1.0000000
       3       1.0000000
       4       1.0000000
       5       1.0000000
       6       1.0000000
       7       1.0000000
       8       1.0000000
       9       1.0000000
      10       1.0000000
      11       1.0000000
      12       1.0000000
      13   1.0000
 
       1       0.0000000
       2       0.0000000
       3       0.0000000
       4       0.0000000
       5       0.0000000
       6       0.0000000
       7       0.0000000
       8       0.0000000
       9       0.0000000
      10       0.0000000
      11       0.0000000
      12       0.0000000
      13   0.0000
 
       1      0.71306244
       2      0.71369754
       3      0.67065469
       4      0.63633216
       5      0.62123872
       6      0.60769716
       7      0.66503556
       8      0.67822084
       9      0.68738869
      10      0.68908808
      11      0.72009596
      12      0.70088855
      13   0.6753
 
