       1       12.786059
       2       14.596317
       3       12.762884
       4       28.987248
       5       44.226150
       6       49.715317
       7       40.357621
       8       28.425484
       9       18.090574
      10       9.3539134
      11       7.9957285
      12       9.5829294
      13   276.88
 
       1       8.5924765
       2       9.1986862
       3       9.2991466
       4       16.442960
       5       23.822059
       6       26.157495
       7       22.050053
       8       16.714133
       9       10.351626
      10       6.1289967
      11       5.8484530
      12       7.0589707
      13   161.67
 
       1       1.1012758
       2       1.2271655
       3       1.7923483
       4       2.8292421
       5       3.1947484
       6       3.6022742
       7       3.0492475
       8       2.3578462
       9       1.3651748
      10      0.85123791
      11      0.84370581
      12      0.92181395
      13    23.14
 
       1       1.3506825
       2       1.6538216
       3       2.4906343
       4       4.3770001
       5       6.3771723
       6       14.342363
       7       11.442979
       8       7.0064505
       9       2.6390804
      10      0.67308721
      11       1.3209940
      12      0.88768163
      13    54.56
 
       1      0.20722128
       2      0.66306167
       3       1.6198298
       4       2.6173889
       5       4.7364226
       6       7.9446895
       7       6.2438178
       8       4.6638892
       9       2.1743219
      10      0.35449365
      11      0.20369186
      12      0.22265264
      13    31.65
 
       1      0.97466102
       2       1.6075379
       3       1.9449557
       4       3.4769008
       5       4.3747481
       6       4.9333296
       7       3.6607037
       8       2.6950901
       9       1.5942927
      10      0.95933293
      11       1.0057808
      12      0.84558957
      13     2.34
 
       1 0.0
       2 0.0
       3 0.0
       4 0.0
       5 0.0
       6 0.0
       7 0.0
       8 0.0
       9 0.0
      10 0.0
      11 0.0
      12 0.0
      13 0.0
 
       1     0.027073863
       2     0.044196448
       3     0.051979312
       4     0.094876753
       5      0.11623759
       6      0.12466826
       7     0.089258183
       8     0.065856543
       9     0.039413985
      10     0.025946874
      11     0.028807170
      12     0.025157098
      13   0.0611
 
       1      0.88879693
       2      0.88756972
       3      0.88587398
       4      0.88572512
       5      0.88696602
       6      0.88342654
       7      0.88296277
       8      0.88362418
       9      0.88395837
      10      0.88689780
      11      0.88779058
      12      0.89143582
      13   0.8863
 
       1    0.0031268436
       2    0.0051176955
       3    0.0061348465
       4     0.010992538
       5     0.013597582
       6     0.014960515
       7     0.010940070
       8    0.0080910843
       9    0.0048367402
      10    0.0030621447
      11    0.0033000635
      12    0.0028020136
      13   0.0072
 
       1      0.87015397
       2      0.91373718
       3      0.92881892
       4      0.97616913
       5      0.98658120
       6      0.98924570
       7      0.98144811
       8      0.96694851
       9      0.97635401
      10      0.96429968
      11      0.97431288
      12      0.94651289
      13   0.9562
 
