       1       5.3895608
       2       17.147755
       3       15.470159
       4       24.186634
       5       37.225342
       6       50.931253
       7       47.325380
       8       24.778694
       9       15.930592
      10       10.610032
      11       10.138712
      12       7.3711706
      13   266.51
 
       1       4.0630727
       2       11.342608
       3       10.589793
       4       14.985902
       5       19.607750
       6       26.420090
       7       25.754144
       8       14.057117
       9       9.3280228
      10       7.0331700
      11       7.3624465
      12       5.6301352
      13   156.17
 
       1      0.57607227
       2       1.5514342
       3       2.0540631
       4       2.9203283
       5       2.6864256
       6       3.4575655
       7       3.2891159
       8       2.0069341
       9       1.2350251
      10       1.0241404
      11       1.0991187
      12      0.76590919
      13    22.67
 
       1      0.37133193
       2       1.2288812
       3       2.8239657
       4       4.4752321
       5       4.6477971
       6       13.787416
       7       16.157108
       8       5.4525669
       9       2.3928374
      10      0.94433826
      11       1.3877663
      12      0.96637331
      13    54.64
 
       1      0.15477756
       2      0.72792712
       3       1.8671337
       4       4.1076451
       5       3.2993474
       6       6.9984689
       7       6.8402114
       8       3.7970535
       9       1.7151186
      10      0.47065508
      11      0.30824010
      12      0.21242860
      13    30.50
 
       1      0.53640926
       2       1.4613721
       3       2.6583876
       4       3.9796028
       5       3.6573006
       6       5.0724112
       7       4.1407598
       8       2.1323307
       9       1.5334890
      10       1.1722545
      11       1.0463656
      12      0.59057606
      13     2.33
 
       1 0.0
       2 0.0
       3 0.0
       4 0.0
       5 0.0
       6 0.0
       7 0.0
       8 0.0
       9 0.0
      10 0.0
      11 0.0
      12 0.0
      13 0.0
 
       1     0.015096145
       2     0.039566862
       3     0.075087977
       4      0.10739944
       5     0.095568024
       6      0.13014252
       7      0.10033342
       8     0.051037501
       9     0.037578383
      10     0.031641306
      11     0.028436500
      12     0.016727251
      13   0.0607
 
       1      0.88251999
       2      0.88096269
       3      0.88058987
       4      0.87876601
       5      0.87816866
       6      0.87816519
       7      0.87792819
       8      0.87550452
       9      0.87571098
      10      0.87893744
      11      0.88012933
      12      0.88276320
      13   0.8792
 
       1    0.0018495406
       2    0.0048747782
       3    0.0090792536
       4     0.013241638
       5     0.011881646
       6     0.016213299
       7     0.012849496
       8    0.0066300477
       9    0.0048685779
      10    0.0039438100
      11    0.0035243828
      12    0.0020302841
      13   0.0076
 
       1      0.88903065
       2      0.86897155
       3      0.96702624
       4      0.97782880
       5      0.98565093
       6      0.98923918
       7      0.98191714
       8      0.97716661
       9      0.98160104
      10      0.94806359
      11      0.93696837
      12      0.90994270
      13   0.9511
 
