       1       463.36345
       2       406.28234
       3       503.37638
       4       474.16960
       5       516.22316
       6       514.51937
       7       518.46842
       8       522.74100
       9       498.56240
      10       488.62703
      11       458.33045
      12       482.51336
      13  5847.18
 
       1       280.87022
       2       248.84584
       3       310.36301
       4       292.16157
       5       314.53947
       6       312.36827
       7       314.50741
       8       314.19753
       9       311.83126
      10       303.47132
      11       283.06367
      12       295.74391
      13  3581.96
 
       1       35.929130
       2       30.925726
       3       38.624266
       4       35.756111
       5       38.319227
       6       38.810618
       7       39.390378
       8       40.213478
       9       37.847932
      10       36.771158
      11       34.282109
      12       35.732868
      13   442.60
 
       1       125.46074
       2       108.30105
       3       133.09418
       4       122.93774
       5       136.30680
       6       139.61586
       7       137.68886
       8       139.97983
       9       127.43262
      10       126.37031
      11       121.53474
      12       127.87456
      13  1546.60
 
       1       21.675459
       2       16.995927
       3       22.104279
       4       22.072012
       5       27.223570
       6       24.929156
       7       25.683296
       8       28.175198
       9       22.137913
      10       21.641481
      11       20.154364
      12       21.784791
      13   274.58
 
       1       5.6670359
       2       5.5000331
       3       6.0667421
       4       5.7695257
       5       6.1076839
       6       6.5143823
       7       6.4579898
       8       6.4852682
       9       6.2278984
      10       5.7679582
      11       5.6754764
      12       5.6823389
      13     5.99
 
       1 0.0
       2 0.0
       3 0.0
       4 0.0
       5 0.0
       6 0.0
       7 0.0
       8 0.0
       9 0.0
      10 0.0
      11 0.0
      12 0.0
      13 0.0
 
       1     0.023394736
       2     0.022979611
       3     0.025393035
       4     0.024146870
       5     0.025026165
       6     0.026561917
       7     0.026292340
       8     0.026325442
       9     0.026161035
      10     0.024298992
      11     0.023546306
      12     0.023701070
      13   0.0248
 
       1       1.0000000
       2       1.0000000
       3       1.0000000
       4       1.0000000
       5       1.0000000
       6       1.0000000
       7       1.0000000
       8       1.0000000
       9       1.0000000
      10       1.0000000
      11       1.0000000
      12       1.0000000
      13   1.0000
 
       1       0.0000000
       2       0.0000000
       3       0.0000000
       4       0.0000000
       5       0.0000000
       6       0.0000000
       7       0.0000000
       8       0.0000000
       9       0.0000000
      10       0.0000000
      11       0.0000000
      12       0.0000000
      13   0.0000
 
       1      0.70988289
       2      0.68043987
       3      0.66764609
       4      0.63249537
       5      0.59224072
       6      0.59403868
       7      0.65529749
       8      0.67539429
       9      0.68269701
      10      0.70094500
      11      0.70719047
      12      0.69547549
      13   0.6661
 
