       1       92.507501
       2       89.853022
       3       114.27686
       4       146.76756
       5       138.42015
       6       122.64396
       7       129.74878
       8       114.82411
       9       102.91763
      10       90.970972
      11       113.62539
      12       123.54746
      13  1380.10
 
       1       65.794560
       2       58.214950
       3       73.296683
       4       91.152297
       5       87.347462
       6       74.250624
       7       73.694214
       8       67.300470
       9       64.300389
      10       60.064475
      11       78.421891
      12       87.018909
      13   880.86
 
       1       8.2304671
       2       6.0393318
       3       8.3264640
       4       8.4595003
       5       8.5234139
       6       6.6776913
       7       6.2649228
       8       6.5444694
       9       6.6806873
      10       6.9953658
      11       8.9001162
      12       11.091658
      13    92.73
 
       1       7.3324348
       2       5.8013666
       3       10.928742
       4       10.519077
       5       11.661617
       6       11.843838
       7       16.454360
       8       13.001509
       9       10.133239
      10       7.5391622
      11       9.3884613
      12       12.661359
      13   127.27
 
       1       7.0755431
       2       6.9600610
       3       12.098665
       4       12.075002
       5       15.323711
       6       15.284155
       7       21.619627
       8       21.681069
       9       21.777974
      10       17.013243
      11       15.853017
      12       14.248585
      13   181.01
 
       1       7.2263470
       2       8.0959397
       3       12.180628
       4       17.154337
       5       20.985914
       6       19.392072
       7       17.175566
       8       15.366330
       9       13.680211
      10       10.345969
      11       10.332545
      12       9.2152843
      13    13.43
 
       1 0.0
       2 0.0
       3 0.0
       4 0.0
       5 0.0
       6 0.0
       7 0.0
       8 0.0
       9 0.0
      10 0.0
      11 0.0
      12 0.0
      13 0.0
 
       1     0.095927883
       2      0.10399464
       3      0.15895356
       4      0.22388277
       5      0.28007602
       6      0.25170958
       7      0.21730834
       8      0.19293593
       9      0.17249043
      10      0.13093302
      11      0.13701470
      12      0.12375836
      13   0.1741
 
       1      0.85204425
       2      0.85269164
       3      0.85041621
       4      0.85186403
       5      0.85245142
       6      0.85169097
       7      0.85050051
       8      0.85105783
       9      0.85080144
      10      0.85233871
      11      0.85447225
      12      0.85142121
      13   0.8518
 
       1     0.014789090
       2     0.016266764
       3     0.024585777
       4     0.034490811
       5     0.042784378
       6     0.039048373
       7     0.034094326
       8     0.030422608
       9     0.027172385
      10     0.020669062
      11     0.021092868
      12     0.018869265
      13   0.0270
 
       1      0.67107166
       2      0.63842831
       3      0.82501281
       4      0.79864379
       5      0.86597226
       6      0.85317533
       7      0.86386249
       8      0.83277664
       9      0.80176191
      10      0.70630601
      11      0.69602249
      12      0.71648880
      13   0.7725
 
