       1       190.97372
       2       156.04456
       3       201.83529
       4       188.06969
       5       284.39537
       6       231.51261
       7       246.89220
       8       189.20713
       9       168.54096
      10       132.32880
      11       165.95526
      12       163.87432
      13  2319.63
 
       1       128.35657
       2       108.05800
       3       131.07165
       4       118.74710
       5       169.03649
       6       135.16383
       7       138.13471
       8       111.46362
       9       104.73358
      10       88.712358
      11       113.20527
      12       114.24694
      13  1460.93
 
       1       16.188928
       2       16.428967
       3       17.120044
       4       15.152732
       5       19.036470
       6       15.862954
       7       15.065299
       8       12.872256
       9       11.868958
      10       11.408718
      11       13.889249
      12       15.409988
      13   180.30
 
       1       20.599379
       2       19.528275
       3       26.823757
       4       26.047524
       5       40.341764
       6       46.268325
       7       49.313363
       8       32.751093
       9       22.062148
      10       16.465459
      11       16.031552
      12       20.522930
      13   336.76
 
       1       15.907632
       2       16.027257
       3       22.431092
       4       22.940885
       5       43.176763
       6       46.843784
       7       48.442492
       8       40.044551
       9       32.075039
      10       20.875971
      11       20.721964
      12       17.939579
      13   347.43
 
       1       14.821643
       2       17.771594
       3       25.113799
       4       30.743082
       5       41.467320
       6       36.936551
       7       32.671553
       8       25.047274
       9       23.184640
      10       17.078740
      11       16.473708
      12       13.481088
      13    24.57
 
       1 0.0
       2 0.0
       3 0.0
       4 0.0
       5 0.0
       6 0.0
       7 0.0
       8 0.0
       9 0.0
      10 0.0
      11 0.0
      12 0.0
      13 0.0
 
       1     0.018262735
       2     0.022371739
       3     0.031104841
       4     0.037808995
       5     0.050844888
       6     0.044960173
       7     0.038460306
       8     0.029408438
       9     0.027571656
      10     0.020823355
      11     0.020642742
      12     0.016827978
      13   0.0299
 
       1      0.88964251
       2      0.88941907
       3      0.88892948
       4      0.89001235
       5      0.88845492
       6      0.88964735
       7      0.89048854
       8      0.89163976
       9      0.88916578
      10      0.88932707
      11      0.89148921
      12      0.89128536
      13   0.8900
 
       1    0.0022225892
       2    0.0026957039
       3    0.0037769822
       4    0.0046179261
       5    0.0061849817
       6    0.0054902841
       7    0.0047621507
       8    0.0036596910
       9    0.0034138720
      10    0.0025585093
      11    0.0024961477
      12    0.0020368015
      13   0.0037
 
       1      0.29846979
       2      0.32519548
       3      0.34882250
       4      0.36839149
       5      0.41812308
       6      0.41103939
       7      0.37605330
       8      0.33471956
       9      0.32697554
      10      0.33472577
      11      0.31426081
      12      0.29301747
      13   0.3458
 
