       1       457.17517
       2       456.97051
       3       492.78212
       4       450.28018
       5       513.04477
       6       513.83370
       7       558.75899
       8       550.79681
       9       478.72090
      10       445.62470
      11       468.09281
      12       490.39540
      13  5876.48
 
       1       276.79077
       2       278.68465
       3       303.93831
       4       282.21301
       5       317.38964
       6       309.35374
       7       339.87075
       8       338.62287
       9       299.65296
      10       276.27043
      11       288.90655
      12       295.72655
      13  3607.42
 
       1       34.994904
       2       34.510424
       3       37.573496
       4       33.883217
       5       37.911874
       6       38.510916
       7       41.903359
       8       41.695625
       9       36.630704
      10       33.642328
      11       34.637290
      12       37.065831
      13   442.96
 
       1       125.11282
       2       122.06035
       3       130.63123
       4       114.06069
       5       131.96560
       6       139.78797
       7       149.59541
       8       144.45557
       9       124.38773
      10       115.05567
      11       123.72258
      12       134.34057
      13  1555.18
 
       1       21.351375
       2       20.004019
       3       22.079119
       4       20.700332
       5       23.945734
       6       26.527971
       7       27.030237
       8       25.728501
       9       19.946369
      10       19.763946
      11       20.949424
      12       23.223564
      13   271.25
 
       1       5.6170321
       2       5.8217206
       3       6.0353301
       4       5.4824690
       5       5.9743336
       6       6.4649039
       7       6.7685086
       8       6.6676550
       9       6.1204290
      10       5.3700672
      11       5.6724041
      12       5.9757427
      13     6.00
 
       1 0.0
       2 0.0
       3 0.0
       4 0.0
       5 0.0
       6 0.0
       7 0.0
       8 0.0
       9 0.0
      10 0.0
      11 0.0
      12 0.0
      13 0.0
 
       1     0.023063398
       2     0.024152595
       3     0.025143069
       4     0.023088820
       5     0.024742072
       6     0.026031035
       7     0.027613456
       8     0.027770754
       9     0.025530744
      10     0.022469819
      11     0.023627117
      12     0.024349140
      13   0.0248
 
       1       1.0000000
       2       1.0000000
       3       1.0000000
       4       1.0000000
       5       1.0000000
       6       1.0000000
       7       1.0000000
       8       1.0000000
       9       1.0000000
      10       1.0000000
      11       1.0000000
      12       1.0000000
      13   1.0000
 
       1       0.0000000
       2       0.0000000
       3       0.0000000
       4       0.0000000
       5       0.0000000
       6       0.0000000
       7       0.0000000
       8       0.0000000
       9       0.0000000
      10       0.0000000
      11       0.0000000
      12       0.0000000
      13   0.0000
 
       1      0.74312539
       2      0.70313181
       3      0.67616284
       4      0.63463558
       5      0.60423809
       6      0.58171349
       7      0.63058990
       8      0.67407114
       9      0.68094131
      10      0.70204769
      11      0.70457173
      12      0.72826959
      13   0.6720
 
