       1       154.22517
       2       97.774545
       3       149.34756
       4       134.31181
       5       135.88147
       6       124.56751
       7       110.48084
       8       113.71789
       9       115.58646
      10       91.381704
      11       124.77525
      12       157.35825
      13  1509.41
 
       1       105.78093
       2       66.113460
       3       95.442183
       4       82.259098
       5       83.800781
       6       76.740909
       7       63.330202
       8       66.067713
       9       73.148473
      10       62.034341
      11       85.374476
      12       107.52937
      13   967.62
 
       1       14.010225
       2       8.1757312
       3       10.903409
       4       7.9995836
       5       8.8264526
       6       8.1772433
       7       5.9608565
       8       6.1159617
       9       7.9031310
      10       7.7678496
      11       9.6106342
      12       13.339119
      13   108.79
 
       1       15.878864
       2       8.3482743
       3       14.034807
       4       8.7328904
       5       12.028130
       6       16.667342
       7       13.756505
       8       13.931176
       9       10.382442
      10       9.0730787
      11       11.404845
      12       18.258239
      13   152.50
 
       1       13.480704
       2       8.8728384
       3       14.747586
       4       11.706062
       5       14.719690
       6       17.237925
       7       16.224412
       8       19.614352
       9       20.880209
      10       20.197858
      11       15.975199
      12       16.275809
      13   189.93
 
       1       10.942654
       2       9.3689141
       3       14.759962
       4       15.047179
       5       18.961728
       6       18.992367
       7       13.875721
       8       14.012100
       9       14.956039
      10       10.978286
      11       12.020688
      12       10.827714
      13    13.73
 
       1 0.0
       2 0.0
       3 0.0
       4 0.0
       5 0.0
       6 0.0
       7 0.0
       8 0.0
       9 0.0
      10 0.0
      11 0.0
      12 0.0
      13 0.0
 
       1      0.14312007
       2      0.12085818
       3      0.18990408
       4      0.18781556
       5      0.23894957
       6      0.23763734
       7      0.16779592
       8      0.16910042
       9      0.18552659
      10      0.13767842
      11      0.15666624
      12      0.14238088
      13   0.1731
 
       1      0.92540533
       2      0.92527720
       3      0.92569852
       4      0.92565850
       5      0.92522071
       6      0.92509474
       7      0.92484802
       8      0.92554204
       9      0.92537599
      10      0.92601042
      11      0.92778651
      12      0.92615866
      13   0.9257
 
       1     0.010987347
       2    0.0093754347
       3     0.014695737
       4     0.014804726
       5     0.018767957
       6     0.018694498
       7     0.013460414
       8     0.013582014
       9     0.014679542
      10     0.010868396
      11     0.012067834
      12     0.010876629
      13   0.0136
 
       1      0.71344978
       2      0.72202397
       3      0.76532938
       4      0.75866367
       5      0.82685431
       6      0.87092057
       7      0.81358965
       8      0.78453522
       9      0.79291465
      10      0.75438776
      11      0.73932739
      12      0.70773451
      13   0.7708
 
