       1       8.2236246
       2       12.184371
       3       18.224088
       4       28.913176
       5       36.153998
       6       44.703877
       7       47.292656
       8       24.427579
       9       18.557289
      10       11.479202
      11       7.3202832
      12       9.5490415
      13   267.03
 
       1       5.7543901
       2       7.8826677
       3       12.582775
       4       16.930762
       5       19.413788
       6       23.326055
       7       24.131525
       8       14.139122
       9       10.986866
      10       7.5571515
      11       5.4143406
      12       6.7216989
      13   154.84
 
       1      0.71642468
       2       1.0520238
       3       2.4318340
       4       2.9568571
       5       2.9459941
       6       2.8560495
       7       3.1795448
       8       2.0187271
       9       1.4452604
      10       1.0763435
      11      0.77703027
      12      0.83955306
      13    22.30
 
       1      0.95680576
       2       1.0991411
       3       3.7183779
       4       5.7094500
       5       6.3417652
       6       12.770789
       7       17.807702
       8       6.0650818
       9       3.2636235
      10      0.95676557
      11      0.78796202
      12       1.0029592
      13    60.48
 
       1      0.15355876
       2      0.38584280
       3       1.6520624
       4       3.1965720
       5       4.6543150
       6       5.5195760
       7       6.7570524
       8       3.8425377
       9       2.0037785
      10      0.50299812
      11      0.15576283
      12      0.16769132
      13    28.99
 
       1      0.58912106
       2       1.1267443
       3       3.1326096
       4       3.8281504
       5       3.9613117
       6       3.9457352
       7       3.7155339
       8       2.1973642
       9       1.7503204
      10       1.1532956
      11      0.77713527
      12      0.72784628
      13     2.24
 
       1 0.0
       2 0.0
       3 0.0
       4 0.0
       5 0.0
       6 0.0
       7 0.0
       8 0.0
       9 0.0
      10 0.0
      11 0.0
      12 0.0
      13 0.0
 
       1     0.016125695
       2     0.029953608
       3     0.085316334
       4      0.10148213
       5      0.10428268
       6     0.097349916
       7     0.089095187
       8     0.053001941
       9     0.043728630
      10     0.030992718
      11     0.021858816
      12     0.020443304
      13   0.0578
 
       1      0.88059768
       2      0.87981806
       3      0.87855041
       4      0.87862287
       5      0.87870951
       6      0.87670624
       7      0.87709281
       8      0.87693103
       9      0.87804940
      10      0.87982922
      11      0.88249347
      12      0.88304623
      13   0.8792
 
       1    0.0019919267
       2    0.0037405812
       3     0.010496498
       4     0.012572117
       5     0.012924603
       6     0.012350651
       7     0.011470976
       8    0.0068518436
       9    0.0055940304
      10    0.0038532668
      11    0.0026705609
      12    0.0024879323
      13   0.0073
 
       1      0.89690180
       2      0.86074001
       3      0.95486108
       4      0.97672178
       5      0.98559636
       6      0.98748914
       7      0.97840116
       8      0.97822134
       9      0.97541328
      10      0.95842464
      11      0.91945027
      12      0.89734895
      13   0.9475
 
