       1       11.305439
       2       14.053722
       3       17.126344
       4       25.881372
       5       46.052664
       6       49.617459
       7       34.217101
       8       29.831410
       9       17.749542
      10       11.669398
      11       6.7071914
      12       10.309013
      13   274.52
 
       1       7.5997045
       2       8.3681785
       3       11.613510
       4       15.350935
       5       26.181100
       6       25.351495
       7       19.654184
       8       16.854698
       9       10.528377
      10       7.4951501
      11       5.0839754
      12       6.8953513
      13   160.98
 
       1      0.99869298
       2       1.0214695
       3       2.0892984
       4       2.5807732
       5       3.6766683
       6       3.0872800
       7       2.9495181
       8       2.4250679
       9       1.4340053
      10       1.0685874
      11      0.71413357
      12      0.84074179
      13    22.89
 
       1      0.81572652
       2      0.61270074
       3       2.5776943
       4       3.4181514
       5       8.3870335
       6       14.257067
       7       11.821622
       8       7.4089860
       9       3.0017190
      10       1.1478629
      11      0.84381901
      12      0.94091218
      13    55.23
 
       1      0.25240421
       2      0.29962311
       3       1.1837652
       4       2.6361452
       5       5.1121716
       6       7.2851722
       7       6.0968010
       8       5.3886235
       9       2.5982168
      10      0.39363188
      11      0.10617040
      12      0.56629746
      13    31.92
 
       1      0.67244666
       2       1.1273422
       3       2.5401411
       4       3.5859294
       5       5.2844386
       6       4.0941192
       7       3.5113856
       8       2.6275023
       9       1.6144630
      10       1.0629359
      11      0.85698800
      12      0.67524647
      13     2.30
 
       1 0.0
       2 0.0
       3 0.0
       4 0.0
       5 0.0
       6 0.0
       7 0.0
       8 0.0
       9 0.0
      10 0.0
      11 0.0
      12 0.0
      13 0.0
 
       1     0.018128539
       2     0.030227912
       3     0.068540566
       4     0.097536593
       5      0.13718941
       6     0.098679958
       7     0.084648024
       8     0.062520665
       9     0.039268407
      10     0.028426817
      11     0.024469659
      12     0.018263400
      13   0.0590
 
       1      0.85343166
       2      0.85069229
       3      0.84810586
       4      0.84980084
       5      0.84764765
       6      0.84591658
       7      0.84666508
       8      0.84532745
       9      0.84424291
      10      0.85095534
      11      0.85276631
      12      0.85217105
      13   0.8490
 
       1    0.0027959921
       2    0.0046507807
       3     0.010537763
       4     0.014827390
       5     0.021248151
       6     0.015757304
       7     0.013547462
       8     0.010128135
       9    0.0063291645
      10    0.0043925217
      11    0.0036903101
      12    0.0028230025
      13   0.0092
 
       1      0.86193282
       2      0.89894470
       3      0.96034436
       4      0.97571315
       5      0.98825812
       6      0.98379375
       7      0.98363796
       8      0.97563213
       9      0.97534297
      10      0.96033047
      11      0.96762015
      12      0.89993296
      13   0.9526
 
