       1       497.96361
       2       410.56816
       3       450.81373
       4       500.07209
       5       499.99350
       6       467.53181
       7       536.87392
       8       559.41390
       9       477.67780
      10       492.06976
      11       474.99024
      12       491.98952
      13  5859.96
 
       1       302.28537
       2       251.22317
       3       273.66256
       4       307.15048
       5       303.27834
       6       283.47301
       7       322.52639
       8       344.12370
       9       298.06855
      10       303.03046
      11       292.39694
      12       301.97790
      13  3583.20
 
       1       38.210178
       2       31.972617
       3       35.442596
       4       37.389639
       5       37.136288
       6       35.801776
       7       40.417125
       8       42.132017
       9       37.104976
      10       37.036230
      11       35.566775
      12       37.149722
      13   445.36
 
       1       133.87927
       2       108.97594
       3       118.55885
       4       132.71282
       5       133.96133
       6       124.03954
       7       146.69427
       8       145.32079
       9       124.11217
      10       128.52710
      11       125.78623
      12       131.47301
      13  1554.04
 
       1       23.206731
       2       18.721554
       3       21.416192
       4       24.618058
       5       25.636143
       6       24.002608
       7       26.527122
       8       25.411381
       9       21.674949
      10       23.086690
      11       21.214479
      12       21.366980
      13   276.88
 
       1       6.1905929
       2       5.6447139
       3       5.5718606
       4       6.0295343
       5       5.8247793
       6       5.9576466
       7       6.4998195
       8       6.7512049
       9       6.1530326
      10       5.8425787
      11       5.7493425
      12       5.8965383
      13     6.01
 
       1 0.0
       2 0.0
       3 0.0
       4 0.0
       5 0.0
       6 0.0
       7 0.0
       8 0.0
       9 0.0
      10 0.0
      11 0.0
      12 0.0
      13 0.0
 
       1     0.025569731
       2     0.023434836
       3     0.022890966
       4     0.024966645
       5     0.023793032
       6     0.024055233
       7     0.026274054
       8     0.028218568
       9     0.025816784
      10     0.024317822
      11     0.024042293
      12     0.024670733
      13   0.0248
 
       1       1.0000000
       2       1.0000000
       3       1.0000000
       4       1.0000000
       5       1.0000000
       6       1.0000000
       7       1.0000000
       8       1.0000000
       9       1.0000000
      10       1.0000000
      11       1.0000000
      12       1.0000000
      13   1.0000
 
       1       0.0000000
       2       0.0000000
       3       0.0000000
       4       0.0000000
       5       0.0000000
       6       0.0000000
       7       0.0000000
       8       0.0000000
       9       0.0000000
      10       0.0000000
      11       0.0000000
      12       0.0000000
      13   0.0000
 
       1      0.72306807
       2      0.69880162
       3      0.68248156
       4      0.64667815
       5      0.62107343
       6      0.62860912
       7      0.68182001
       8      0.69166725
       9      0.69631346
      10      0.71339989
      11      0.73536918
      12      0.73529235
      13   0.6879
 
