       1       75.817703
       2       58.957609
       3       44.121164
       4       45.534682
       5       22.255874
       6       18.068774
       7       14.098983
       8       10.930507
       9       10.845194
      10       22.164276
      11       51.832120
      12       61.791309
      13   436.42
 
       1       39.152299
       2       33.057665
       3       26.950821
       4       26.843717
       5       15.006404
       6       12.367313
       7       9.5104574
       8       7.5123976
       9       7.1974574
      10       12.299414
      11       27.195839
      12       31.705679
      13   248.80
 
       1       6.9681043
       2       5.1048553
       3       3.4217157
       4       3.4509829
       5       1.4106972
       6       1.0790919
       7      0.80005403
       8      0.57379371
       9      0.68594453
      10       1.7047549
      11       4.3409480
      12       5.5094559
      13    35.05
 
       1       23.717961
       2       20.205964
       3       13.532712
       4       12.073966
       5       6.2468471
       6       5.2297773
       7       4.4517392
       8       3.1446388
       9       2.6529209
      10       6.7748619
      11       16.008506
      12       19.909186
      13   133.95
 
       1       3.6860081
       2       2.8118842
       3       2.2564665
       4       1.7956754
       5       1.3758199
       6       1.2890983
       7       1.3390847
       8      0.89705254
       9      0.61783068
      10       1.2849799
      11       2.6946487
      12       3.6798502
      13    23.73
 
       1       1.0402348
       2      0.97558892
       3      0.60186833
       4      0.53155856
       5      0.26054523
       6      0.21954526
       7      0.15896766
       8      0.10982252
       9      0.11620906
      10      0.26557771
      11      0.65484370
      12      0.84314643
      13     0.48
 
       1 0.0
       2 0.0
       3 0.0
       4 0.0
       5 0.0
       6 0.0
       7 0.0
       8 0.0
       9 0.0
      10 0.0
      11 0.0
      12 0.0
      13 0.0
 
       1     0.027187463
       2     0.026623723
       3     0.016737785
       4     0.014720652
       5    0.0074263191
       6    0.0063292266
       7    0.0044314827
       8    0.0032723929
       9    0.0034966587
      10    0.0070435455
      11     0.016928497
      12     0.021745325
      13   0.0130
 
       1       1.0000000
       2       1.0000000
       3       1.0000000
       4       1.0000000
       5       1.0000000
       6       1.0000000
       7       1.0000000
       8       1.0000000
       9       1.0000000
      10       1.0000000
      11       1.0000000
      12       1.0000000
      13   1.0000
 
       1       0.0000000
       2       0.0000000
       3       0.0000000
       4       0.0000000
       5       0.0000000
       6       0.0000000
       7       0.0000000
       8       0.0000000
       9       0.0000000
      10       0.0000000
      11       0.0000000
      12       0.0000000
      13   0.0000
 
       1      0.70761683
       2      0.69196260
       3      0.59383569
       4      0.48519608
       5      0.43036669
       6      0.35474298
       7      0.45267705
       8      0.51022034
       9      0.52283375
      10      0.54216637
      11      0.65554502
      12      0.69443048
      13   0.5535
 
