       1       164.88806
       2       152.78964
       3       154.78674
       4       180.28450
       5       191.06199
       6       212.53377
       7       252.92223
       8       171.98703
       9       146.07277
      10       118.51014
      11       131.37765
      12       115.91833
      13  1993.13
 
       1       112.09034
       2       105.54965
       3       101.06251
       4       111.74729
       5       119.61660
       6       121.73751
       7       138.60585
       8       102.31023
       9       90.539191
      10       79.269003
      11       88.734776
      12       76.771203
      13  1248.03
 
       1       14.522488
       2       14.569126
       3       13.798461
       4       13.549815
       5       15.355529
       6       13.649660
       7       14.732562
       8       11.833995
       9       10.995988
      10       10.454767
      11       10.959501
      12       9.0422757
      13   153.46
 
       1       17.717485
       2       16.432095
       3       22.105704
       4       22.023937
       5       30.360722
       6       39.071105
       7       53.216853
       8       31.239219
       9       18.232145
      10       14.208407
      11       16.819886
      12       14.392679
      13   295.82
 
       1       15.434397
       2       13.588650
       3       17.511656
       4       17.810225
       5       31.513246
       6       36.680446
       7       48.486718
       8       37.130114
       9       28.348731
      10       19.144939
      11       16.752656
      12       10.798838
      13   293.20
 
       1       13.059516
       2       18.112293
       3       19.545204
       4       24.854966
       5       32.490577
       6       30.702179
       7       32.160091
       8       22.838325
       9       18.795206
      10       15.441989
      11       13.751089
      12       10.084933
      13    20.99
 
       1 0.0
       2 0.0
       3 0.0
       4 0.0
       5 0.0
       6 0.0
       7 0.0
       8 0.0
       9 0.0
      10 0.0
      11 0.0
      12 0.0
      13 0.0
 
       1     0.012801650
       2     0.018062160
       3     0.019069612
       4     0.023738980
       5     0.031457723
       6     0.029078712
       7     0.029998075
       8     0.021160257
       9     0.017410029
      10     0.014689864
      11     0.013219627
      12    0.0096653777
      13   0.0200
 
       1      0.84440920
       2      0.84343851
       3      0.84195922
       4      0.84194343
       5      0.84100170
       6      0.84183317
       7      0.84423072
       8      0.84579381
       9      0.84221176
      10      0.84511841
      11      0.84422559
      12      0.84632716
      13   0.8435
 
       1    0.0022265734
       2    0.0031131322
       3    0.0033298897
       4    0.0041942396
       5    0.0055018467
       6    0.0051367421
       7    0.0053149915
       8    0.0037828855
       9    0.0031211118
      10    0.0026091184
      11    0.0023282140
      12    0.0017073982
      13   0.0035
 
       1      0.26867264
       2      0.27430038
       3      0.31754594
       4      0.33092280
       5      0.38026254
       6      0.38149486
       7      0.35292918
       8      0.32169179
       9      0.31451514
      10      0.29339297
      11      0.29209185
      12      0.27528584
      13   0.3169
 
