       1       184.94454
       2       175.89181
       3       199.58526
       4       169.66011
       5       239.01007
       6       248.12787
       7       257.45006
       8       182.37901
       9       160.62165
      10       103.83459
      11       129.35714
      12       165.24156
      13  2216.10
 
       1       124.31483
       2       118.67908
       3       129.88004
       4       108.96760
       5       144.78686
       6       144.05411
       7       144.38672
       8       107.32765
       9       101.80236
      10       69.049040
      11       86.952570
      12       112.03299
      13  1392.23
 
       1       16.546690
       2       16.077388
       3       17.522683
       4       14.347419
       5       17.434720
       6       15.864753
       7       15.785180
       8       12.767256
       9       12.329339
      10       9.4528049
      11       10.356041
      12       13.464130
      13   171.95
 
       1       21.265884
       2       21.569508
       3       27.114245
       4       20.107772
       5       34.693950
       6       40.699717
       7       55.999285
       8       33.468217
       9       22.028810
      10       13.552099
      11       16.197522
      12       20.667652
      13   327.36
 
       1       18.259523
       2       18.987180
       3       22.983323
       4       18.917418
       5       34.964521
       6       45.102855
       7       50.857704
       8       38.409859
       9       28.173923
      10       18.201275
      11       14.279770
      12       18.376156
      13   327.51
 
       1       15.374232
       2       19.801812
       3       23.119810
       4       25.818389
       5       34.996031
       6       37.009372
       7       37.025255
       8       24.475948
       9       21.854360
      10       13.213657
      11       13.404759
      12       13.557674
      13    23.30
 
       1 0.0
       2 0.0
       3 0.0
       4 0.0
       5 0.0
       6 0.0
       7 0.0
       8 0.0
       9 0.0
      10 0.0
      11 0.0
      12 0.0
      13 0.0
 
       1     0.015114853
       2     0.019589355
       3     0.022892528
       4     0.024944902
       5     0.033633455
       6     0.035512420
       7     0.035404200
       8     0.022826977
       9     0.020537647
      10     0.012519220
      11     0.012865141
      12     0.013393082
      13   0.0224
 
       1      0.84381571
       2      0.84350901
       3      0.84309563
       4      0.84319643
       5      0.84046784
       6      0.84258016
       7      0.84436147
       8      0.84710754
       9      0.84328753
      10      0.84412549
      11      0.84610915
      12      0.84571728
      13   0.8439
 
       1    0.0026211294
       2    0.0033826027
       3    0.0039487893
       4    0.0043825488
       5    0.0059000164
       6    0.0062198533
       7    0.0061918969
       8    0.0040655001
       9    0.0036470857
      10    0.0022263920
      11    0.0022691312
      12    0.0023155169
      13   0.0039
 
       1      0.28412305
       2      0.29573942
       3      0.32165440
       4      0.34200550
       5      0.37246801
       6      0.39152545
       7      0.36546450
       8      0.33370060
       9      0.32048876
      10      0.31055959
      11      0.29095371
      12      0.28959008
      13   0.3265
 
