       1       460.03196
       2       409.36058
       3       517.08007
       4       442.60921
       5       480.78304
       6       485.07435
       7       529.03703
       8       522.48374
       9       497.82389
      10       496.55772
      11       463.77364
      12       475.96389
      13  5780.58
 
       1       276.73918
       2       247.41625
       3       314.95669
       4       273.88014
       5       292.85947
       6       292.98693
       7       321.04711
       8       318.07481
       9       308.25685
      10       306.63088
      11       284.71276
      12       288.24738
      13  3525.81
 
       1       35.224436
       2       31.688001
       3       39.271545
       4       33.436679
       5       35.976071
       6       36.711348
       7       39.434749
       8       40.205000
       9       37.711675
      10       37.465363
      11       35.150660
      12       35.924754
      13   438.20
 
       1       125.07595
       2       113.01994
       3       139.85325
       4       113.69333
       5       125.55509
       6       129.37306
       7       139.69458
       8       137.65818
       9       130.61913
      10       129.40797
      11       122.76862
      12       129.45512
      13  1536.17
 
       1       20.720882
       2       18.798892
       3       23.343763
       4       21.157620
       5       25.991368
       6       26.328182
       7       26.309098
       8       26.890821
       9       23.282619
      10       23.151925
      11       21.193510
      12       22.810530
      13   279.98
 
       1       5.5856341
       2       5.7027412
       3       6.2725549
       4       5.3798605
       5       5.6404719
       6       6.0073400
       7       6.4353305
       8       6.5132596
       9       6.3100991
      10       5.9723946
      11       5.6743476
      12       5.7667623
      13     5.94
 
       1 0.0
       2 0.0
       3 0.0
       4 0.0
       5 0.0
       6 0.0
       7 0.0
       8 0.0
       9 0.0
      10 0.0
      11 0.0
      12 0.0
      13 0.0
 
       1     0.023166832
       2     0.023476313
       3     0.025845273
       4     0.022307345
       5     0.022969588
       6     0.024345318
       7     0.026347899
       8     0.026731300
       9     0.026409036
      10     0.024851103
      11     0.023504353
      12     0.023573274
      13   0.0245
 
       1       1.0000000
       2       1.0000000
       3       1.0000000
       4       1.0000000
       5       1.0000000
       6       1.0000000
       7       1.0000000
       8       1.0000000
       9       1.0000000
      10       1.0000000
      11       1.0000000
      12       1.0000000
      13   1.0000
 
       1       0.0000000
       2       0.0000000
       3       0.0000000
       4       0.0000000
       5       0.0000000
       6       0.0000000
       7       0.0000000
       8       0.0000000
       9       0.0000000
      10       0.0000000
      11       0.0000000
      12       0.0000000
      13   0.0000
 
       1      0.72502424
       2      0.70105141
       3      0.68170591
       4      0.63354128
       5      0.63588909
       6      0.62957491
       7      0.67437050
       8      0.69101129
       9      0.69614534
      10      0.70803878
      11      0.71584336
      12      0.72199038
      13   0.6845
 
