       1       457.23713
       2       419.77293
       3       481.46239
       4       486.33628
       5       515.60761
       6       489.40869
       7       520.08924
       8       503.53620
       9       486.48168
      10       465.63775
      11       449.58638
      12       463.73907
      13  5738.90
 
       1       279.35800
       2       257.29425
       3       293.83729
       4       302.04323
       5       319.64786
       6       297.68276
       7       311.93830
       8       311.21410
       9       300.80433
      10       287.92586
      11       277.31808
      12       280.83995
      13  3519.90
 
       1       34.950101
       2       32.408445
       3       36.837900
       4       35.996247
       5       38.743955
       6       36.876543
       7       39.642852
       8       38.316831
       9       36.623322
      10       35.194557
      11       33.129643
      12       35.533813
      13   434.25
 
       1       122.14915
       2       111.09853
       3       128.41643
       4       125.16586
       5       132.90038
       6       129.57888
       7       142.52137
       8       130.58888
       9       127.06795
      10       122.18893
      11       118.01913
      12       127.44070
      13  1517.14
 
       1       20.259436
       2       18.627094
       3       22.435983
       4       22.361751
       5       24.360434
       6       25.212614
       7       26.714895
       8       23.224612
       9       22.124063
      10       21.116482
      11       19.040916
      12       21.796044
      13   267.27
 
       1       5.5943843
       2       5.6053828
       3       5.8028552
       4       5.8435428
       5       6.1434956
       6       6.2624783
       7       6.6149888
       8       6.3150261
       9       6.1098589
      10       5.6054068
      11       5.3690402
      12       5.6889079
      13     5.91
 
       1 0.0
       2 0.0
       3 0.0
       4 0.0
       5 0.0
       6 0.0
       7 0.0
       8 0.0
       9 0.0
      10 0.0
      11 0.0
      12 0.0
      13 0.0
 
       1     0.023318296
       2     0.023511016
       3     0.024068382
       4     0.024358696
       5     0.025633045
       6     0.025463389
       7     0.026509819
       8     0.026135854
       9     0.025441728
      10     0.023455333
      11     0.022423500
      12     0.023384090
      13   0.0245
 
       1       1.0000000
       2       1.0000000
       3       1.0000000
       4       1.0000000
       5       1.0000000
       6       1.0000000
       7       1.0000000
       8       1.0000000
       9       1.0000000
      10       1.0000000
      11       1.0000000
      12       1.0000000
      13   1.0000
 
       1       0.0000000
       2       0.0000000
       3       0.0000000
       4       0.0000000
       5       0.0000000
       6       0.0000000
       7       0.0000000
       8       0.0000000
       9       0.0000000
      10       0.0000000
      11       0.0000000
      12       0.0000000
      13   0.0000
 
       1      0.70217836
       2      0.68614087
       3      0.66591466
       4      0.63940722
       5      0.60903443
       6      0.58546298
       7      0.63542102
       8      0.65580344
       9      0.67358650
      10      0.69848796
      11      0.69625789
      12      0.70672428
      13   0.6629
 
