       1       126.84551
       2       178.72745
       3       173.48478
       4       127.59339
       5       151.97750
       6       129.29328
       7       134.01714
       8       114.69554
       9       96.700821
      10       118.07113
      11       99.131032
      12       120.71675
      13  1571.25
 
       1       85.832368
       2       118.89848
       3       113.70659
       4       81.831086
       5       92.692492
       6       77.432171
       7       75.387426
       8       66.641789
       9       62.270006
      10       76.064441
      11       68.719870
      12       86.091790
      13  1005.57
 
       1       10.074902
       2       14.607688
       3       12.602571
       4       9.2143484
       5       8.5657993
       6       6.8821215
       7       6.7646101
       8       6.4284565
       9       7.3443743
      10       7.9938915
      11       7.9554440
      12       10.813500
      13   109.25
 
       1       8.8241659
       2       16.890775
       3       14.036237
       4       14.536122
       5       11.693566
       6       12.993338
       7       15.824473
       8       11.524441
       9       11.722611
      10       7.9078399
      11       7.4703391
      12       14.100560
      13   147.52
 
       1       9.3774344
       2       14.547041
       3       16.953025
       4       15.155022
       5       16.584074
       6       15.467130
       7       21.184818
       8       20.659658
       9       23.044755
      10       16.178381
      11       13.077488
      12       12.266902
      13   194.50
 
       1       8.5739785
       2       16.037916
       3       18.576857
       4       17.942637
       5       19.542183
       6       20.521122
       7       17.549250
       8       15.048105
       9       13.977525
      10       12.096508
      11       9.2049575
      12       9.3388889
      13    14.87
 
       1 0.0
       2 0.0
       3 0.0
       4 0.0
       5 0.0
       6 0.0
       7 0.0
       8 0.0
       9 0.0
      10 0.0
      11 0.0
      12 0.0
      13 0.0
 
       1     0.090808622
       2      0.17470122
       3      0.20065425
       4      0.19006555
       5      0.20339371
       6      0.21439197
       7      0.17719567
       8      0.15147177
       9      0.14212243
      10      0.12443147
      11     0.097819708
      12      0.10124959
      13   0.1557
 
       1      0.83043889
       2      0.83338869
       3      0.83353210
       4      0.83468323
       5      0.83065189
       6      0.82943277
       7      0.83066034
       8      0.83025669
       9      0.82988460
      10      0.83215393
      11      0.83449544
      12      0.83386394
      13   0.8320
 
       1     0.015999643
       2     0.030084682
       3     0.034778134
       4     0.033431615
       5     0.036062382
       6     0.037863399
       7     0.031841951
       8     0.027381830
       9     0.025570181
      10     0.022274855
      11     0.017234284
      12     0.017586995
      13   0.0275
 
       1      0.68967381
       2      0.72261206
       3      0.81501615
       4      0.74235675
       5      0.81117852
       6      0.86896034
       7      0.82563980
       8      0.79466215
       9      0.80769638
      10      0.72365714
      11      0.65930791
      12      0.69942463
      13   0.7633
 
