       1       72.888866
       2       52.103359
       3       40.561662
       4       26.641246
       5       19.329810
       6       15.894438
       7       11.968440
       8       10.142919
       9       12.860894
      10       33.235493
      11       51.184537
      12       65.937673
      13   412.75
 
       1       38.416161
       2       29.649600
       3       23.248956
       4       17.665771
       5       12.458738
       6       10.449758
       7       8.1841322
       8       6.8487253
       9       8.3379630
      10       18.717360
      11       25.602567
      12       34.509873
      13   234.09
 
       1       6.3839040
       2       4.5399032
       3       3.3766108
       4       1.8791445
       5       1.2069428
       6      0.93075892
       7      0.63165221
       8      0.62110056
       9      0.84976771
      10       2.3656740
      11       4.4895238
      12       5.7677640
      13    33.04
 
       1       24.782958
       2       16.289564
       3       12.064392
       4       7.6855034
       5       5.5441739
       6       4.9825691
       7       3.8109124
       8       2.9097616
       9       3.4205530
      10       10.001108
      11       14.873282
      12       21.757021
      13   128.12
 
       1       3.3689690
       2       2.7927530
       3       1.8840575
       4       1.4447501
       5       1.2754571
       6       1.3279928
       7       1.0916015
       8      0.92987834
       9      0.75572069
      10       1.8094703
      11       2.8231855
      12       3.5234359
      13    23.03
 
       1       1.0032092
       2      0.78810534
       3      0.56308728
       4      0.35230083
       5      0.22864188
       6      0.19349744
       7      0.12315543
       8      0.11314777
       9      0.14225514
      10      0.35741810
      11      0.67194835
      12      0.88601904
      13     0.45
 
       1 0.0
       2 0.0
       3 0.0
       4 0.0
       5 0.0
       6 0.0
       7 0.0
       8 0.0
       9 0.0
      10 0.0
      11 0.0
      12 0.0
      13 0.0
 
       1     0.025886619
       2     0.021426193
       3     0.015455366
       4     0.010121337
       5    0.0063071059
       6    0.0053167671
       7    0.0035506674
       8    0.0033417038
       9    0.0041993269
      10    0.0095526625
      11     0.017217157
      12     0.023480401
      13   0.0122
 
       1       1.0000000
       2       1.0000000
       3       1.0000000
       4       1.0000000
       5       1.0000000
       6       1.0000000
       7       1.0000000
       8       1.0000000
       9       1.0000000
      10       1.0000000
      11       1.0000000
      12       1.0000000
      13   1.0000
 
       1       0.0000000
       2       0.0000000
       3       0.0000000
       4       0.0000000
       5       0.0000000
       6       0.0000000
       7       0.0000000
       8       0.0000000
       9       0.0000000
      10       0.0000000
      11       0.0000000
      12       0.0000000
      13   0.0000
 
       1      0.72478787
       2      0.67665932
       3      0.57956771
       4      0.47322886
       5      0.34415163
       6      0.30230184
       7      0.44235437
       8      0.53008283
       9      0.50095526
      10      0.55871047
      11      0.61456588
      12      0.70937548
      13   0.5381
 
