       1       2.5072582
       2       2.0278448
       3       5.0770079
       4       7.0948037
       5       10.622453
       6       7.9733360
       7       6.4882467
       8       4.4710864
       9       4.7648420
      10       2.4953258
      11       1.7676467
      12       2.1243893
      13    57.41
 
       1       2.1108084
       2       1.9154940
       3       4.3129526
       4       6.3621054
       5       9.7252326
       6       9.7175767
       7       6.6681935
       8       3.6399924
       9       3.9073355
      10       2.2172834
      11       1.6046151
      12       1.7870055
      13    53.97
 
       1      0.43245078
       2      0.45440328
       3       1.0773878
       4       1.8317456
       5       2.3321989
       6       2.3068747
       7       1.7241978
       8      0.84244778
       9      0.73557234
      10      0.54957860
      11      0.37885166
      12      0.36358608
      13    13.03
 
       1      0.52912799
       2      0.77937771
       3       2.1727274
       4       5.2909504
       5       11.142106
       6       19.058566
       7       18.212128
       8       9.1443318
       9       3.8832996
      10       1.1120328
      11       1.0073330
      12      0.57138594
      13    72.90
 
       1      0.27065432
       2      0.54621256
       3       1.5776120
       4       4.3016579
       5       7.3002096
       6       10.941345
       7       10.397808
       8       5.1038882
       9       2.9255139
      10      0.62632229
      11      0.41997410
      12      0.30716991
      13    44.72
 
       1      0.51945278
       2      0.64510738
       3       2.0068689
       4       3.9775515
       5       5.1433334
       6       3.9616481
       7       2.2430666
       8       1.1203920
       9       1.0425336
      10      0.70189437
      11      0.64689215
      12      0.42942991
      13     1.87
 
       1 0.0
       2 0.0
       3 0.0
       4 0.0
       5 0.0
       6 0.0
       7 0.0
       8 0.0
       9 0.0
      10 0.0
      11 0.0
      12 0.0
      13 0.0
 
       1    0.0049966434
       2    0.0057734625
       3     0.017567646
       4     0.036021983
       5     0.045785928
       6     0.033616114
       7     0.018943618
       8    0.0094072500
       9    0.0086180490
      10    0.0062133864
      11    0.0061529339
      12    0.0041042585
      13   0.0164
 
       1      0.90032484
       2      0.89803880
       3      0.89405628
       4      0.89444164
       5      0.89334067
       6      0.89383104
       7      0.89495114
       8      0.89986314
       9      0.90030347
      10      0.90121281
      11      0.90404605
      12      0.90206853
      13   0.8980
 
       1   0.00054308612
       2   0.00065252256
       3    0.0020116695
       4    0.0040253162
       5    0.0051365463
       6    0.0038528308
       7    0.0021820759
       8    0.0010922152
       9    0.0010114401
      10   0.00070586464
      11   0.00067683718
      12   0.00044866453
      13   0.0019
 
       1      0.32693853
       2      0.31644246
       3      0.43013352
       4      0.56422587
       5      0.72699313
       6      0.70070367
       7      0.60801030
       8      0.49012377
       9      0.49563360
      10      0.43369663
      11      0.40698449
      12      0.33435950
      13   0.4862
 
