       1       154.91267
       2       125.27192
       3       173.57825
       4       161.98702
       5       178.19207
       6       158.59604
       7       154.44110
       8       156.82133
       9       93.631078
      10       78.441115
      11       113.13060
      12       162.72777
      13  1711.73
 
       1       107.56581
       2       82.656603
       3       110.89389
       4       102.81966
       5       110.67022
       6       91.516915
       7       86.269077
       8       88.790415
       9       61.013342
      10       52.016848
      11       78.064741
      12       111.94904
      13  1084.23
 
       1       14.470285
       2       9.9399987
       3       11.077171
       4       10.361149
       5       10.686702
       6       7.5440944
       7       7.6727491
       8       8.0399228
       9       7.2228848
      10       6.0229581
      11       9.3928878
      12       13.781826
      13   116.21
 
       1       15.263426
       2       9.8140488
       3       11.853820
       4       13.650131
       5       17.120224
       6       14.872148
       7       18.148586
       8       18.276633
       9       10.417940
      10       5.2793215
      11       10.704922
      12       19.610471
      13   165.01
 
       1       15.214298
       2       10.575981
       3       13.431468
       4       17.051077
       5       20.181253
       6       20.404375
       7       25.300873
       8       30.356902
       9       22.440673
      10       14.129850
      11       15.234571
      12       18.458725
      13   222.78
 
       1       11.465536
       2       10.777594
       3       17.703365
       4       22.703009
       5       26.565364
       6       24.376021
       7       22.082491
       8       21.562664
       9       14.063510
      10       8.9114312
      11       9.9765335
      12       11.556482
      13    16.81
 
       1 0.0
       2 0.0
       3 0.0
       4 0.0
       5 0.0
       6 0.0
       7 0.0
       8 0.0
       9 0.0
      10 0.0
      11 0.0
      12 0.0
      13 0.0
 
       1      0.15974667
       2      0.14376470
       3      0.23900041
       4      0.30367841
       5      0.36056192
       6      0.32067009
       7      0.28821320
       8      0.27879566
       9      0.18119613
      10      0.11338940
      11      0.13221192
      12      0.15720926
      13   0.2232
 
       1      0.88302199
       2      0.88088758
       3      0.88303472
       4      0.88359748
       5      0.88236320
       6      0.88151388
       7      0.88176485
       8      0.88123914
       9      0.88128552
      10      0.88144538
      11      0.88072201
      12      0.88206277
      13   0.8819
 
       1     0.019181457
       2     0.017710515
       3     0.029136483
       4     0.037250209
       5     0.043794896
       6     0.039602160
       7     0.035745089
       8     0.034679997
       9     0.022731829
      10     0.014400420
      11     0.016370578
      12     0.019117145
      13   0.0275
 
       1      0.74753081
       2      0.70836647
       3      0.76406965
       4      0.78768821
       5      0.86770950
       6      0.87573122
       7      0.88474451
       8      0.86609605
       9      0.81068417
      10      0.68259246
      11      0.72875032
      12      0.68748472
      13   0.7843
 
