       1       182.49947
       2       121.04575
       3       136.46227
       4       125.94083
       5       149.29569
       6       123.16933
       7       134.02534
       8       111.06050
       9       114.82026
      10       99.085482
      11       100.25434
      12       137.84112
      13  1535.50
 
       1       122.86561
       2       79.814167
       3       88.218249
       4       76.765083
       5       91.240360
       6       74.330985
       7       73.393902
       8       65.225054
       9       73.282852
      10       64.133559
      11       69.082174
      12       95.413688
      13   973.77
 
       1       15.853967
       2       10.395086
       3       10.564986
       4       8.2743909
       5       9.5091950
       6       8.2477494
       7       7.1307078
       8       7.2400660
       9       9.1640389
      10       7.6782642
      11       8.7086285
      12       12.487658
      13   115.25
 
       1       16.815367
       2       11.832393
       3       12.184132
       4       9.2818634
       5       13.020454
       6       15.976712
       7       17.312953
       8       13.737390
       9       12.513856
      10       8.3158768
      11       11.806391
      12       13.392087
      13   156.19
 
       1       14.888401
       2       12.137984
       3       14.259424
       4       11.871873
       5       15.607312
       6       16.655669
       7       22.126540
       8       20.773485
       9       24.287993
      10       16.146235
      11       14.429622
      12       14.527326
      13   197.71
 
       1       12.945806
       2       11.035094
       3       14.048667
       4       13.733018
       5       19.637944
       6       18.398684
       7       15.418142
       8       13.848455
       9       15.340603
      10       10.857532
      11       9.7227493
      12       10.289618
      13    13.77
 
       1 0.0
       2 0.0
       3 0.0
       4 0.0
       5 0.0
       6 0.0
       7 0.0
       8 0.0
       9 0.0
      10 0.0
      11 0.0
      12 0.0
      13 0.0
 
       1      0.14094472
       2      0.11854483
       3      0.14698792
       4      0.13906798
       5      0.20129978
       6      0.18685069
       7      0.15209741
       8      0.13693371
       9      0.15469987
      10      0.10873712
      11      0.10049692
      12      0.11057392
      13   0.1414
 
       1      0.87412781
       2      0.87445542
       3      0.87306914
       4      0.87242981
       5      0.87008581
       6      0.87092646
       7      0.87166702
       8      0.87282368
       9      0.87212037
      10      0.87171600
      11      0.87484308
      12      0.87447154
      13   0.8727
 
       1     0.018335824
       2     0.015611156
       3     0.019644004
       4     0.019012557
       5     0.027273414
       6     0.025472098
       7     0.021020394
       8     0.018952344
       9     0.021151478
      10     0.015015490
      11     0.013623347
      12     0.014572278
      13   0.0191
 
       1      0.71267739
       2      0.72871810
       3      0.71904832
       4      0.72203218
       5      0.82032637
       6      0.81830942
       7      0.80143866
       8      0.75574948
       9      0.78789838
      10      0.72791641
      11      0.69590973
      12      0.73028189
      13   0.7517
 
