       1       117.34161
       2       123.50108
       3       136.90996
       4       138.06549
       5       144.55873
       6       124.64682
       7       136.71497
       8       112.37684
       9       96.868991
      10       74.642630
      11       103.69371
      12       74.286689
      13  1383.61
 
       1       81.473807
       2       83.771831
       3       89.344865
       4       88.754305
       5       88.894314
       6       75.515153
       7       76.413090
       8       65.502052
       9       60.507149
      10       50.625944
      11       72.170621
      12       52.838122
      13   885.81
 
       1       10.646672
       2       10.662497
       3       10.039093
       4       9.3051752
       5       7.8954876
       6       6.9471662
       7       6.7717629
       8       6.1344332
       9       6.3904789
      10       6.0776882
      11       8.4734773
      12       6.7138272
      13    96.06
 
       1       10.448032
       2       12.553718
       3       13.046042
       4       12.682709
       5       10.671838
       6       11.821649
       7       15.548247
       8       13.593693
       9       8.9896215
      10       6.7088722
      11       8.8103687
      12       7.5344801
      13   132.41
 
       1       9.8074466
       2       12.275967
       3       14.648864
       4       14.374345
       5       16.987090
       6       15.474790
       7       22.528811
       8       22.285423
       9       18.553325
      10       14.261414
      11       13.285232
      12       8.3901998
      13   182.87
 
       1       8.6094260
       2       11.858432
       3       14.220693
       4       18.460769
       5       20.364927
       6       19.773017
       7       17.232972
       8       14.266502
       9       12.608590
      10       8.9192749
      11       9.3892891
      12       5.6150774
      13    13.44
 
       1 0.0
       2 0.0
       3 0.0
       4 0.0
       5 0.0
       6 0.0
       7 0.0
       8 0.0
       9 0.0
      10 0.0
      11 0.0
      12 0.0
      13 0.0
 
       1      0.11444220
       2      0.15973128
       3      0.18732881
       4      0.24367924
       5      0.26524142
       6      0.25975304
       7      0.21799916
       8      0.17800352
       9      0.15741528
      10      0.11284508
      11      0.12280234
      12     0.072848718
      13   0.1743
 
       1      0.85175394
       2      0.85148067
       3      0.85074381
       4      0.85123303
       5      0.85202581
       6      0.85210034
       7      0.85196472
       8      0.85264209
       9      0.85059403
      10      0.85245583
      11      0.85395519
      12      0.85081588
      13   0.8518
 
       1     0.017571517
       2     0.024282046
       3     0.028808776
       4     0.037390513
       5     0.041046723
       6     0.040030751
       7     0.034103046
       8     0.028136988
       9     0.024967048
      10     0.017843295
      11     0.019060363
      12     0.011415307
      13   0.0271
 
       1      0.71470593
       2      0.71937764
       3      0.77738871
       4      0.82975697
       5      0.82485474
       6      0.86105744
       7      0.85979938
       8      0.81269000
       9      0.79568828
      10      0.70983738
      11      0.69073391
      12      0.65357216
      13   0.7708
 
