       1       173.06614
       2       139.35015
       3       169.75190
       4       208.77471
       5       246.00752
       6       233.26301
       7       276.66417
       8       178.51093
       9       154.18933
      10       117.08432
      11       135.47839
      12       169.45650
      13  2201.60
 
       1       118.54763
       2       95.125732
       3       109.32633
       4       131.36932
       5       151.31575
       6       137.82999
       7       151.32397
       8       105.11479
       9       98.054168
      10       76.507811
      11       91.553377
      12       115.46605
      13  1381.53
 
       1       16.773207
       2       12.827913
       3       14.721936
       4       16.458536
       5       17.339391
       6       16.405901
       7       16.122269
       8       12.664221
       9       11.919424
      10       9.7230159
      11       11.540108
      12       15.057436
      13   171.55
 
       1       22.554575
       2       15.923010
       3       22.064945
       4       28.042659
       5       34.044353
       6       42.750015
       7       56.505586
       8       31.175334
       9       21.060470
      10       11.982436
      11       16.013542
      12       21.598806
      13   323.72
 
       1       15.293141
       2       15.015789
       3       18.497444
       4       24.283170
       5       35.419027
       6       45.122811
       7       49.724858
       8       40.113810
       9       32.380752
      10       17.291186
      11       17.572564
      12       19.690952
      13   330.41
 
       1       14.682054
       2       15.730891
       3       19.968733
       4       29.586737
       5       39.477769
       6       36.978470
       7       35.940771
       8       25.002415
       9       21.480601
      10       13.493034
      11       13.610750
      12       13.807241
      13    23.31
 
       1 0.0
       2 0.0
       3 0.0
       4 0.0
       5 0.0
       6 0.0
       7 0.0
       8 0.0
       9 0.0
      10 0.0
      11 0.0
      12 0.0
      13 0.0
 
       1     0.018527681
       2     0.019560662
       3     0.024752843
       4     0.036390986
       5     0.048757278
       6     0.045360106
       7     0.042719554
       8     0.029729780
       9     0.025531591
      10     0.016121404
      11     0.016659100
      12     0.017117366
      13   0.0284
 
       1      0.89863989
       2      0.89639912
       3      0.89615574
       4      0.89580157
       5      0.89554245
       6      0.89600891
       7      0.89796105
       8      0.89866303
       9      0.89624770
      10      0.89696046
      11      0.89786878
      12      0.89791215
      13   0.8970
 
       1    0.0021075674
       2    0.0022533322
       3    0.0028496122
       4    0.0041967249
       5    0.0056074460
       6    0.0052325873
       7    0.0050026683
       8    0.0034972201
       9    0.0030059838
      10    0.0019036599
      11    0.0019352731
      12    0.0019679092
      13   0.0033
 
       1      0.31016048
       2      0.29457904
       3      0.33799899
       4      0.36582520
       5      0.40685836
       6      0.41688886
       7      0.37802536
       8      0.35267672
       9      0.32705600
      10      0.31032626
      11      0.30089889
      12      0.29863483
      13   0.3417
 
