       1       9.0373924
       2       11.008105
       3       15.728869
       4       27.105832
       5       28.456030
       6       46.216016
       7       29.129491
       8       23.822678
       9       17.634201
      10       10.545067
      11       13.653889
      12       10.620285
      13   242.96
 
       1       6.1837639
       2       7.3096748
       3       10.683495
       4       15.658999
       5       16.031429
       6       24.759740
       7       16.391945
       8       13.712360
       9       10.180190
      10       6.9991945
      11       8.6620622
      12       8.0365203
      13   144.61
 
       1      0.78529073
       2       1.0290589
       3       2.0576983
       4       2.7438707
       5       2.8278359
       6       3.4213679
       7       2.4657415
       8       1.9319320
       9       1.3208504
      10       1.0532370
      11       1.2130508
      12       1.0997707
      13    21.95
 
       1      0.73747756
       2      0.75520417
       3       2.3549656
       4       5.4452423
       5       4.6863670
       6       10.113091
       7       7.4925632
       8       5.6545028
       9       2.4768404
      10       1.1170005
      11      0.76660268
      12      0.69457253
      13    42.29
 
       1      0.25460931
       2      0.42468411
       3       1.4976233
       4       3.1995863
       5       3.9172594
       6       6.3226989
       7       5.2158195
       8       3.7553012
       9       2.3861871
      10      0.50804543
      11      0.19216943
      12      0.10349648
      13    27.78
 
       1      0.55036624
       2      0.93783135
       3       2.3355894
       4       3.8183363
       5       3.8885503
       6       4.5411168
       7       2.5961678
       8       2.0172471
       9       1.5749313
      10       1.0694027
      11      0.82233829
      12      0.80368935
      13     2.08
 
       1 0.0
       2 0.0
       3 0.0
       4 0.0
       5 0.0
       6 0.0
       7 0.0
       8 0.0
       9 0.0
      10 0.0
      11 0.0
      12 0.0
      13 0.0
 
       1     0.011840336
       2     0.019465086
       3     0.049696539
       4     0.080084053
       5     0.083304993
       6     0.090331075
       7     0.049385840
       8     0.038365808
       9     0.030538459
      10     0.022813648
      11     0.017781363
      12     0.019586668
      13   0.0428
 
       1      0.82944983
       2      0.82622559
       3      0.82416115
       4      0.82558812
       5      0.82834973
       6      0.82419670
       7      0.82461048
       8      0.81990985
       9      0.82198845
      10      0.82950042
      11      0.83146333
      12      0.84049407
      13   0.8272
 
       1    0.0021039855
       2    0.0035182933
       3    0.0088388647
       4     0.014208888
       5     0.014612967
       6     0.016317541
       7    0.0091716041
       8    0.0071617667
       9    0.0056711370
      10    0.0040345229
      11    0.0031335962
      12    0.0032059993
      13   0.0077
 
       1      0.85981681
       2      0.82956950
       3      0.95236290
       4      0.96843706
       5      0.97905637
       6      0.98213811
       7      0.97785218
       8      0.96960650
       9      0.97698878
      10      0.96270693
      11      0.89128973
      12      0.90995077
      13   0.9383
 
