       1       35.914647
       2       26.699473
       3       29.183106
       4       19.590953
       5       18.913936
       6       16.837415
       7       17.346783
       8       16.576306
       9       12.319124
      10       13.271363
      11       19.085262
      12       24.981622
      13   250.72
 
       1       18.031687
       2       14.091289
       3       15.983793
       4       11.411249
       5       11.243418
       6       10.541370
       7       10.535887
       8       10.103443
       9       7.4040313
      10       7.3688497
      11       10.268064
      12       12.962227
      13   139.95
 
       1       2.9000509
       2       2.1344082
       3       2.4917303
       4       1.5474419
       5       1.5372676
       6       1.3525122
       7       1.2979970
       8       1.2002476
       9      0.91179209
      10       1.1303709
      11       1.4986433
      12       2.0860062
      13    20.09
 
       1       12.720688
       2       8.4791789
       3       9.5354348
       4       5.6522666
       5       5.2795146
       6       4.9039389
       7       5.4879858
       8       5.2960463
       9       3.6983757
      10       4.3832418
      11       6.2000573
      12       9.0386158
      13    80.68
 
       1       2.3349234
       2       1.1845195
       3       1.1798247
       4      0.98653482
       5      0.88981238
       6      0.63092684
       7      0.71187539
       8      0.93331667
       9      0.86473284
      10       1.1475088
      11       1.2669651
      12       1.6272699
      13    13.76
 
       1      0.50009954
       2      0.44571703
       3      0.48400582
       4      0.31644519
       5      0.34342476
       6      0.31779514
       7      0.30790240
       8      0.28411994
       9      0.20495114
      10      0.20154630
      11      0.26550778
      12      0.34828542
      13     0.33
 
       1 0.0
       2 0.0
       3 0.0
       4 0.0
       5 0.0
       6 0.0
       7 0.0
       8 0.0
       9 0.0
      10 0.0
      11 0.0
      12 0.0
      13 0.0
 
       1     0.018120973
       2     0.016491708
       3     0.018707109
       4     0.012699914
       5     0.013848619
       6     0.013852305
       7     0.013279778
       8     0.012263935
       9    0.0085100278
      10    0.0079034250
      11     0.010256912
      12     0.013218212
      13   0.0133
 
       1       1.0000000
       2       1.0000000
       3       1.0000000
       4       1.0000000
       5       1.0000000
       6       1.0000000
       7       1.0000000
       8       1.0000000
       9       1.0000000
      10       1.0000000
      11       1.0000000
      12       1.0000000
      13   1.0000
 
       1       0.0000000
       2       0.0000000
       3       0.0000000
       4       0.0000000
       5       0.0000000
       6       0.0000000
       7       0.0000000
       8       0.0000000
       9       0.0000000
      10       0.0000000
      11       0.0000000
      12       0.0000000
      13   0.0000
 
       1      0.30622540
       2      0.23627887
       3      0.27843884
       4      0.24248098
       5      0.17164342
       6      0.14032436
       7      0.19193269
       8      0.19525583
       9      0.20042476
      10      0.32777668
      11      0.28321334
      12      0.30806350
      13   0.2402
 
