       1       101.51591
       2       124.64804
       3       139.78291
       4       145.41900
       5       151.90790
       6       135.10975
       7       140.34462
       8       128.39412
       9       95.652715
      10       76.750314
      11       114.66309
      12       125.59511
      13  1479.78
 
       1       70.958739
       2       79.817840
       3       94.043135
       4       89.413128
       5       93.310166
       6       82.523381
       7       77.771275
       8       74.643995
       9       61.436751
      10       51.781203
      11       77.700511
      12       87.879445
      13   941.28
 
       1       8.6401109
       2       8.3172136
       3       12.212152
       4       8.2616769
       5       8.3892491
       6       7.2260352
       7       6.6895323
       8       6.9587215
       9       6.7995757
      10       6.2682906
      11       8.3615063
      12       10.991671
      13    99.12
 
       1       9.1302672
       2       8.7696193
       3       16.864893
       4       10.369217
       5       10.932584
       6       14.067706
       7       15.682628
       8       14.449459
       9       8.7963558
      10       7.6285227
      11       9.4157483
      12       12.228159
      13   138.34
 
       1       9.3339289
       2       8.8976899
       3       15.032792
       4       12.850631
       5       16.322783
       6       19.569944
       7       22.619546
       8       22.024596
       9       19.936873
      10       15.503002
      11       14.710431
      12       14.680085
      13   191.48
 
       1       8.0265459
       2       10.306167
       3       15.389779
       4       17.263778
       5       19.741704
       6       22.767283
       7       17.829559
       8       17.711458
       9       13.692804
      10       9.1101571
      11       9.5196566
      12       8.8764484
      13    14.19
 
       1 0.0
       2 0.0
       3 0.0
       4 0.0
       5 0.0
       6 0.0
       7 0.0
       8 0.0
       9 0.0
      10 0.0
      11 0.0
      12 0.0
      13 0.0
 
       1      0.10709851
       2      0.13512465
       3      0.20541376
       4      0.22407432
       5      0.25960120
       6      0.30196090
       7      0.22593846
       8      0.22391793
       9      0.17412330
      10      0.11550019
      11      0.12462814
      12      0.11822185
      13   0.1846
 
       1      0.85233879
       2      0.85167805
       3      0.85171235
       4      0.85281798
       5      0.85368292
       6      0.85390458
       7      0.85337263
       8      0.85113741
       9      0.85146141
      10      0.85217465
      11      0.85390096
      12      0.85132205
      13   0.8525
 
       1     0.016464653
       2     0.020835865
       3     0.031324771
       4     0.034649857
       5     0.039912053
       6     0.046186510
       7     0.035336106
       8     0.035162741
       9     0.027349676
      10     0.018257846
      11     0.019280016
      12     0.018115806
      13   0.0286
 
       1      0.67046783
       2      0.71061425
       3      0.79464891
       4      0.76444567
       5      0.80630474
       6      0.86786537
       7      0.84175144
       8      0.84000406
       9      0.82539622
      10      0.70610171
      11      0.68946497
      12      0.71890622
      13   0.7697
 
