       1       510.10761
       2       449.61048
       3       475.86845
       4       469.93246
       5       472.26705
       6       501.73726
       7       556.52024
       8       522.96100
       9       474.43712
      10       469.32206
      11       463.41443
      12       477.97874
      13  5844.16
 
       1       305.16407
       2       271.32601
       3       292.78125
       4       290.68887
       5       290.45347
       6       304.63592
       7       333.94052
       8       319.64891
       9       293.47131
      10       290.82886
      11       284.76690
      12       285.27213
      13  3562.98
 
       1       39.294906
       2       34.387777
       3       36.259578
       4       35.236984
       5       35.329635
       6       37.980188
       7       41.866139
       8       39.562356
       9       36.662908
      10       35.879411
      11       34.673105
      12       36.125560
      13   443.26
 
       1       140.60986
       2       121.48479
       3       127.76060
       4       121.22044
       5       121.94147
       6       131.39932
       7       153.20214
       8       135.79356
       9       122.96977
      10       124.11150
      11       122.83986
      12       132.70637
      13  1556.04
 
       1       24.708059
       2       21.218260
       3       20.988543
       4       22.597050
       5       24.716075
       6       24.884330
       7       29.450626
       8       25.494191
       9       22.644654
      10       20.188548
      11       20.039628
      12       23.008549
      13   279.94
 
       1       6.1931918
       2       6.0075667
       3       5.8037989
       4       5.7282367
       5       5.5249143
       6       6.2533318
       7       6.7495926
       8       6.3301391
       9       6.1389182
      10       5.6971808
      11       5.6326649
      12       5.6724826
      13     5.98
 
       1 0.0
       2 0.0
       3 0.0
       4 0.0
       5 0.0
       6 0.0
       7 0.0
       8 0.0
       9 0.0
      10 0.0
      11 0.0
      12 0.0
      13 0.0
 
       1     0.025500624
       2     0.024769979
       3     0.024035446
       4     0.023876402
       5     0.022808877
       6     0.025487656
       7     0.027153070
       8     0.026193156
       9     0.025506544
      10     0.023548418
      11     0.023445040
      12     0.023089632
      13   0.0246
 
       1       1.0000000
       2       1.0000000
       3       1.0000000
       4       1.0000000
       5       1.0000000
       6       1.0000000
       7       1.0000000
       8       1.0000000
       9       1.0000000
      10       1.0000000
      11       1.0000000
      12       1.0000000
      13   1.0000
 
       1       0.0000000
       2       0.0000000
       3       0.0000000
       4       0.0000000
       5       0.0000000
       6       0.0000000
       7       0.0000000
       8       0.0000000
       9       0.0000000
      10       0.0000000
      11       0.0000000
      12       0.0000000
      13   0.0000
 
       1      0.74738590
       2      0.72681249
       3      0.68739597
       4      0.65020937
       5      0.63468743
       6      0.63559882
       7      0.67020803
       8      0.68086673
       9      0.69941471
      10      0.71599229
      11      0.71971672
      12      0.72366026
      13   0.6910
 
