       1       71.890923
       2       60.948362
       3       56.694719
       4       36.809433
       5       23.218277
       6       16.950951
       7       13.772370
       8       9.2098475
       9       9.7116888
      10       29.503881
      11       51.920705
      12       68.484380
      13   449.12
 
       1       38.364611
       2       33.484215
       3       30.740334
       4       22.724832
       5       15.763363
       6       11.040877
       7       9.5575368
       8       6.5671248
       9       6.6634545
      10       16.706135
      11       27.863156
      12       34.022141
      13   253.50
 
       1       6.3586901
       2       5.3348183
       3       4.9663153
       4       2.7407047
       5       1.4104182
       6      0.97612690
       7      0.71996885
       8      0.48211975
       9      0.60312890
      10       2.1142090
      11       4.3511429
      12       5.9234332
      13    35.98
 
       1       23.741197
       2       18.314982
       3       16.707469
       4       10.480635
       5       6.0464702
       6       5.4042727
       7       4.2431551
       8       2.3319539
       9       2.3418712
      10       8.7398336
      11       16.498201
      12       23.480303
      13   138.33
 
       1       3.5945700
       2       2.8118512
       3       3.0290247
       4       1.7658610
       5       1.3818885
       6       1.4746249
       7       1.1415714
       8      0.75963331
       9      0.55029046
      10       1.7398420
      11       2.8605787
      12       3.7896059
      13    24.90
 
       1       1.0112501
       2      0.89427025
       3      0.75612338
       4      0.45224424
       5      0.26623932
       6      0.20728312
       7      0.14103908
       8     0.083859824
       9      0.10554766
      10      0.32806098
      11      0.65911964
      12      0.90252388
      13     0.48
 
       1 0.0
       2 0.0
       3 0.0
       4 0.0
       5 0.0
       6 0.0
       7 0.0
       8 0.0
       9 0.0
      10 0.0
      11 0.0
      12 0.0
      13 0.0
 
       1     0.026430215
       2     0.024569596
       3     0.020031087
       4     0.012583385
       5    0.0075620297
       6    0.0056261283
       7    0.0041420402
       8    0.0025645236
       9    0.0032998917
      10    0.0088035579
      11     0.017123329
      12     0.022743998
      13   0.0130
 
       1       1.0000000
       2       1.0000000
       3       1.0000000
       4       1.0000000
       5       1.0000000
       6       1.0000000
       7       1.0000000
       8       1.0000000
       9       1.0000000
      10       1.0000000
      11       1.0000000
      12       1.0000000
      13   1.0000
 
       1       0.0000000
       2       0.0000000
       3       0.0000000
       4       0.0000000
       5       0.0000000
       6       0.0000000
       7       0.0000000
       8       0.0000000
       9       0.0000000
      10       0.0000000
      11       0.0000000
      12       0.0000000
      13   0.0000
 
       1      0.69186153
       2      0.68538162
       3      0.60173639
       4      0.52238629
       5      0.40279619
       6      0.36052221
       7      0.44810247
       8      0.51461508
       9      0.48870076
      10      0.52543266
      11      0.61074896
      12      0.67720742
      13   0.5441
 
