       1       180.31653
       2       97.427916
       3       119.77866
       4       170.08807
       5       166.14415
       6       172.03677
       7       138.30206
       8       144.36854
       9       117.71538
      10       67.444194
      11       131.49423
      12       129.23808
      13  1634.35
 
       1       121.62988
       2       66.415848
       3       74.917173
       4       108.26033
       5       101.07927
       6       100.53360
       7       77.514736
       8       82.251730
       9       76.193455
      10       45.959831
      11       86.871489
      12       91.804421
      13  1033.43
 
       1       15.153126
       2       8.8249457
       3       7.7471550
       4       11.253674
       5       9.2926190
       6       8.0790538
       7       6.9193022
       8       7.6039936
       9       8.4475220
      10       5.9337767
      11       9.4414153
      12       11.658647
      13   110.36
 
       1       16.027980
       2       9.4190910
       3       8.1464655
       4       13.827407
       5       14.238991
       6       18.343427
       7       16.342439
       8       15.961483
       9       10.839752
      10       5.9566598
      11       11.048298
      12       16.328822
      13   156.48
 
       1       11.044286
       2       10.134217
       3       9.1930063
       4       16.156005
       5       18.706388
       6       21.878913
       7       21.193548
       8       27.563960
       9       25.800207
      10       13.898931
      11       15.414008
      12       14.130500
      13   205.11
 
       1       12.097665
       2       10.102743
       3       12.016574
       4       23.117104
       5       24.342293
       6       26.781615
       7       18.133247
       8       18.710360
       9       17.260160
      10       8.8125685
      11       10.488369
      12       9.6876768
      13    15.96
 
       1 0.0
       2 0.0
       3 0.0
       4 0.0
       5 0.0
       6 0.0
       7 0.0
       8 0.0
       9 0.0
      10 0.0
      11 0.0
      12 0.0
      13 0.0
 
       1      0.16740051
       2      0.13792887
       3      0.15847814
       4      0.31624008
       5      0.32869409
       6      0.35346578
       7      0.23394607
       8      0.24153684
       9      0.22745226
      10      0.11433146
      11      0.13867720
      12      0.13319110
      13   0.2126
 
       1      0.88999886
       2      0.88996686
       3      0.88893636
       4      0.88979886
       5      0.88878016
       6      0.88802616
       7      0.88982995
       8      0.88900431
       9      0.88989083
      10      0.89005791
      11      0.88839971
      12      0.88886459
      13   0.8893
 
       1     0.019066423
       2     0.015897700
       3     0.018665512
       4     0.036267032
       5     0.038001461
       6     0.041278997
       7     0.027734828
       8     0.028612850
       9     0.026711706
      10     0.013656798
      11     0.016296553
      12     0.015265937
      13   0.0248
 
       1      0.76667943
       2      0.72758244
       3      0.70650669
       4      0.83514707
       5      0.88526708
       6      0.91522844
       7      0.84503951
       8      0.84847279
       9      0.83001518
      10      0.72535384
      11      0.70941580
      12      0.73087175
      13   0.7938
 
