       1       173.14613
       2       223.43979
       3       231.13360
       4       221.69024
       5       221.36195
       6       227.10991
       7       259.72718
       8       196.97333
       9       155.41398
      10       139.83521
      11       165.98998
      12       220.76200
      13  2436.58
 
       1       120.50614
       2       147.17038
       3       145.08616
       4       146.51571
       5       135.91623
       6       129.56843
       7       143.19207
       8       115.57715
       9       98.344630
      10       91.963572
      11       110.00713
      12       149.00439
      13  1532.85
 
       1       17.453876
       2       19.821403
       3       18.586713
       4       20.811287
       5       16.130059
       6       14.593445
       7       15.278594
       8       13.695234
       9       12.025665
      10       11.447250
      11       13.460161
      12       19.334248
      13   192.64
 
       1       22.279267
       2       26.150601
       3       27.458865
       4       33.661341
       5       26.697149
       6       46.158349
       7       50.418234
       8       37.763212
       9       19.089561
      10       14.020703
      11       20.070949
      12       28.978879
      13   352.75
 
       1       18.023522
       2       20.982252
       3       23.838150
       4       36.961061
       5       33.148934
       6       41.142815
       7       44.490373
       8       46.251749
       9       29.197006
      10       21.365640
      11       21.888192
      12       24.310812
      13   361.60
 
       1       15.498339
       2       21.645679
       3       25.720320
       4       33.991064
       5       32.396478
       6       33.357037
       7       32.784897
       8       26.463422
       9       19.778491
      10       16.209192
      11       15.674873
      12       16.244984
      13    24.15
 
       1 0.0
       2 0.0
       3 0.0
       4 0.0
       5 0.0
       6 0.0
       7 0.0
       8 0.0
       9 0.0
      10 0.0
      11 0.0
      12 0.0
      13 0.0
 
       1     0.019723465
       2     0.027258612
       3     0.032195269
       4     0.043113751
       5     0.039384713
       6     0.040631332
       7     0.038640634
       8     0.031396284
       9     0.023422641
      10     0.019522877
      11     0.019460235
      12     0.020299852
      13   0.0296
 
       1      0.89640558
       2      0.89667858
       3      0.89781362
       4      0.89770644
       5      0.89586540
       6      0.89539469
       7      0.89627726
       8      0.89877398
       9      0.89705931
      10      0.89695920
      11      0.89897717
      12      0.89894846
      13   0.8972
 
       1    0.0022341011
       2    0.0031003854
       3    0.0036774300
       4    0.0048717028
       5    0.0045734847
       6    0.0047053325
       7    0.0045489137
       8    0.0036911280
       9    0.0027674743
      10    0.0022917070
      11    0.0022375368
      12    0.0023166302
      13   0.0034
 
       1      0.31031433
       2      0.33267838
       3      0.34338047
       4      0.38030338
       5      0.37202206
       6      0.39072037
       7      0.37101066
       8      0.33754604
       9      0.33151565
      10      0.30863616
      11      0.30838503
      12      0.27612945
      13   0.3386
 
