       1       432.07043
       2       438.27370
       3       472.16031
       4       485.63498
       5       487.07956
       6       508.26238
       7       532.99652
       8       490.87061
       9       474.54403
      10       469.51550
      11       452.60728
      12       497.81543
      13  5741.83
 
       1       263.74908
       2       264.29073
       3       290.31942
       4       300.11438
       5       297.58159
       6       305.16113
       7       323.21025
       8       297.77166
       9       292.60393
      10       292.94212
      11       281.25359
      12       303.49524
      13  3512.49
 
       1       33.091152
       2       33.938092
       3       36.142295
       4       37.064567
       5       36.672103
       6       37.896727
       7       40.380704
       8       37.211953
       9       36.677822
      10       35.817301
      11       34.486835
      12       37.655141
      13   437.03
 
       1       117.46101
       2       118.19968
       3       124.56850
       4       126.78571
       5       128.51803
       6       138.29864
       7       143.94508
       8       131.99166
       9       122.50348
      10       121.59143
      11       116.34368
      12       133.63571
      13  1523.84
 
       1       19.101156
       2       20.565111
       3       20.560684
       4       22.890406
       5       23.454339
       6       26.446658
       7       24.466957
       8       24.744255
       9       23.063641
      10       19.919262
      11       20.962895
      12       22.908868
      13   269.08
 
       1       5.2708850
       2       5.9456873
       3       5.7378182
       4       5.9757212
       5       5.7865450
       6       6.4092740
       7       6.5781477
       8       6.1297528
       9       6.0377143
      10       5.6067339
      11       5.6561631
      12       5.9066207
      13     5.92
 
       1 0.0
       2 0.0
       3 0.0
       4 0.0
       5 0.0
       6 0.0
       7 0.0
       8 0.0
       9 0.0
      10 0.0
      11 0.0
      12 0.0
      13 0.0
 
       1     0.021996494
       2     0.024682322
       3     0.023977436
       4     0.024739106
       5     0.023796498
       6     0.025711427
       7     0.026608341
       8     0.024939591
       9     0.025164561
      10     0.023635568
      11     0.023652502
      12     0.024545674
      13   0.0245
 
       1       1.0000000
       2       1.0000000
       3       1.0000000
       4       1.0000000
       5       1.0000000
       6       1.0000000
       7       1.0000000
       8       1.0000000
       9       1.0000000
      10       1.0000000
      11       1.0000000
      12       1.0000000
      13   1.0000
 
       1       0.0000000
       2       0.0000000
       3       0.0000000
       4       0.0000000
       5       0.0000000
       6       0.0000000
       7       0.0000000
       8       0.0000000
       9       0.0000000
      10       0.0000000
      11       0.0000000
      12       0.0000000
      13   0.0000
 
       1      0.71064248
       2      0.68571119
       3      0.65994639
       4      0.66257944
       5      0.59804375
       6      0.60035553
       7      0.63039177
       8      0.65184362
       9      0.66896858
      10      0.69583048
      11      0.70812475
      12      0.70741132
      13   0.6650
 
