       1       11.602232
       2       13.750626
       3       18.521343
       4       25.836239
       5       27.148945
       6       45.014590
       7       33.051650
       8       26.358881
       9       16.660986
      10       10.135503
      11       8.6039663
      12       6.7712015
      13   243.46
 
       1       7.7503563
       2       8.9346270
       3       12.680211
       4       15.550425
       5       14.761829
       6       23.907206
       7       19.086357
       8       14.362468
       9       9.7389736
      10       6.7178604
      11       5.9929223
      12       4.9552051
      13   144.44
 
       1      0.96036895
       2       1.2373109
       3       2.4625800
       4       2.9958144
       5       2.3744218
       6       3.1159416
       7       2.7345225
       8       1.9956092
       9       1.2878900
      10      0.89340949
      11      0.83877490
      12      0.61280471
      13    21.51
 
       1      0.71363847
       2      0.70095968
       3       3.4462376
       4       4.4571046
       5       4.2807305
       6       13.825904
       7       9.0718008
       8       6.5042547
       9       2.4130735
      10      0.90796728
      11      0.80323206
      12      0.60625271
      13    47.73
 
       1      0.22787872
       2      0.34574747
       3       2.5372793
       4       3.8763509
       5       3.0949060
       6       6.0791035
       7       5.1901730
       8       3.9459083
       9       2.2349973
      10      0.57113281
      11      0.13209569
      12      0.17796980
      13    28.41
 
       1      0.75032740
       2       1.0579713
       3       3.0927079
       4       4.3778103
       5       2.9641611
       6       4.1446468
       7       3.1629739
       8       2.1305455
       9       1.4879045
      10      0.95633884
      11      0.90067248
      12      0.49756681
      13     2.13
 
       1 0.0
       2 0.0
       3 0.0
       4 0.0
       5 0.0
       6 0.0
       7 0.0
       8 0.0
       9 0.0
      10 0.0
      11 0.0
      12 0.0
      13 0.0
 
       1     0.020801531
       2     0.029144591
       3     0.085220727
       4      0.12199402
       5     0.078372222
       6      0.10401098
       7     0.077424967
       8     0.051308062
       9     0.036753924
      10     0.025022124
      11     0.026404352
      12     0.014639244
      13   0.0559
 
       1      0.88902303
       2      0.88942178
       3      0.88659498
       4      0.88727463
       5      0.88613223
       6      0.88312289
       7      0.88324574
       8      0.88081175
       9      0.88239928
      10      0.88568695
      11      0.89008828
      12      0.89164946
      13   0.8863
 
       1    0.0024101014
       2    0.0033724949
       3    0.0098580249
       4     0.014007404
       5    0.0092249190
       6     0.012524388
       7    0.0094876368
       8    0.0063585867
       9    0.0045208920
      10    0.0029957445
      11    0.0029689873
      12    0.0016458240
      13   0.0066
 
       1      0.85011196
       2      0.89053516
       3      0.95528627
       4      0.98073580
       5      0.97934501
       6      0.98526002
       7      0.97784547
       8      0.97316567
       9      0.97864425
      10      0.95289401
      11      0.96046119
      12      0.92236684
      13   0.9506
 
