       1       73.047353
       2       53.173728
       3       55.983796
       4       38.488285
       5       25.340927
       6       17.913908
       7       17.904649
       8       11.552639
       9       11.660317
      10       36.350939
      11       55.471704
      12       73.497575
      13   470.39
 
       1       37.602352
       2       29.000436
       3       31.889885
       4       24.349938
       5       16.991361
       6       11.588321
       7       11.797163
       8       7.4658813
       9       8.0851640
      10       19.743662
      11       27.950967
      12       37.689229
      13   264.15
 
       1       6.5068159
       2       4.9165784
       3       4.4703671
       4       2.8515901
       5       1.5885026
       6       1.0753895
       7      0.92148439
       8      0.68908325
       9      0.71226182
      10       2.7595866
      11       4.6706390
      12       6.4852921
      13    37.65
 
       1       24.463411
       2       16.711882
       3       16.660296
       4       10.890320
       5       6.4386979
       6       5.7738841
       7       6.0248048
       8       3.5485145
       9       2.8065212
      10       12.047120
      11       18.584605
      12       23.560930
      13   147.51
 
       1       3.9350924
       2       2.8542088
       3       2.7018135
       4       1.9026054
       5       1.2361056
       6       1.5233761
       7       1.4531991
       8       1.0447682
       9      0.69031226
      10       1.8924709
      11       3.0418303
      12       4.1251059
      13    26.40
 
       1       1.0222949
       2      0.81543580
       3      0.69776589
       4      0.50649182
       5      0.27500007
       6      0.22549572
       7      0.18801610
       8      0.12704256
       9      0.12065838
      10      0.44043351
      11      0.73293573
      12      0.99548947
      13     0.51
 
       1 0.0
       2 0.0
       3 0.0
       4 0.0
       5 0.0
       6 0.0
       7 0.0
       8 0.0
       9 0.0
      10 0.0
      11 0.0
      12 0.0
      13 0.0
 
       1     0.026530394
       2     0.022411068
       3     0.018763587
       4     0.013935789
       5    0.0079364987
       6    0.0061242348
       7    0.0053240880
       8    0.0036862061
       9    0.0038082870
      10     0.011652010
      11     0.018297879
      12     0.025666739
      13   0.0137
 
       1       1.0000000
       2       1.0000000
       3       1.0000000
       4       1.0000000
       5       1.0000000
       6       1.0000000
       7       1.0000000
       8       1.0000000
       9       1.0000000
      10       1.0000000
      11       1.0000000
      12       1.0000000
      13   1.0000
 
       1       0.0000000
       2       0.0000000
       3       0.0000000
       4       0.0000000
       5       0.0000000
       6       0.0000000
       7       0.0000000
       8       0.0000000
       9       0.0000000
      10       0.0000000
      11       0.0000000
      12       0.0000000
      13   0.0000
 
       1      0.68629602
       2      0.63540943
       3      0.56255442
       4      0.52382740
       5      0.46035947
       6      0.37924541
       7      0.44044590
       8      0.51527975
       9      0.51117581
      10      0.57084052
      11      0.62896988
      12      0.71019148
      13   0.5520
 
