       1       101.84253
       2       90.507007
       3       141.98236
       4       155.32226
       5       152.76258
       6       143.89505
       7       132.61274
       8       130.12377
       9       100.64905
      10       103.49407
      11       96.991582
      12       131.46244
      13  1481.65
 
       1       71.492083
       2       59.537561
       3       88.651799
       4       101.28358
       5       95.760596
       6       84.065449
       7       73.351541
       8       74.311514
       9       64.435988
      10       67.397872
      11       68.478016
      12       89.398618
      13   938.16
 
       1       8.3812892
       2       6.2137695
       3       9.4466320
       4       11.113110
       5       9.2822585
       6       7.3360130
       7       6.5237299
       8       6.7824901
       9       7.1857948
      10       6.9641196
      11       8.0588357
      12       11.203673
      13    98.49
 
       1       9.9354429
       2       4.9209218
       3       10.342499
       4       15.075044
       5       11.457723
       6       14.264894
       7       16.477975
       8       16.049327
       9       10.169117
      10       6.1149747
      11       9.4272477
      12       12.729441
      13   136.96
 
       1       8.5788481
       2       4.9713445
       3       11.513544
       4       16.301702
       5       16.999350
       6       19.638371
       7       21.652138
       8       24.271798
       9       21.677595
      10       16.227302
      11       14.802362
      12       12.683816
      13   189.32
 
       1       8.4275793
       2       8.4175743
       3       14.422287
       4       21.442707
       5       22.965439
       6       22.676453
       7       16.642632
       8       16.588783
       9       14.302110
      10       10.568599
      11       9.8150758
      12       9.3623119
      13    14.64
 
       1 0.0
       2 0.0
       3 0.0
       4 0.0
       5 0.0
       6 0.0
       7 0.0
       8 0.0
       9 0.0
      10 0.0
      11 0.0
      12 0.0
      13 0.0
 
       1      0.11368280
       2      0.11139431
       3      0.19029900
       4      0.29280682
       5      0.30576914
       6      0.29632580
       7      0.20969338
       8      0.20891004
       9      0.18415216
      10      0.13647024
      11      0.13250702
      12      0.12690597
      13   0.1924
 
       1      0.88410877
       2      0.88397765
       3      0.88130161
       4      0.88276326
       5      0.88272162
       6      0.88087490
       7      0.88096148
       8      0.88061969
       9      0.88108782
      10      0.88158533
      11      0.88356395
      12      0.88366216
      13   0.8823
 
       1     0.013919190
       2     0.013801683
       3     0.023512222
       4     0.035501851
       5     0.037626123
       6     0.036787016
       7     0.026482865
       8     0.026388002
       9     0.023093919
      10     0.017136826
      11     0.016260656
      12     0.015502991
      13   0.0238
 
       1      0.67973799
       2      0.65061898
       3      0.76303238
       4      0.86058259
       5      0.82056455
       6      0.87920912
       7      0.83052442
       8      0.83439538
       9      0.81666826
      10      0.72972830
      11      0.71301770
      12      0.66663655
      13   0.7704
 
