       1       146.00773
       2       165.87150
       3       191.81422
       4       186.38504
       5       185.24952
       6       228.52433
       7       210.48302
       8       193.15493
       9       153.10496
      10       106.78325
      11       115.83971
      12       123.55524
      13  2006.77
 
       1       101.93942
       2       107.24727
       3       120.09944
       4       118.77642
       5       112.90194
       6       134.68475
       7       115.99764
       8       111.15162
       9       94.629341
      10       72.169999
      11       77.985502
      12       82.645516
      13  1250.23
 
       1       14.987684
       2       14.497853
       3       15.782611
       4       16.651805
       5       14.867638
       6       16.960753
       7       13.472791
       8       13.441106
       9       11.931965
      10       10.736873
      11       9.9232130
      12       10.492513
      13   163.75
 
       1       20.773596
       2       19.067332
       3       26.162568
       4       26.827555
       5       26.491433
       6       44.486755
       7       45.467589
       8       36.037616
       9       22.178735
      10       14.542242
      11       14.265778
      12       13.711849
      13   310.01
 
       1       17.232418
       2       15.061769
       3       22.485143
       4       25.544053
       5       27.266570
       6       37.632623
       7       35.948771
       8       36.156375
       9       26.759535
      10       19.039762
      11       11.603753
      12       12.915090
      13   287.65
 
       1       13.448081
       2       15.790867
       3       22.745911
       4       29.306011
       5       26.529017
       6       32.685846
       7       25.224208
       8       23.404755
       9       19.000105
      10       14.167458
      11       12.122574
      12       10.287970
      13    20.39
 
       1 0.0
       2 0.0
       3 0.0
       4 0.0
       5 0.0
       6 0.0
       7 0.0
       8 0.0
       9 0.0
      10 0.0
      11 0.0
      12 0.0
      13 0.0
 
       1     0.013144724
       2     0.015180261
       3     0.021726957
       4     0.028126414
       5     0.024802758
       6     0.030285626
       7     0.022699098
       8     0.021231951
       9     0.017294849
      10     0.013267605
      11     0.011394426
      12    0.0098045885
      13   0.0191
 
       1      0.88368396
       2      0.88360650
       3      0.88284581
       4      0.88313821
       5      0.88047059
       6      0.88060095
       7      0.88216005
       8      0.88319388
       9      0.88162145
      10      0.88368086
      11      0.88406914
      12      0.88441864
      13   0.8828
 
       1    0.0017294528
       2    0.0020150165
       3    0.0028979644
       4    0.0037413125
       5    0.0033522331
       6    0.0040960535
       7    0.0031234354
       8    0.0029095578
       9    0.0023754317
      10    0.0017987082
      11    0.0015426566
      12    0.0013138185
      13   0.0026
 
       1      0.28844267
       2      0.27167597
       3      0.30821756
       4      0.35044505
       5      0.35696448
       6      0.35631080
       7      0.33520176
       8      0.30981682
       9      0.31036969
      10      0.29945266
      11      0.28970559
      12      0.25364322
      13   0.3109
 
