       1       9.4359009
       2       13.467434
       3       18.779782
       4       25.313067
       5       40.669816
       6       49.221427
       7       36.153930
       8       28.494242
       9       20.338384
      10       9.2036722
      11       9.9944533
      12       7.4356530
      13   268.51
 
       1       6.3857332
       2       8.7899688
       3       11.749080
       4       15.280292
       5       21.804406
       6       25.227639
       7       20.796900
       8       15.713710
       9       11.673429
      10       6.2395683
      11       7.2023295
      12       5.5301303
      13   156.39
 
       1      0.80427711
       2       1.1189498
       3       1.7626831
       4       2.8056781
       5       3.3792973
       6       3.0012533
       7       2.9595774
       8       2.1175229
       9       1.5897935
      10      0.95909074
      11       1.0036485
      12      0.66092920
      13    22.16
 
       1      0.51543214
       2      0.80325943
       3       2.0577719
       4       4.3885701
       5       6.9973194
       6       12.435936
       7       10.818263
       8       7.1037861
       9       3.1624096
      10      0.96668225
      11      0.93650529
      12       1.0537904
      13    51.24
 
       1     0.086879692
       2      0.19974777
       3       1.4661790
       4       2.9561190
       5       4.3397324
       6       5.8902838
       7       5.4124661
       8       3.9533368
       9       2.2696425
      10      0.52770716
      11      0.24941718
      12      0.18124553
      13    27.53
 
       1      0.52090610
       2      0.98803722
       3       1.8399823
       4       3.8670834
       5       4.1330180
       6       3.7959120
       7       3.6198631
       8       2.4689378
       9       1.7316464
      10      0.97740018
      11      0.88724855
      12      0.53274875
      13     2.11
 
       1 0.0
       2 0.0
       3 0.0
       4 0.0
       5 0.0
       6 0.0
       7 0.0
       8 0.0
       9 0.0
      10 0.0
      11 0.0
      12 0.0
      13 0.0
 
       1     0.013602220
       2     0.025026050
       3     0.045656599
       4      0.10036296
       5      0.10363867
       6     0.089675741
       7     0.085550555
       8     0.056651896
       9     0.041046461
      10     0.025203013
      11     0.024102088
      12     0.014114403
      13   0.0521
 
       1      0.92599870
       2      0.92395660
       3      0.92270285
       4      0.92355869
       5      0.92363272
       6      0.92275021
       7      0.92323520
       8      0.92126986
       9      0.92168170
      10      0.92429344
      11      0.92649895
      12      0.92522139
      13   0.9237
 
       1    0.0010636393
       2    0.0019832774
       3    0.0036530459
       4    0.0077943260
       5    0.0081583437
       6    0.0072549429
       7    0.0069506425
       8    0.0047028007
       9    0.0033537047
      10    0.0019786766
      11    0.0018338576
      12    0.0010968941
      13   0.0042
 
       1      0.84312603
       2      0.84462192
       3      0.92760491
       4      0.98157772
       5      0.98530537
       6      0.98203707
       7      0.97379316
       8      0.96233690
       9      0.97787905
      10      0.97281728
      11      0.91057071
      12      0.88551452
      13   0.9373
 
