       1       166.89801
       2       232.28758
       3       225.12160
       4       205.31816
       5       210.90272
       6       219.47818
       7       248.26738
       8       192.02691
       9       164.42607
      10       107.65608
      11       154.69512
      12       120.91769
      13  2248.00
 
       1       113.25823
       2       153.69394
       3       148.71435
       4       131.46489
       5       130.09381
       6       129.16405
       7       138.05393
       8       110.93077
       9       105.17819
      10       71.138310
      11       105.27891
      12       82.161354
      13  1419.13
 
       1       14.994432
       2       19.973948
       3       20.635259
       4       15.596323
       5       16.291200
       6       15.067389
       7       14.437078
       8       12.701198
       9       12.392845
      10       9.1225477
      11       12.564572
      12       10.412369
      13   174.19
 
       1       18.809463
       2       24.309205
       3       31.837422
       4       25.791700
       5       33.005377
       6       41.036806
       7       47.135283
       8       32.912459
       9       23.103161
      10       14.466223
      11       17.510828
      12       14.925044
      13   324.84
 
       1       15.785489
       2       24.406977
       3       28.295118
       4       22.291625
       5       33.567403
       6       40.950403
       7       44.335530
       8       40.147629
       9       32.745638
      10       15.569072
      11       20.849146
      12       12.132912
      13   331.08
 
       1       13.044011
       2       21.707518
       3       26.519444
       4       31.002931
       5       33.729114
       6       33.126094
       7       30.684708
       8       24.357092
       9       23.440734
      10       13.234160
      11       15.868926
      12       10.503709
      13    23.10
 
       1 0.0
       2 0.0
       3 0.0
       4 0.0
       5 0.0
       6 0.0
       7 0.0
       8 0.0
       9 0.0
      10 0.0
      11 0.0
      12 0.0
      13 0.0
 
       1     0.012761117
       2     0.021528922
       3     0.026601528
       4     0.030430575
       5     0.032783124
       6     0.031628426
       7     0.028577991
       8     0.022675789
       9     0.022448485
      10     0.012566609
      11     0.015557366
      12     0.010146254
      13   0.0223
 
       1      0.84409336
       2      0.84235443
       3      0.84341060
       4      0.84321702
       5      0.83966489
       6      0.84097739
       7      0.84555191
       8      0.84672091
       9      0.84290207
      10      0.84447126
      11      0.84642775
      12      0.84606157
      13   0.8438
 
       1    0.0022214681
       2    0.0037041326
       3    0.0045438059
       4    0.0052800498
       5    0.0057187633
       6    0.0055493069
       7    0.0050728349
       8    0.0040400775
       9    0.0039407293
      10    0.0022355660
      11    0.0027086490
      12    0.0017833611
      13   0.0039
 
       1      0.26185248
       2      0.27120057
       3      0.32148503
       4      0.34718028
       5      0.39021917
       6      0.40018095
       7      0.35752535
       8      0.32875912
       9      0.33098126
      10      0.30653208
      11      0.30502121
      12      0.27721742
      13   0.3248
 
