       1       481.04213
       2       442.53899
       3       478.29334
       4       448.11601
       5       490.25796
       6       466.32764
       7       520.59031
       8       511.07440
       9       453.17854
      10       476.92138
      11       479.82023
      12       471.64683
      13  5719.81
 
       1       290.16014
       2       271.49917
       3       290.76224
       4       276.61926
       5       302.33979
       6       282.16858
       7       311.58664
       8       312.19963
       9       282.76001
      10       297.11266
      11       295.64530
      12       289.48920
      13  3502.34
 
       1       37.453465
       2       34.034791
       3       37.355214
       4       34.128070
       5       36.625151
       6       35.653957
       7       40.049712
       8       37.968869
       9       34.712435
      10       35.740239
      11       35.812676
      12       36.027277
      13   435.56
 
       1       131.16234
       2       117.49377
       3       128.45654
       4       117.33273
       5       126.10340
       6       123.84189
       7       141.35267
       8       135.37144
       9       116.70017
      10       122.25945
      11       128.28431
      12       126.50277
      13  1514.86
 
       1       23.122033
       2       19.443139
       3       22.064385
       4       20.707478
       5       24.012454
       6       24.698579
       7       27.222196
       8       25.466719
       9       20.045877
      10       19.813169
      11       20.920620
      12       20.290266
      13   267.81
 
       1       6.0069272
       2       5.9130212
       3       5.8116842
       4       5.5279215
       5       5.8438282
       6       5.9982540
       7       6.6521625
       8       6.1950077
       9       5.7134410
      10       5.7310788
      11       5.8916668
      12       5.6946268
      13     5.91
 
       1 0.0
       2 0.0
       3 0.0
       4 0.0
       5 0.0
       6 0.0
       7 0.0
       8 0.0
       9 0.0
      10 0.0
      11 0.0
      12 0.0
      13 0.0
 
       1     0.024783793
       2     0.024781420
       3     0.024106027
       4     0.023017861
       5     0.024077790
       6     0.024257027
       7     0.026730380
       8     0.025598263
       9     0.024019928
      10     0.024015823
      11     0.024619297
      12     0.023697716
      13   0.0245
 
       1       1.0000000
       2       1.0000000
       3       1.0000000
       4       1.0000000
       5       1.0000000
       6       1.0000000
       7       1.0000000
       8       1.0000000
       9       1.0000000
      10       1.0000000
      11       1.0000000
      12       1.0000000
      13   1.0000
 
       1       0.0000000
       2       0.0000000
       3       0.0000000
       4       0.0000000
       5       0.0000000
       6       0.0000000
       7       0.0000000
       8       0.0000000
       9       0.0000000
      10       0.0000000
      11       0.0000000
      12       0.0000000
      13   0.0000
 
       1      0.72104704
       2      0.71938956
       3      0.69618969
       4      0.65797311
       5      0.63085894
       6      0.61047827
       7      0.64653591
       8      0.68126212
       9      0.70012901
      10      0.72029163
      11      0.72903796
      12      0.73507713
      13   0.6874
 
