       1       72.096231
       2       52.109079
       3       53.056133
       4       30.418457
       5       25.728198
       6       20.364114
       7       19.997617
       8       11.893583
       9       12.351006
      10       29.627122
      11       55.224150
      12       78.398335
      13   461.26
 
       1       37.693160
       2       29.809079
       3       30.191831
       4       19.432857
       5       17.727807
       6       13.382367
       7       12.576860
       8       8.2740918
       9       7.8207253
      10       16.256646
      11       29.349237
      12       39.079911
      13   261.59
 
       1       6.6197986
       2       4.4133383
       3       4.1847798
       4       2.1344840
       5       1.5885834
       6       1.2380929
       7       1.1064380
       8      0.62268200
       9      0.82534083
      10       2.2514955
      11       4.4412351
      12       6.9034432
      13    36.33
 
       1       23.209768
       2       15.927316
       3       16.810865
       4       8.1841407
       5       6.5823963
       6       6.4454347
       7       7.1495320
       8       3.6600323
       9       3.3162058
      10       9.1679263
      11       17.816843
      12       25.956556
      13   144.23
 
       1       4.1350040
       2       2.0695936
       3       2.8512721
       4       1.5329625
       5       1.4899241
       6       1.5993337
       7       1.7064769
       8      0.94471664
       9      0.75864010
      10       1.6449987
      11       2.7636075
      12       3.9685416
      13    25.47
 
       1       1.0004877
       2      0.73450366
       3      0.70494589
       4      0.37420663
       5      0.28389970
       6      0.25912143
       7      0.21988652
       8      0.12323007
       9      0.14435074
      10      0.34555098
      11      0.68679283
      12       1.0155320
      13     0.49
 
       1 0.0
       2 0.0
       3 0.0
       4 0.0
       5 0.0
       6 0.0
       7 0.0
       8 0.0
       9 0.0
      10 0.0
      11 0.0
      12 0.0
      13 0.0
 
       1     0.026395659
       2     0.020143957
       3     0.018835305
       4     0.010502392
       5    0.0082431874
       6    0.0071526157
       7    0.0059802586
       8    0.0036867965
       9    0.0041826801
      10    0.0091660478
      11     0.017631575
      12     0.025687201
      13   0.0131
 
       1       1.0000000
       2       1.0000000
       3       1.0000000
       4       1.0000000
       5       1.0000000
       6       1.0000000
       7       1.0000000
       8       1.0000000
       9       1.0000000
      10       1.0000000
      11       1.0000000
      12       1.0000000
      13   1.0000
 
       1       0.0000000
       2       0.0000000
       3       0.0000000
       4       0.0000000
       5       0.0000000
       6       0.0000000
       7       0.0000000
       8       0.0000000
       9       0.0000000
      10       0.0000000
      11       0.0000000
      12       0.0000000
      13   0.0000
 
       1      0.67334378
       2      0.61952063
       3      0.55208823
       4      0.48773890
       5      0.40436606
       6      0.36474279
       7      0.45615604
       8      0.50056291
       9      0.52943800
      10      0.55882594
      11      0.62328585
      12      0.70076044
      13   0.5392
 
