       1       16.093770
       2       9.2263084
       3       19.494812
       4       30.605924
       5       31.632910
       6       43.336246
       7       41.010095
       8       22.587226
       9       17.326604
      10       15.650429
      11       8.0678485
      12       6.0982553
      13   261.13
 
       1       10.132984
       2       6.7514619
       3       11.965872
       4       17.362847
       5       16.638316
       6       24.480616
       7       21.960672
       8       12.653295
       9       10.242702
      10       9.8718143
      11       5.9703779
      12       4.7756356
      13   152.81
 
       1       1.2161212
       2      0.98405709
       3       1.8902730
       4       2.7678489
       5       2.3570042
       6       3.2340068
       7       3.1199208
       8       1.8435172
       9       1.3788300
      10       1.3757103
      11      0.86592943
      12      0.61295202
      13    21.65
 
       1      0.73386071
       2       1.1333626
       3       2.1866272
       4       3.6151472
       5       3.7660701
       6       8.9955136
       7       14.650879
       8       4.6887186
       9       2.7092567
      10       1.1728826
      11      0.86061326
      12      0.74222895
      13    45.26
 
       1      0.23351414
       2      0.58497512
       3       1.6822006
       4       2.3875767
       5       3.0632848
       6       6.8822827
       7       6.3434801
       8       3.1623208
       9       2.2525940
      10      0.53756232
      11      0.15543466
      12      0.19079567
      13    27.48
 
       1      0.93975895
       2       1.2053609
       3       2.0100353
       4       3.9777531
       5       3.0059839
       6       4.2485777
       7       3.7339743
       8       2.0476989
       9       1.6106755
      10       1.4841021
      11      0.89220002
      12      0.50592132
      13     2.14
 
       1 0.0
       2 0.0
       3 0.0
       4 0.0
       5 0.0
       6 0.0
       7 0.0
       8 0.0
       9 0.0
      10 0.0
      11 0.0
      12 0.0
      13 0.0
 
       1     0.020682317
       2     0.025619013
       3     0.041915988
       4     0.087342426
       5     0.061094714
       6     0.084465187
       7     0.071631486
       8     0.038813584
       9     0.031286941
      10     0.031590646
      11     0.020288285
      12     0.011321796
      13   0.0438
 
       1      0.87572137
       2      0.87032762
       3      0.86976945
       4      0.87066584
       5      0.86949137
       6      0.86789479
       7      0.86484127
       8      0.86349279
       9      0.86477487
      10      0.87014108
      11      0.87428599
      12      0.87486744
      13   0.8697
 
       1    0.0027113999
       2    0.0034602142
       3    0.0056740587
       4     0.011437624
       5    0.0083464744
       6     0.011638725
       7     0.010075535
       8    0.0055365195
       9    0.0044166296
      10    0.0042413732
      11    0.0026275053
      12    0.0014866769
      13   0.0060
 
       1      0.86911870
       2      0.86477031
       3      0.89549716
       4      0.97685691
       5      0.97328056
       6      0.97641897
       7      0.97378502
       8      0.97514933
       9      0.97163280
      10      0.96677680
      11      0.95113853
      12      0.89805638
      13   0.9410
 
