       1       144.03728
       2       201.20872
       3       252.77264
       4       200.08258
       5       236.18929
       6       225.76813
       7       235.01872
       8       191.19291
       9       167.46518
      10       112.29053
      11       148.74898
      12       122.63235
      13  2237.41
 
       1       99.978944
       2       131.63257
       3       165.36628
       4       127.55780
       5       141.13744
       6       135.24186
       7       129.19252
       8       109.86688
       9       106.08169
      10       75.113388
      11       98.358274
      12       84.268481
      13  1403.80
 
       1       14.222391
       2       17.409422
       3       23.226873
       4       18.014710
       5       16.726048
       6       17.211901
       7       14.192462
       8       12.863019
       9       13.697834
      10       10.489878
      11       12.513382
      12       11.196816
      13   181.76
 
       1       21.547538
       2       23.665761
       3       30.811664
       4       27.803302
       5       27.681869
       6       49.910469
       7       49.338638
       8       32.910382
       9       21.469711
      10       14.435665
      11       18.912109
      12       16.375205
      13   334.86
 
       1       13.925798
       2       21.533285
       3       24.701831
       4       27.495742
       5       29.642731
       6       45.245686
       7       40.360471
       8       38.448664
       9       33.126061
      10       18.923429
      11       17.561103
      12       13.151650
      13   324.12
 
       1       12.642222
       2       19.591012
       3       27.960360
       4       26.173239
       5       32.738856
       6       36.018407
       7       28.075115
       8       22.454193
       9       23.070428
      10       14.330313
      11       14.112555
      12       10.697925
      13    22.32
 
       1 0.0
       2 0.0
       3 0.0
       4 0.0
       5 0.0
       6 0.0
       7 0.0
       8 0.0
       9 0.0
      10 0.0
      11 0.0
      12 0.0
      13 0.0
 
       1     0.012095930
       2     0.018852957
       3     0.027230411
       4     0.024587452
       5     0.030416453
       6     0.033721995
       7     0.025081284
       8     0.020153594
       9     0.020938725
      10     0.013205547
      11     0.013119779
      12     0.010069728
      13   0.0208
 
       1      0.93903632
       2      0.93891645
       3      0.93930218
       4      0.93839550
       5      0.93701977
       6      0.93727442
       7      0.93841328
       8      0.93955723
       9      0.93806819
      10      0.93878160
      11      0.93968182
      12      0.93924487
      13   0.9386
 
       1   0.00084548858
       2    0.0013072483
       3    0.0018699094
       4    0.0017361710
       5    0.0021650783
       6    0.0023820682
       7    0.0018301975
       8    0.0014693319
       9    0.0015169907
      10   0.00095115652
      11   0.00093616594
      12   0.00071355595
      13   0.0015
 
       1      0.25739264
       2      0.28198552
       3      0.32193505
       4      0.34725476
       5      0.35512140
       6      0.38894632
       7      0.32821434
       8      0.30757001
       9      0.31002014
      10      0.30012389
      11      0.28738954
      12      0.27999923
      13   0.3138
 
