       1       63.123926
       2       50.681689
       3       50.714876
       4       32.782508
       5       24.396911
       6       18.415490
       7       14.098120
       8       10.462874
       9       11.499922
      10       31.893820
      11       66.100620
      12       75.409910
      13   449.58
 
       1       33.705831
       2       26.091333
       3       29.113571
       4       19.612361
       5       16.551704
       6       11.856765
       7       9.3236265
       8       6.9565867
       9       7.5204794
      10       17.399995
      11       33.588105
      12       39.333373
      13   251.05
 
       1       5.4693068
       2       4.5668275
       3       4.1645545
       4       2.3896325
       5       1.5122933
       6       1.0903621
       7      0.77780157
       8      0.60967508
       9      0.72584167
      10       2.3776663
      11       5.6705035
      12       6.5194094
      13    35.87
 
       1       19.785790
       2       16.196353
       3       15.855903
       4       8.2894482
       5       6.7107729
       6       6.2664008
       7       4.9698917
       8       3.2678384
       9       3.0487746
      10       10.095671
      11       21.888149
      12       25.378375
      13   141.75
 
       1       3.2669750
       2       2.7354551
       3       2.3901565
       4       1.5413612
       5       1.3772617
       6       1.5101056
       7       1.3154188
       8      0.99232551
       9      0.76958683
      10       1.5698541
      11       3.4458903
      12       3.9322309
      13    24.85
 
       1      0.83632275
       2      0.79589448
       3      0.67996160
       4      0.37107031
       5      0.27747788
       6      0.23518655
       7      0.16278024
       8      0.11491380
       9      0.12676672
      10      0.37190669
      11      0.86435062
      12       1.0126785
      13     0.49
 
       1 0.0
       2 0.0
       3 0.0
       4 0.0
       5 0.0
       6 0.0
       7 0.0
       8 0.0
       9 0.0
      10 0.0
      11 0.0
      12 0.0
      13 0.0
 
       1     0.021918804
       2     0.020780077
       3     0.018449332
       4     0.010275802
       5    0.0078624609
       6    0.0062943334
       7    0.0044775571
       8    0.0033319418
       9    0.0037968794
      10    0.0095877859
      11     0.021995940
      12     0.026137747
      13   0.0129
 
       1       1.0000000
       2       1.0000000
       3       1.0000000
       4       1.0000000
       5       1.0000000
       6       1.0000000
       7       1.0000000
       8       1.0000000
       9       1.0000000
      10       1.0000000
      11       1.0000000
      12       1.0000000
      13   1.0000
 
       1       0.0000000
       2       0.0000000
       3       0.0000000
       4       0.0000000
       5       0.0000000
       6       0.0000000
       7       0.0000000
       8       0.0000000
       9       0.0000000
      10       0.0000000
      11       0.0000000
      12       0.0000000
      13   0.0000
 
       1      0.71134109
       2      0.69991155
       3      0.60100115
       4      0.48322682
       5      0.36999649
       6      0.32971472
       7      0.41087974
       8      0.51113300
       9      0.54573547
      10      0.58193252
      11      0.63629414
      12      0.67382013
      13   0.5462
 
