       1       153.81659
       2       146.12644
       3       217.46989
       4       193.29445
       5       268.69175
       6       222.76331
       7       242.44927
       8       183.70707
       9       144.66010
      10       123.62743
      11       108.81833
      12       181.66843
      13  2187.09
 
       1       102.49602
       2       100.26079
       3       141.82859
       4       121.33948
       5       163.76085
       6       131.19938
       7       136.08688
       8       106.76148
       9       91.017902
      10       81.281054
      11       74.827311
      12       122.26624
      13  1373.13
 
       1       13.148129
       2       14.492954
       3       18.687360
       4       14.535992
       5       17.754704
       6       15.916071
       7       14.445222
       8       12.118301
       9       11.208827
      10       10.258814
      11       9.7507440
      12       14.535054
      13   166.85
 
       1       18.760479
       2       19.120158
       3       29.737643
       4       23.235090
       5       36.356697
       6       46.693382
       7       51.077487
       8       31.549991
       9       19.863150
      10       14.099865
      11       15.241014
      12       21.135071
      13   326.87
 
       1       14.622339
       2       15.557588
       3       25.297331
       4       18.759693
       5       39.615409
       6       44.437556
       7       44.116717
       8       37.413382
       9       29.452287
      10       18.136681
      11       14.935237
      12       17.633847
      13   319.98
 
       1       13.078799
       2       16.935865
       3       24.729914
       4       27.342343
       5       41.471226
       6       35.562268
       7       31.259055
       8       23.861795
       9       20.176781
      10       15.368743
      11       11.810821
      12       13.376878
      13    22.91
 
       1 0.0
       2 0.0
       3 0.0
       4 0.0
       5 0.0
       6 0.0
       7 0.0
       8 0.0
       9 0.0
      10 0.0
      11 0.0
      12 0.0
      13 0.0
 
       1     0.012900066
       2     0.016641020
       3     0.024689179
       4     0.026332109
       5     0.040745708
       6     0.034731048
       7     0.029174616
       8     0.022128833
       9     0.018892875
      10     0.014573874
      11     0.011350423
      12     0.012986611
      13   0.0221
 
       1      0.84661151
       2      0.84404441
       3      0.84425715
       4      0.84337821
       5      0.84117727
       6      0.84329008
       7      0.84493041
       8      0.84487508
       9      0.84453536
      10      0.84420252
      11      0.84713843
      12      0.84471119
      13   0.8444
 
       1    0.0022366969
       2    0.0028901859
       3    0.0042280411
       4    0.0046237438
       5    0.0070498483
       6    0.0060110690
       7    0.0051740644
       8    0.0039537093
       9    0.0033683838
      10    0.0025914252
      11    0.0020088250
      12    0.0022673945
      13   0.0039
 
       1      0.28259847
       2      0.29691294
       3      0.32687152
       4      0.34385256
       5      0.39746587
       6      0.40178714
       7      0.35778625
       8      0.33079099
       9      0.31133804
      10      0.29045639
      11      0.28309031
      12      0.26705835
      13   0.3242
 
