       1       168.26471
       2       216.05958
       3       153.83617
       4       203.75792
       5       196.89123
       6       250.46488
       7       238.44637
       8       187.12568
       9       161.04700
      10       98.146467
      11       133.17284
      12       144.83261
      13  2152.05
 
       1       113.67075
       2       144.99990
       3       101.03494
       4       126.30485
       5       120.79867
       6       141.41861
       7       133.29957
       8       109.95731
       9       100.03625
      10       67.269191
      11       88.134716
      12       99.084435
      13  1346.01
 
       1       14.619867
       2       20.105829
       3       14.181156
       4       15.208473
       5       15.766205
       6       15.364871
       7       14.666491
       8       13.066351
       9       11.674688
      10       10.029697
      11       10.428063
      12       12.596186
      13   167.71
 
       1       17.325294
       2       27.377886
       3       20.571247
       4       26.289846
       5       30.823283
       6       46.773394
       7       45.729518
       8       33.470786
       9       20.618689
      10       13.368051
      11       15.642962
      12       18.939121
      13   316.93
 
       1       12.875880
       2       20.078211
       3       17.445476
       4       23.614502
       5       34.715451
       6       44.056138
       7       47.161241
       8       42.163900
       9       29.536503
      10       18.932018
      11       13.813805
      12       17.714739
      13   322.11
 
       1       13.022383
       2       24.818681
       3       20.560906
       4       30.984181
       5       31.403351
       6       35.751303
       7       32.213212
       8       25.130609
       9       21.358338
      10       13.739294
      11       12.330535
      12       12.075456
      13    22.78
 
       1 0.0
       2 0.0
       3 0.0
       4 0.0
       5 0.0
       6 0.0
       7 0.0
       8 0.0
       9 0.0
      10 0.0
      11 0.0
      12 0.0
      13 0.0
 
       1     0.016102388
       2     0.031639142
       3     0.025931326
       4     0.037890881
       5     0.038508833
       6     0.042824932
       7     0.038063721
       8     0.029686120
       9     0.025397845
      10     0.016702417
      11     0.014952724
      12     0.014953703
      13   0.0277
 
       1      0.89695604
       2      0.89560285
       3      0.89764799
       4      0.89574293
       5      0.89548686
       6      0.89480667
       7      0.89787266
       8      0.89924684
       9      0.89737613
      10      0.89747771
      11      0.89809311
      12      0.89783449
      13   0.8970
 
       1    0.0018565306
       2    0.0035718563
       3    0.0029581671
       4    0.0043950993
       5    0.0044531835
       6    0.0050013328
       7    0.0044780980
       8    0.0035045088
       9    0.0029913595
      10    0.0019516225
      11    0.0017484244
      12    0.0017241141
      13   0.0032
 
       1      0.27198173
       2      0.33588197
       3      0.33944266
       4      0.37019290
       5      0.38741705
       6      0.41082569
       7      0.36334349
       8      0.32875037
       9      0.33224296
      10      0.32184622
      11      0.29337718
      12      0.28678199
      13   0.3368
 
