       1       169.95474
       2       104.62407
       3       179.42173
       4       123.93329
       5       130.73488
       6       122.65923
       7       118.10014
       8       112.37743
       9       118.93295
      10       113.74814
      11       102.33451
      12       148.20501
      13  1545.03
 
       1       116.87941
       2       68.374369
       3       115.62279
       4       76.475590
       5       81.995281
       6       73.387401
       7       68.331139
       8       65.760039
       9       75.357007
      10       73.026317
      11       70.029325
      12       101.63528
      13   986.87
 
       1       16.098843
       2       8.1175134
       3       13.488206
       4       8.4887121
       5       8.3123572
       6       7.3086493
       7       6.4416114
       8       6.6918980
       9       8.6024732
      10       8.0137546
      11       8.3306977
      12       13.630854
      13   113.53
 
       1       18.469525
       2       9.6181185
       3       13.887718
       4       11.232073
       5       10.104450
       6       14.375680
       7       14.306941
       8       15.036511
       9       10.117353
      10       8.9566999
      11       9.6450447
      12       16.413675
      13   152.16
 
       1       16.282045
       2       9.8396001
       3       17.565829
       4       15.125067
       5       13.824795
       6       15.035736
       7       17.313465
       8       22.975953
       9       23.439281
      10       19.765511
      11       15.218911
      12       14.427407
      13   200.81
 
       1       11.932686
       2       9.1824024
       3       16.988883
       4       14.443262
       5       18.218974
       6       18.085543
       7       15.175235
       8       14.300876
       9       15.269793
      10       11.536161
      11       9.3390875
      12       10.587863
      13    13.76
 
       1 0.0
       2 0.0
       3 0.0
       4 0.0
       5 0.0
       6 0.0
       7 0.0
       8 0.0
       9 0.0
      10 0.0
      11 0.0
      12 0.0
      13 0.0
 
       1      0.15883559
       2      0.11800825
       3      0.21875846
       4      0.18152779
       5      0.22890550
       6      0.22412117
       7      0.18498386
       8      0.17409542
       9      0.18869436
      10      0.14257872
      11      0.11990909
      12      0.13952671
      13   0.1733
 
       1      0.92622763
       2      0.92617960
       3      0.92579704
       4      0.92586816
       5      0.92514807
       6      0.92409511
       7      0.92585809
       8      0.92595613
       9      0.92562370
      10      0.92546805
      11      0.92718433
      12      0.92681761
      13   0.9259
 
       1     0.012033164
       2    0.0091715988
       3     0.016890937
       4     0.014268561
       5     0.017985703
       6     0.017739487
       7     0.014753634
       8     0.013903481
       9     0.014957983
      10     0.011339856
      11    0.0093379392
      12     0.010652057
      13   0.0136
 
       1      0.73416219
       2      0.64021290
       3      0.81437187
       4      0.74304815
       5      0.79604899
       6      0.87145429
       7      0.81176153
       8      0.80220534
       9      0.81136461
      10      0.76187467
      11      0.67805061
      12      0.67336638
      13   0.7615
 
