       1       9.3699680
       2       13.559749
       3       16.422262
       4       16.902122
       5       38.661669
       6       48.868991
       7       46.349154
       8       28.562874
       9       18.866299
      10       12.379725
      11       9.6649708
      12       9.1580516
      13   268.77
 
       1       6.9839508
       2       9.8778489
       3       11.668792
       4       10.971220
       5       20.934219
       6       24.036368
       7       24.127013
       8       16.184914
       9       11.131109
      10       7.9128248
      11       6.7209320
      12       6.5987242
      13   157.15
 
       1      0.94285713
       2       1.6596034
       3       2.3317870
       4       2.5796968
       5       3.1478609
       6       3.1155344
       7       3.1526470
       8       2.2719318
       9       1.4701947
      10       1.0583279
      11      0.87043196
      12      0.83713802
      13    23.44
 
       1      0.42919753
       2       2.8445029
       3       4.1922741
       4       3.3942909
       5       5.8672863
       6       14.940185
       7       15.935468
       8       8.7235452
       9       3.2212510
      10      0.99405867
      11      0.77710609
      12      0.44554596
      13    61.76
 
       1      0.18638081
       2       1.9569230
       3       2.8585048
       4       3.1805088
       5       3.4562143
       6       7.3803012
       7       6.8722548
       8       5.4524709
       9       2.3277624
      10      0.65997555
      11     0.098330517
      12     0.074776736
      13    34.50
 
       1      0.66298085
       2       1.8895048
       3       2.4591792
       4       3.4731851
       5       4.2640032
       6       4.2834594
       7       3.6978619
       8       2.6052598
       9       1.7159531
      10       1.0292674
      11      0.83957768
      12      0.59758774
      13     2.29
 
       1 0.0
       2 0.0
       3 0.0
       4 0.0
       5 0.0
       6 0.0
       7 0.0
       8 0.0
       9 0.0
      10 0.0
      11 0.0
      12 0.0
      13 0.0
 
       1     0.018935540
       2     0.052876128
       3     0.066106935
       4     0.094355356
       5      0.11288899
       6      0.10754120
       7     0.089131094
       8     0.063064318
       9     0.042498493
      10     0.027101233
      11     0.023870623
      12     0.016984296
      13   0.0596
 
       1      0.88344107
       2      0.88085145
       3      0.87983001
       4      0.87853078
       5      0.87870680
       6      0.87842499
       7      0.87719770
       8      0.87646720
       9      0.87544186
      10      0.87966009
      11      0.88301300
      12      0.88451799
      13   0.8797
 
       1    0.0022838904
       2    0.0064431592
       3    0.0081672157
       4     0.011629085
       5     0.013940799
       6     0.013527634
       7     0.011430809
       8    0.0081292839
       9    0.0054432385
      10    0.0033866280
      11    0.0028904458
      12    0.0020549011
      13   0.0074
 
       1      0.90048008
       2      0.92024536
       3      0.92716202
       4      0.96901929
       5      0.98368467
       6      0.98702240
       7      0.97709064
       8      0.97558961
       9      0.98493155
      10      0.95979971
      11      0.96781239
      12      0.85463682
      13   0.9506
 
