       1       66.912402
       2       44.238324
       3       45.021874
       4       32.209737
       5       24.196311
       6       16.687842
       7       12.222888
       8       8.0679932
       9       11.704066
      10       23.206885
      11       51.422327
      12       68.242474
      13   404.13
 
       1       34.929336
       2       25.874290
       3       26.569733
       4       20.557626
       5       15.725789
       6       11.175438
       7       8.2097970
       8       5.6006592
       9       7.7941063
      10       13.458300
      11       25.331974
      12       34.500453
      13   229.73
 
       1       6.0905984
       2       3.7614392
       3       3.6364094
       4       2.2858783
       5       1.5180325
       6       1.0004925
       7      0.69606761
       8      0.45997920
       9      0.72002307
      10       1.7095514
      11       4.3483884
      12       5.9578197
      13    32.18
 
       1       20.947462
       2       13.763303
       3       12.532021
       4       9.1832062
       5       6.7141231
       6       5.0670594
       7       4.3009952
       8       2.2752430
       9       2.7749361
      10       6.5731455
      11       14.517778
      12       21.912989
      13   120.56
 
       1       3.7614024
       2       2.1179558
       3       2.2240186
       4       1.5748377
       5       1.3663120
       6       1.3406263
       7       1.1872417
       8      0.71995188
       9      0.64433486
      10       1.2735538
      11       2.8252091
      12       3.6845012
      13    22.72
 
       1      0.96637817
       2      0.67662990
       3      0.61864357
       4      0.40915611
       5      0.27336613
       6      0.20351499
       7      0.14697304
       8     0.088708845
       9      0.12695632
      10      0.26152150
      11      0.65401968
      12      0.85767475
      13     0.44
 
       1 0.0
       2 0.0
       3 0.0
       4 0.0
       5 0.0
       6 0.0
       7 0.0
       8 0.0
       9 0.0
      10 0.0
      11 0.0
      12 0.0
      13 0.0
 
       1     0.025637298
       2     0.019396097
       3     0.017277749
       4     0.011694239
       5    0.0076280707
       6    0.0057697430
       7    0.0040685709
       8    0.0025619484
       9    0.0037174625
      10    0.0071536953
      11     0.016572794
      12     0.021988246
      13   0.0120
 
       1       1.0000000
       2       1.0000000
       3       1.0000000
       4       1.0000000
       5       1.0000000
       6       1.0000000
       7       1.0000000
       8       1.0000000
       9       1.0000000
      10       1.0000000
      11       1.0000000
      12       1.0000000
      13   1.0000
 
       1       0.0000000
       2       0.0000000
       3       0.0000000
       4       0.0000000
       5       0.0000000
       6       0.0000000
       7       0.0000000
       8       0.0000000
       9       0.0000000
      10       0.0000000
      11       0.0000000
      12       0.0000000
      13   0.0000
 
       1      0.72524084
       2      0.65322672
       3      0.54434361
       4      0.49067569
       5      0.40086172
       6      0.38066428
       7      0.43993086
       8      0.51468483
       9      0.47896280
      10      0.56568776
      11      0.62275504
      12      0.66255235
      13   0.5400
 
