       1       27.434464
       2       24.615048
       3       26.609603
       4       19.015995
       5       18.449263
       6       19.609303
       7       17.542081
       8       15.273349
       9       11.950808
      10       12.986206
      11       17.875673
      12       24.871616
      13   236.23
 
       1       14.214560
       2       13.009523
       3       14.461102
       4       11.043618
       5       10.973637
       6       12.158366
       7       10.768009
       8       9.1517352
       9       7.2755874
      10       7.3502544
      11       9.4031529
      12       12.858785
      13   132.67
 
       1       2.1727497
       2       2.1499184
       3       2.2341353
       4       1.5775691
       5       1.5448273
       6       1.5449916
       7       1.3772534
       8       1.0951810
       9      0.92990338
      10       1.0855080
      11       1.4050109
      12       1.8574052
      13    18.97
 
       1       8.9674500
       2       8.6717286
       3       8.0788229
       4       5.4604660
       5       5.2108956
       6       5.7519638
       7       5.4882470
       8       4.9190531
       9       3.4850405
      10       4.0084501
      11       5.7190463
      12       7.8677138
      13    73.63
 
       1       1.6472125
       2       1.5393208
       3       1.7049091
       4      0.92547429
       5      0.81980737
       6      0.69935284
       7      0.67347660
       8      0.80279434
       9      0.85160090
      10       1.1173564
      11       1.3138913
      12       1.6935751
      13    13.79
 
       1      0.36485795
       2      0.40373901
       3      0.39934303
       4      0.32800017
       5      0.34322864
       6      0.37843297
       7      0.33182309
       8      0.25724940
       9      0.21405353
      10      0.20156775
      11      0.25430386
      12      0.32943957
      13     0.32
 
       1 0.0
       2 0.0
       3 0.0
       4 0.0
       5 0.0
       6 0.0
       7 0.0
       8 0.0
       9 0.0
      10 0.0
      11 0.0
      12 0.0
      13 0.0
 
       1     0.013692934
       2     0.015118489
       3     0.015382543
       4     0.012735600
       5     0.013513058
       6     0.016007071
       7     0.013960959
       8     0.011031511
       9    0.0088294244
      10    0.0077385013
      11    0.0095648257
      12     0.012033854
      13   0.0125
 
       1       1.0000000
       2       1.0000000
       3       1.0000000
       4       1.0000000
       5       1.0000000
       6       1.0000000
       7       1.0000000
       8       1.0000000
       9       1.0000000
      10       1.0000000
      11       1.0000000
      12       1.0000000
      13   1.0000
 
       1       0.0000000
       2       0.0000000
       3       0.0000000
       4       0.0000000
       5       0.0000000
       6       0.0000000
       7       0.0000000
       8       0.0000000
       9       0.0000000
      10       0.0000000
      11       0.0000000
      12       0.0000000
      13   0.0000
 
       1      0.25016287
       2      0.30209304
       3      0.22933642
       4      0.17173914
       5      0.13498813
       6      0.10275950
       7      0.14546718
       8      0.18301886
       9      0.17352129
      10      0.22865120
      11      0.29328629
      12      0.27099160
      13   0.2072
 
