       1       9.6272027
       2       10.766901
       3       17.428163
       4       23.227793
       5       40.859885
       6       43.396405
       7       50.133748
       8       32.982757
       9       20.014476
      10       13.920353
      11       7.9860629
      12       6.5747948
      13   276.92
 
       1       6.1515650
       2       6.9724390
       3       12.043494
       4       14.965874
       5       21.863132
       6       23.309449
       7       25.949981
       8       17.625388
       9       11.661081
      10       9.1430299
      11       6.0620517
      12       4.9597413
      13   160.71
 
       1      0.63387409
       2      0.89004686
       3       2.0497143
       4       2.9750089
       5       3.4497802
       6       3.0351139
       7       3.2634551
       8       2.4092651
       9       1.4647226
      10       1.2294853
      11      0.94793690
      12      0.62205467
      13    22.97
 
       1      0.74943077
       2      0.82821788
       3       3.4541594
       4       4.6446695
       5       7.2452373
       6       10.464938
       7       18.132001
       8       11.385565
       9       4.1706454
      10       1.0581110
      11       1.2802530
      12      0.65209670
      13    64.07
 
       1      0.17184714
       2      0.25318462
       3       1.4957312
       4       3.2954430
       5       4.9025387
       6       7.0224831
       7       6.9391282
       8       5.9345054
       9       2.4799210
      10      0.78030327
      11      0.15714064
      12     0.089394238
      13    33.52
 
       1      0.64174127
       2      0.97822840
       3       3.1373066
       4       4.7353806
       5       4.4509657
       6       4.1670539
       7       3.9337449
       8       2.7278186
       9       1.7650429
      10       1.3424514
      11      0.94869543
      12      0.55097246
      13     2.45
 
       1 0.0
       2 0.0
       3 0.0
       4 0.0
       5 0.0
       6 0.0
       7 0.0
       8 0.0
       9 0.0
      10 0.0
      11 0.0
      12 0.0
      13 0.0
 
       1     0.016840589
       2     0.025580203
       3     0.083596681
       4      0.13051616
       5      0.11817229
       6      0.10333938
       7     0.093701078
       8     0.064792888
       9     0.043001647
      10     0.035649155
      11     0.026993132
      12     0.015367851
      13   0.0631
 
       1      0.85021941
       2      0.84768054
       3      0.84724732
       4      0.84990101
       5      0.85049381
       6      0.84924303
       7      0.84690436
       8      0.84617039
       9      0.84614455
      10      0.85192886
      11      0.85192523
      12      0.85433404
      13   0.8493
 
       1    0.0026434818
       2    0.0040029713
       3     0.012911730
       4     0.019774081
       5     0.018105138
       6     0.016298532
       7     0.015034813
       8     0.010484600
       9    0.0069122210
      10    0.0055383463
      11    0.0040640128
      12    0.0023440459
      13   0.0098
 
       1      0.78211428
       2      0.87215847
       3      0.95964417
       4      0.98100047
       5      0.98427614
       6      0.98303234
       7      0.97799463
       8      0.97708090
       9      0.97465230
      10      0.93793278
      11      0.95641733
      12      0.91399498
      13   0.9417
 
