       1       176.35701
       2       125.64183
       3       195.94891
       4       167.69418
       5       226.29895
       6       224.25495
       7       225.40260
       8       190.19793
       9       144.08952
      10       109.73623
      11       161.66817
      12       202.70016
      13  2149.99
 
       1       120.65433
       2       85.675771
       3       124.06139
       4       108.34060
       5       139.41724
       6       131.60192
       7       128.63159
       8       110.49595
       9       90.452252
      10       73.741496
      11       107.19376
      12       139.77239
      13  1360.04
 
       1       15.595391
       2       12.432050
       3       14.604639
       4       14.356862
       5       16.492184
       6       14.710603
       7       13.996106
       8       12.822798
       9       10.819252
      10       9.5866036
      11       12.574775
      12       18.538398
      13   166.53
 
       1       20.599509
       2       15.625382
       3       21.731251
       4       24.724905
       5       32.070031
       6       42.533701
       7       42.476509
       8       32.098770
       9       19.017652
      10       14.694834
      11       15.276909
      12       26.496102
      13   307.35
 
       1       18.774541
       2       13.508350
       3       18.019315
       4       22.406282
       5       33.672471
       6       39.054045
       7       43.226770
       8       39.749304
       9       27.873856
      10       19.414109
      11       19.933494
      12       22.396834
      13   318.03
 
       1       14.282113
       2       14.569401
       3       22.753914
       4       27.011656
       5       34.056219
       6       33.258225
       7       30.926152
       8       24.272730
       9       19.899912
      10       14.419140
      11       13.971460
      12       15.438608
      13    22.07
 
       1 0.0
       2 0.0
       3 0.0
       4 0.0
       5 0.0
       6 0.0
       7 0.0
       8 0.0
       9 0.0
      10 0.0
      11 0.0
      12 0.0
      13 0.0
 
       1     0.017561110
       2     0.017773436
       3     0.027349908
       4     0.032734977
       5     0.041009065
       6     0.039649256
       7     0.036251917
       8     0.028039599
       9     0.023308851
      10     0.016970040
      11     0.016840844
      12     0.019053332
      13   0.0264
 
       1      0.86202771
       2      0.86115333
       3      0.86048261
       4      0.86118111
       5      0.85947221
       6      0.86118367
       7      0.86292325
       8      0.86268879
       9      0.86122515
      10      0.86171304
      11      0.86348562
      12      0.86297821
      13   0.8617
 
       1    0.0026603227
       2    0.0027117023
       3    0.0041984901
       4    0.0050065332
       5    0.0062770875
       6    0.0060904093
       7    0.0056089498
       8    0.0043753240
       9    0.0036220167
      10    0.0026453836
      11    0.0025795696
      12    0.0028702805
      13   0.0041
 
       1      0.30711646
       2      0.31198527
       3      0.33311677
       4      0.37399572
       5      0.39550562
       6      0.40212127
       7      0.36369569
       8      0.33869711
       9      0.32663446
      10      0.30706023
      11      0.29592117
      12      0.30184231
      13   0.3381
 
