       1       487.97958
       2       471.14256
       3       492.11442
       4       489.71501
       5       526.49974
       6       511.19506
       7       519.35593
       8       508.44075
       9       472.98994
      10       468.53105
      11       490.79303
      12       456.70194
      13  5895.46
 
       1       290.26165
       2       284.97885
       3       301.12677
       4       299.08672
       5       324.00115
       6       309.36316
       7       314.74751
       8       308.33793
       9       293.98062
      10       288.80534
      11       297.12924
      12       279.15555
      13  3590.97
 
       1       37.905351
       2       36.447856
       3       37.810268
       4       36.896436
       5       38.613443
       6       38.211457
       7       39.206504
       8       38.692480
       9       35.980344
      10       35.380896
      11       36.794685
      12       34.413727
      13   446.35
 
       1       136.72134
       2       129.27162
       3       131.18935
       4       129.37982
       5       138.06344
       6       137.08738
       7       138.35192
       8       137.01516
       9       121.50487
      10       123.41780
      11       133.37468
      12       124.04020
      13  1579.42
 
       1       23.175034
       2       20.791449
       3       22.634459
       4       23.938549
       5       26.085624
       6       26.846009
       7       25.103553
       8       25.875203
       9       21.319346
      10       21.259183
      11       22.420539
      12       18.978325
      13   278.43
 
       1       6.0126626
       2       6.4763757
       3       5.8583769
       4       5.9874341
       5       6.0620577
       6       6.3544477
       7       6.3927785
       8       6.2757419
       9       5.9464619
      10       5.5406283
      11       6.0431881
      12       5.5341729
      13     6.04
 
       1 0.0
       2 0.0
       3 0.0
       4 0.0
       5 0.0
       6 0.0
       7 0.0
       8 0.0
       9 0.0
      10 0.0
      11 0.0
      12 0.0
      13 0.0
 
       1     0.024543878
       2     0.026667461
       3     0.024470325
       4     0.024733563
       5     0.025193983
       6     0.025803903
       7     0.026138586
       8     0.025530467
       9     0.024962852
      10     0.022948294
      11     0.024812556
      12     0.022912596
      13   0.0249
 
       1       1.0000000
       2       1.0000000
       3       1.0000000
       4       1.0000000
       5       1.0000000
       6       1.0000000
       7       1.0000000
       8       1.0000000
       9       1.0000000
      10       1.0000000
      11       1.0000000
      12       1.0000000
      13   1.0000
 
       1       0.0000000
       2       0.0000000
       3       0.0000000
       4       0.0000000
       5       0.0000000
       6       0.0000000
       7       0.0000000
       8       0.0000000
       9       0.0000000
      10       0.0000000
      11       0.0000000
      12       0.0000000
      13   0.0000
 
       1      0.72921763
       2      0.72730217
       3      0.67904738
       4      0.64686862
       5      0.60677527
       6      0.61077666
       7      0.65079856
       8      0.68163486
       9      0.67342161
      10      0.69150457
      11      0.70190359
      12      0.71237799
      13   0.6760
 
