       1       25.754928
       2       27.477504
       3       25.182036
       4       17.781194
       5       20.220264
       6       18.953622
       7       18.435195
       8       15.543037
       9       11.697255
      10       14.982165
      11       20.323787
      12       28.143463
      13   244.49
 
       1       13.395327
       2       14.178363
       3       13.953145
       4       10.033668
       5       11.883625
       6       11.116419
       7       10.762400
       8       9.1992297
       9       6.9691359
      10       8.4475918
      11       10.512453
      12       14.349744
      13   134.80
 
       1       2.0287293
       2       2.4639841
       3       2.0624286
       4       1.4331251
       5       1.6633603
       6       1.4586636
       7       1.3726605
       8       1.1907484
       9      0.92583837
      10       1.2067572
      11       1.6527581
      12       2.2557799
      13    19.71
 
       1       8.3941837
       2       9.3199400
       3       7.3484552
       4       5.4429261
       5       5.9019697
       6       5.6117379
       7       5.8896542
       8       5.1077411
       9       3.9231960
      10       4.6623861
      11       6.5475632
      12       9.2195624
      13    77.37
 
       1       1.5564453
       2       1.4205616
       3       1.8090972
       4      0.75288335
       5      0.97645933
       6      0.81444178
       7      0.84039981
       8      0.87467423
       9      0.86664325
      10       1.3356441
      11       1.3615148
      12       1.6605677
      13    14.27
 
       1      0.35158108
       2      0.46974035
       3      0.36626493
       4      0.29549547
       5      0.35816181
       6      0.33360962
       7      0.31275435
       8      0.26779906
       9      0.20317917
      10      0.22576313
      11      0.28608459
      12      0.38829593
      13     0.32
 
       1 0.0
       2 0.0
       3 0.0
       4 0.0
       5 0.0
       6 0.0
       7 0.0
       8 0.0
       9 0.0
      10 0.0
      11 0.0
      12 0.0
      13 0.0
 
       1     0.012919457
       2     0.017765172
       3     0.014283480
       4     0.011633131
       5     0.014010202
       6     0.013294370
       7     0.012765151
       8     0.011101134
       9    0.0083604838
      10    0.0088009463
      11     0.010784629
      12     0.014383606
      13   0.0125
 
       1       1.0000000
       2       1.0000000
       3       1.0000000
       4       1.0000000
       5       1.0000000
       6       1.0000000
       7       1.0000000
       8       1.0000000
       9       1.0000000
      10       1.0000000
      11       1.0000000
      12       1.0000000
      13   1.0000
 
       1       0.0000000
       2       0.0000000
       3       0.0000000
       4       0.0000000
       5       0.0000000
       6       0.0000000
       7       0.0000000
       8       0.0000000
       9       0.0000000
      10       0.0000000
      11       0.0000000
      12       0.0000000
      13   0.0000
 
       1      0.27687567
       2      0.34008765
       3      0.26517639
       4      0.23064401
       5      0.21246745
       6      0.21795555
       7      0.20300775
       8      0.25081560
       9      0.24181550
      10      0.30897592
      11      0.33126348
      12      0.34803518
      13   0.2689
 
