       1       144.34919
       2       192.39866
       3       151.94739
       4       102.44246
       5       178.27707
       6       115.92721
       7       137.60144
       8       116.92083
       9       124.15756
      10       70.894630
      11       64.807131
      12       62.788165
      13  1462.51
 
       1       101.13734
       2       126.94638
       3       99.203823
       4       65.049310
       5       108.33432
       6       69.032838
       7       76.673382
       8       66.160954
       9       77.211821
      10       46.792813
      11       45.001444
      12       44.504371
      13   926.05
 
       1       13.506661
       2       15.583976
       3       12.928785
       4       7.0768962
       5       10.086848
       6       6.6640221
       7       6.9342517
       8       6.6054042
       9       8.2663773
      10       5.8101959
      11       5.3117339
      12       5.2510400
      13   104.03
 
       1       14.686425
       2       15.891144
       3       14.907464
       4       7.9955886
       5       15.723012
       6       12.920764
       7       17.370879
       8       13.566078
       9       12.195856
      10       6.2421766
      11       5.8981744
      12       5.3880777
      13   142.79
 
       1       10.392744
       2       14.659961
       3       15.611223
       4       12.485404
       5       18.646725
       6       15.147329
       7       22.312756
       8       23.400687
       9       27.088638
      10       13.449992
      11       8.9704889
      12       6.4294316
      13   188.60
 
       1       10.862291
       2       16.582884
       3       15.811631
       4       12.686321
       5       24.570694
       6       17.376230
       7       18.242809
       8       14.761799
       9       16.815459
      10       8.0330654
      11       6.4577977
      12       4.9002097
      13    13.93
 
       1 0.0
       2 0.0
       3 0.0
       4 0.0
       5 0.0
       6 0.0
       7 0.0
       8 0.0
       9 0.0
      10 0.0
      11 0.0
      12 0.0
      13 0.0
 
       1      0.11723414
       2      0.17875980
       3      0.17017329
       4      0.12910124
       5      0.25584117
       6      0.17717062
       7      0.18335705
       8      0.14829472
       9      0.17146668
      10     0.080268582
      11     0.064875795
      12     0.049369662
      13   0.1438
 
       1      0.87192324
       2      0.87351944
       3      0.87419115
       4      0.87263115
       5      0.87195621
       6      0.87044393
       7      0.87296157
       8      0.87320281
       9      0.87280252
      10      0.87336395
      11      0.87253696
      12      0.87541769
      13   0.8729
 
       1     0.015402208
       2     0.023399191
       3     0.022338707
       4     0.017637126
       5     0.034242691
       6     0.024098388
       7     0.025053585
       8     0.020317886
       9     0.023274471
      10     0.011146143
      11    0.0089986201
      12    0.0068508492
      13   0.0194
 
       1      0.68986479
       2      0.77770648
       3      0.76420330
       4      0.75598818
       5      0.81260152
       6      0.82859822
       7      0.77928140
       8      0.79483723
       9      0.81128019
      10      0.69676691
      11      0.64170523
      12      0.57136549
      13   0.7437
 
