       1       480.91645
       2       452.58135
       3       478.35064
       4       495.49620
       5       522.42793
       6       526.08265
       7       550.24747
       8       514.32548
       9       486.25695
      10       447.56771
      11       429.14579
      12       497.64477
      13  5881.04
 
       1       289.31303
       2       273.14596
       3       290.44857
       4       306.27460
       5       318.84592
       6       320.00167
       7       333.32890
       8       317.02262
       9       304.64101
      10       281.23434
      11       260.40298
      12       298.20628
      13  3592.87
 
       1       37.021816
       2       35.274230
       3       36.242079
       4       37.268820
       5       38.673590
       6       39.128134
       7       41.664974
       8       39.400915
       9       37.749130
      10       33.770205
      11       32.739634
      12       38.355656
      13   447.29
 
       1       132.61671
       2       123.85167
       3       129.57259
       4       129.66016
       5       136.95215
       6       141.15968
       7       149.70831
       8       132.38256
       9       124.47347
      10       113.50123
      11       113.68413
      12       137.71559
      13  1565.28
 
       1       22.196439
       2       19.714691
       3       22.410192
       4       22.497608
       5       26.579619
       6       25.531648
       7       26.451757
       8       23.535735
       9       21.398777
      10       19.202466
      11       20.522978
      12       25.106998
      13   275.15
 
       1       5.9957908
       2       6.1675371
       3       5.7095516
       4       6.1566587
       5       6.1125449
       6       6.5040592
       7       6.7894941
       8       6.3754570
       9       6.3472832
      10       5.3461157
      11       5.2645730
      12       6.1506485
      13     6.08
 
       1 0.0
       2 0.0
       3 0.0
       4 0.0
       5 0.0
       6 0.0
       7 0.0
       8 0.0
       9 0.0
      10 0.0
      11 0.0
      12 0.0
      13 0.0
 
       1     0.024568010
       2     0.025408778
       3     0.023410463
       4     0.025581125
       5     0.025133071
       6     0.026564494
       7     0.027687352
       8     0.026373546
       9     0.026681277
      10     0.022694688
      11     0.021734076
      12     0.024919834
      13   0.0251
 
       1       1.0000000
       2       1.0000000
       3       1.0000000
       4       1.0000000
       5       1.0000000
       6       1.0000000
       7       1.0000000
       8       1.0000000
       9       1.0000000
      10       1.0000000
      11       1.0000000
      12       1.0000000
      13   1.0000
 
       1       0.0000000
       2       0.0000000
       3       0.0000000
       4       0.0000000
       5       0.0000000
       6       0.0000000
       7       0.0000000
       8       0.0000000
       9       0.0000000
      10       0.0000000
      11       0.0000000
      12       0.0000000
      13   0.0000
 
       1      0.73262794
       2      0.71069654
       3      0.68278653
       4      0.64808663
       5      0.60248296
       6      0.60656456
       7      0.64472721
       8      0.67716962
       9      0.68034430
      10      0.70487537
      11      0.72279506
      12      0.74222750
      13   0.6796
 
