       1       138.85569
       2       119.05936
       3       185.36594
       4       171.10662
       5       222.78822
       6       261.05716
       7       223.17250
       8       214.84683
       9       145.35742
      10       113.00869
      11       125.14430
      12       152.37649
      13  2072.14
 
       1       96.694976
       2       78.509100
       3       119.16118
       4       107.57292
       5       137.15328
       6       152.97719
       7       127.95859
       8       123.50476
       9       93.997531
      10       74.983995
      11       84.750432
      12       102.51382
      13  1299.78
 
       1       13.740353
       2       9.6025778
       3       14.993045
       4       13.724155
       5       16.378896
       6       16.382178
       7       14.860825
       8       13.417703
       9       11.744109
      10       9.8119583
      11       10.591559
      12       12.686767
      13   157.93
 
       1       17.117245
       2       12.171899
       3       24.216442
       4       22.996500
       5       31.334609
       6       45.404137
       7       44.878126
       8       34.965426
       9       21.187115
      10       12.736533
      11       15.226112
      12       19.462815
      13   301.70
 
       1       14.277113
       2       11.001579
       3       18.333058
       4       19.530873
       5       32.936392
       6       47.929578
       7       47.451033
       8       41.717930
       9       32.011979
      10       17.211571
      11       14.468108
      12       16.451360
      13   313.32
 
       1       12.044954
       2       12.331345
       3       22.377655
       4       26.395819
       5       34.057228
       6       39.492548
       7       31.392519
       8       26.864455
       9       21.694482
      10       13.708167
      11       13.076593
      12       12.378369
      13    22.15
 
       1 0.0
       2 0.0
       3 0.0
       4 0.0
       5 0.0
       6 0.0
       7 0.0
       8 0.0
       9 0.0
      10 0.0
      11 0.0
      12 0.0
      13 0.0
 
       1     0.014766669
       2     0.014513957
       3     0.027039517
       4     0.031987492
       5     0.040907916
       6     0.047602760
       7     0.036916118
       8     0.031018889
       9     0.025793326
      10     0.016185757
      11     0.015855159
      12     0.015124381
      13   0.0265
 
       1      0.86329577
       2      0.86102348
       3      0.86238201
       4      0.86217072
       5      0.86130602
       6      0.86227130
       7      0.86307965
       8      0.86446456
       9      0.86139324
      10      0.86145930
      11      0.86394873
      12      0.86441653
      13   0.8626
 
       1    0.0022459322
       2    0.0022644132
       3    0.0041390037
       4    0.0048983187
       5    0.0062734134
       6    0.0072583217
       7    0.0056993203
       8    0.0048343221
       9    0.0039703059
      10    0.0025165067
      11    0.0024282466
      12    0.0023020454
      13   0.0041
 
       1      0.28963186
       2      0.28024889
       3      0.32785689
       4      0.37283890
       5      0.38839930
       6      0.40302889
       7      0.37194061
       8      0.33633570
       9      0.33242369
      10      0.32422740
      11      0.30974558
      12      0.29906507
      13   0.3363
 
