       1       469.73038
       2       445.48314
       3       490.12154
       4       478.90793
       5       537.98892
       6       489.09019
       7       511.81422
       8       538.54972
       9       488.93595
      10       466.11160
      11       445.99370
      12       477.76633
      13  5840.49
 
       1       282.25205
       2       272.48682
       3       300.73709
       4       294.82872
       5       331.68321
       6       296.77831
       7       305.68028
       8       332.27731
       9       307.23702
      10       288.50519
      11       272.75571
      12       289.46779
      13  3574.69
 
       1       36.382889
       2       34.456893
       3       37.606660
       4       35.695693
       5       40.162359
       6       37.008836
       7       39.063369
       8       41.342338
       9       37.108313
      10       35.708741
      11       34.433679
      12       36.311788
      13   445.28
 
       1       130.00872
       2       118.14164
       3       129.10835
       4       125.78045
       5       138.01000
       6       130.17972
       7       139.05236
       8       140.90740
       9       125.48700
      10       120.34876
      11       118.31571
      12       131.79791
      13  1547.14
 
       1       21.889936
       2       20.113538
       3       23.033731
       4       23.075925
       5       26.131151
       6       25.294701
       7       27.020596
       8       24.322258
       9       20.969661
      10       20.043157
      11       19.864755
      12       21.754336
      13   273.51
 
       1       5.8787544
       2       6.0797981
       3       5.9381128
       4       5.7121485
       5       6.3375904
       6       6.2474683
       7       6.5319715
       8       6.6749021
       9       6.1554495
      10       5.6974949
      11       5.5503690
      12       5.8939426
      13     6.06
 
       1 0.0
       2 0.0
       3 0.0
       4 0.0
       5 0.0
       6 0.0
       7 0.0
       8 0.0
       9 0.0
      10 0.0
      11 0.0
      12 0.0
      13 0.0
 
       1     0.024022647
       2     0.025130964
       3     0.024694701
       4     0.023785149
       5     0.026255875
       6     0.025354835
       7     0.026141305
       8     0.027798975
       9     0.026049005
      10     0.023816988
      11     0.022937739
      12     0.024200226
      13   0.0250
 
       1       1.0000000
       2       1.0000000
       3       1.0000000
       4       1.0000000
       5       1.0000000
       6       1.0000000
       7       1.0000000
       8       1.0000000
       9       1.0000000
      10       1.0000000
      11       1.0000000
      12       1.0000000
      13   1.0000
 
       1       0.0000000
       2       0.0000000
       3       0.0000000
       4       0.0000000
       5       0.0000000
       6       0.0000000
       7       0.0000000
       8       0.0000000
       9       0.0000000
      10       0.0000000
      11       0.0000000
      12       0.0000000
      13   0.0000
 
       1      0.72910858
       2      0.71300790
       3      0.68252617
       4      0.66782150
       5      0.61996893
       6      0.60206371
       7      0.62562433
       8      0.66018870
       9      0.68337969
      10      0.69646216
      11      0.71786727
      12      0.73431697
      13   0.6777
 
