       1       94.141856
       2       134.16714
       3       129.84231
       4       182.29618
       5       154.25990
       6       160.12947
       7       144.92886
       8       129.43168
       9       124.75397
      10       81.386239
      11       75.595960
      12       82.159624
      13  1493.09
 
       1       66.553493
       2       88.990838
       3       83.732355
       4       109.96024
       5       96.586044
       6       96.267777
       7       80.775162
       8       74.753079
       9       78.230950
      10       55.851677
      11       51.927517
      12       56.757166
      13   940.39
 
       1       8.8271768
       2       10.989908
       3       9.4040927
       4       9.3640410
       5       9.8182958
       6       8.6822939
       7       7.3980917
       8       6.9196113
       9       8.1221605
      10       7.1577268
      11       5.8963364
      12       6.6611252
      13    99.24
 
       1       8.3727654
       2       11.563917
       3       10.735855
       4       11.365802
       5       13.470945
       6       18.186505
       7       20.257630
       8       13.285152
       9       12.433144
      10       7.9169363
      11       7.0537851
      12       7.7461077
      13   142.39
 
       1       7.2722357
       2       10.166322
       3       12.477695
       4       13.148433
       5       19.663161
       6       22.477107
       7       25.216221
       8       22.054420
       9       25.990300
      10       16.192433
      11       9.5091685
      12       10.303056
      13   194.47
 
       1       7.4327572
       2       12.343622
       3       13.918848
       4       20.641875
       5       24.021615
       6       27.768878
       7       20.259446
       8       16.940796
       9       16.693944
      10       9.7256715
      11       7.3896459
      12       6.2957557
      13    15.29
 
       1 0.0
       2 0.0
       3 0.0
       4 0.0
       5 0.0
       6 0.0
       7 0.0
       8 0.0
       9 0.0
      10 0.0
      11 0.0
      12 0.0
      13 0.0
 
       1     0.099216513
       2      0.16534626
       3      0.18440706
       4      0.27182993
       5      0.32093513
       6      0.37362897
       7      0.26050801
       8      0.21547211
       9      0.21668083
      10      0.12603196
      11     0.095725075
      12     0.082561600
      13   0.2010
 
       1      0.88192789
       2      0.88123976
       3      0.88154194
       4      0.88193212
       5      0.88246733
       6      0.88143558
       7      0.88159131
       8      0.88107867
       9      0.88203303
      10      0.88248472
      11      0.88319692
      12      0.88136621
      13   0.8819
 
       1     0.012257307
       2     0.020276183
       3     0.022768891
       4     0.033540399
       5     0.039363020
       6     0.045679029
       7     0.032497779
       8     0.027098324
       9     0.026980084
      10     0.015812264
      11     0.012066947
      12     0.010325176
      13   0.0249
 
       1      0.68227643
       2      0.72924598
       3      0.76218326
       4      0.79744327
       5      0.85733837
       6      0.90737585
       7      0.88398855
       8      0.83512396
       9      0.81924374
      10      0.71950361
      11      0.62733024
      12      0.62023910
      13   0.7701
 
