       1       30.914864
       2       34.322767
       3       18.738119
       4       20.146272
       5       23.424090
       6       21.269433
       7       19.165997
       8       15.183020
       9       11.487553
      10       13.377165
      11       21.101123
      12       29.193105
      13   258.32
 
       1       15.873038
       2       18.325643
       3       10.876886
       4       11.605372
       5       13.494877
       6       12.884887
       7       11.275087
       8       9.2647668
       9       7.0174968
      10       7.5142806
      11       10.947879
      12       15.199198
      13   144.28
 
       1       2.4679020
       2       2.9043470
       3       1.6362354
       4       1.6358287
       5       1.8622069
       6       1.7219168
       7       1.4015345
       8       1.1217438
       9      0.93569498
      10       1.1560857
      11       1.5792973
      12       2.4155449
      13    20.84
 
       1       10.330883
       2       11.815481
       3       5.4205839
       4       6.0137516
       5       6.8080339
       6       6.6432753
       7       6.0519107
       8       4.8275111
       9       3.4670108
      10       4.3040878
      11       7.1045051
      12       10.419377
      13    83.21
 
       1       1.3669968
       2       1.5754271
       3       1.0034025
       4       1.0703361
       5      0.89673584
       6      0.69913875
       7      0.76954003
       8      0.83023213
       9      0.83713111
      10       1.1884365
      11       1.5554660
      12       1.5968507
      13    13.39
 
       1      0.45210382
       2      0.60318924
       3      0.30422340
       4      0.33161039
       5      0.41723453
       6      0.41895119
       7      0.34497470
       8      0.27194108
       9      0.20416032
      10      0.20741730
      11      0.28189783
      12      0.43922671
      13     0.36
 
       1 0.0
       2 0.0
       3 0.0
       4 0.0
       5 0.0
       6 0.0
       7 0.0
       8 0.0
       9 0.0
      10 0.0
      11 0.0
      12 0.0
      13 0.0
 
       1     0.016602655
       2     0.022733566
       3     0.011911039
       4     0.013012684
       5     0.016652965
       6     0.017691801
       7     0.014187075
       8     0.011532165
       9    0.0085025975
      10    0.0080482326
      11     0.010564763
      12     0.016179166
      13   0.0140
 
       1       1.0000000
       2       1.0000000
       3       1.0000000
       4       1.0000000
       5       1.0000000
       6       1.0000000
       7       1.0000000
       8       1.0000000
       9       1.0000000
      10       1.0000000
      11       1.0000000
      12       1.0000000
      13   1.0000
 
       1       0.0000000
       2       0.0000000
       3       0.0000000
       4       0.0000000
       5       0.0000000
       6       0.0000000
       7       0.0000000
       8       0.0000000
       9       0.0000000
      10       0.0000000
      11       0.0000000
      12       0.0000000
      13   0.0000
 
       1      0.29563121
       2      0.31492581
       3      0.13438991
       4      0.20293574
       5      0.16412281
       6      0.13815127
       7      0.18273638
       8      0.18403612
       9      0.16354737
      10      0.30586306
      11      0.37786078
      12      0.35158601
      13   0.2346
 
