       1       457.95954
       2       437.01603
       3       476.27226
       4       478.15154
       5       510.84945
       6       540.17526
       7       560.85367
       8       539.62102
       9       461.74095
      10       482.44539
      11       436.61701
      12       502.01237
      13  5883.71
 
       1       279.57087
       2       268.42188
       3       289.76338
       4       295.32899
       5       312.53043
       6       329.39590
       7       342.98627
       8       328.19475
       9       286.80545
      10       299.90943
      11       267.36037
      12       303.40678
      13  3603.67
 
       1       34.839616
       2       33.413309
       3       36.415574
       4       36.045072
       5       38.436968
       6       40.742220
       7       42.568917
       8       42.028135
       9       35.067068
      10       36.902262
      11       32.840276
      12       38.147158
      13   447.45
 
       1       124.63951
       2       115.29786
       3       127.52167
       4       125.31205
       5       134.65715
       6       141.87082
       7       148.62943
       8       142.60208
       9       120.09325
      10       124.83190
      11       116.69854
      12       136.30803
      13  1558.46
 
       1       19.472318
       2       18.866321
       3       21.913401
       4       22.386391
       5       24.944961
       6       27.892044
       7       26.985497
       8       25.887287
       9       20.909880
      10       21.432342
      11       19.490003
      12       22.863153
      13   273.04
 
       1       5.5312959
       2       5.8373096
       3       5.7983892
       4       5.7363959
       5       6.0660663
       6       6.7072606
       7       6.7835292
       8       6.7609661
       9       5.7852166
      10       5.7859134
      11       5.3101274
      12       6.0141555
      13     6.01
 
       1 0.0
       2 0.0
       3 0.0
       4 0.0
       5 0.0
       6 0.0
       7 0.0
       8 0.0
       9 0.0
      10 0.0
      11 0.0
      12 0.0
      13 0.0
 
       1     0.023081911
       2     0.024574617
       3     0.024024498
       4     0.023931073
       5     0.025098191
       6     0.027435755
       7     0.028047130
       8     0.027898554
       9     0.024145867
      10     0.024125945
      11     0.022080979
      12     0.024883919
      13   0.0249
 
       1       1.0000000
       2       1.0000000
       3       1.0000000
       4       1.0000000
       5       1.0000000
       6       1.0000000
       7       1.0000000
       8       1.0000000
       9       1.0000000
      10       1.0000000
      11       1.0000000
      12       1.0000000
      13   1.0000
 
       1       0.0000000
       2       0.0000000
       3       0.0000000
       4       0.0000000
       5       0.0000000
       6       0.0000000
       7       0.0000000
       8       0.0000000
       9       0.0000000
      10       0.0000000
      11       0.0000000
      12       0.0000000
      13   0.0000
 
       1      0.73935753
       2      0.71921348
       3      0.68357234
       4      0.65228472
       5      0.64007192
       6      0.63451887
       7      0.67144046
       8      0.69872736
       9      0.70038884
      10      0.72081039
      11      0.71061363
      12      0.71999045
      13   0.6909
 
