       1       159.29584
       2       133.20575
       3       159.31651
       4       200.43472
       5       142.96947
       6       104.98141
       7       102.11213
       8       124.38649
       9       105.80487
      10       76.721435
      11       122.47750
      12       146.09099
      13  1577.80
 
       1       109.02360
       2       86.449880
       3       105.90186
       4       127.06482
       5       90.690200
       6       64.988424
       7       59.158186
       8       71.829037
       9       66.320566
      10       52.533357
      11       83.221557
      12       96.872437
      13  1014.05
 
       1       14.058608
       2       10.049733
       3       14.263156
       4       13.386638
       5       9.8508092
       6       7.0863427
       7       5.8045481
       8       6.8963371
       9       7.1763161
      10       7.0894451
      11       9.7533479
      12       11.804435
      13   117.22
 
       1       17.161591
       2       10.322948
       3       18.081021
       4       18.850910
       5       13.663481
       6       13.920278
       7       11.841869
       8       15.780609
       9       10.450960
      10       7.6060239
      11       11.608284
      12       12.791092
      13   162.08
 
       1       11.724525
       2       9.8819996
       3       15.022770
       4       19.606294
       5       17.969407
       6       14.296633
       7       16.622120
       8       22.663524
       9       19.902383
      10       16.295798
      11       16.366142
      12       13.792092
      13   194.14
 
       1       11.402200
       2       11.807092
       3       16.728979
       4       26.364142
       5       22.709132
       6       15.994134
       7       13.298721
       8       15.087315
       9       13.534700
      10       9.5780275
      11       10.937296
      12       9.3199234
      13    14.73
 
       1 0.0
       2 0.0
       3 0.0
       4 0.0
       5 0.0
       6 0.0
       7 0.0
       8 0.0
       9 0.0
      10 0.0
      11 0.0
      12 0.0
      13 0.0
 
       1      0.15098546
       2      0.15319801
       3      0.21892440
       4      0.34631004
       5      0.29468479
       6      0.20164223
       7      0.16173621
       8      0.18351099
       9      0.16651210
      10      0.11901102
      11      0.14111289
      12      0.11988894
      13   0.1881
 
       1      0.92598104
       2      0.92586983
       3      0.92583458
       4      0.92646463
       5      0.92657430
       6      0.92570652
       7      0.92534539
       8      0.92575627
       9      0.92595427
      10      0.92569608
      11      0.92721161
      12      0.92649530
      13   0.9261
 
       1     0.011482403
       2     0.011804553
       3     0.016747144
       4     0.026377616
       5     0.022724401
       6     0.015819275
       7     0.012950941
       8     0.014652213
       9     0.013245895
      10    0.0094653942
      11     0.010932672
      12    0.0092952775
      13   0.0146
 
       1      0.72687256
       2      0.69690023
       3      0.80924674
       4      0.86743415
       5      0.81513367
       6      0.82363979
       7      0.79226523
       8      0.80239517
       9      0.79043711
      10      0.75214709
      11      0.70305527
      12      0.70621076
      13   0.7738
 
