       1       86.438995
       2       59.383018
       3       50.338551
       4       32.836388
       5       22.795228
       6       16.051936
       7       14.092427
       8       10.815109
       9       11.040798
      10       28.613649
      11       47.640029
      12       55.598155
      13   435.64
 
       1       43.657470
       2       31.281880
       3       28.805236
       4       20.558184
       5       15.292272
       6       10.944903
       7       9.9412908
       8       7.3780281
       9       7.1976695
      10       16.827054
      11       26.719198
      12       30.329471
      13   248.93
 
       1       7.8680820
       2       5.3332335
       3       4.2840331
       4       2.3851426
       5       1.3951477
       6      0.93244130
       7      0.72015285
       8      0.57594177
       9      0.66231130
      10       2.1280696
      11       3.9543499
      12       4.4402932
      13    34.68
 
       1       29.791841
       2       17.017590
       3       14.959392
       4       9.4008824
       5       5.8464137
       6       4.9768532
       7       4.1338699
       8       3.0376499
       9       2.5517759
      10       8.0778695
      11       15.331792
      12       18.737517
      13   133.86
 
       1       4.3996798
       2       2.9228766
       3       2.5119708
       4       1.6054001
       5       1.2872943
       6       1.3361174
       7       1.1014119
       8      0.82134400
       9      0.70447836
      10       1.3504009
      11       2.3568532
      12       3.2278411
      13    23.63
 
       1       1.1905971
       2      0.87273021
       3      0.70124372
       4      0.41870316
       5      0.25092685
       6      0.19416345
       7      0.13409409
       8      0.10475159
       9      0.11287476
      10      0.32308903
      11      0.61205588
      12      0.73411924
      13     0.47
 
       1 0.0
       2 0.0
       3 0.0
       4 0.0
       5 0.0
       6 0.0
       7 0.0
       8 0.0
       9 0.0
      10 0.0
      11 0.0
      12 0.0
      13 0.0
 
       1     0.030259266
       2     0.022703983
       3     0.019006193
       4     0.011508686
       5    0.0071417166
       6    0.0053952540
       7    0.0040610645
       8    0.0031723937
       9    0.0033296110
      10    0.0088285960
      11     0.016119091
      12     0.019235214
      13   0.0126
 
       1       1.0000000
       2       1.0000000
       3       1.0000000
       4       1.0000000
       5       1.0000000
       6       1.0000000
       7       1.0000000
       8       1.0000000
       9       1.0000000
      10       1.0000000
      11       1.0000000
      12       1.0000000
      13   1.0000
 
       1       0.0000000
       2       0.0000000
       3       0.0000000
       4       0.0000000
       5       0.0000000
       6       0.0000000
       7       0.0000000
       8       0.0000000
       9       0.0000000
      10       0.0000000
      11       0.0000000
      12       0.0000000
      13   0.0000
 
       1      0.70718636
       2      0.64720265
       3      0.53533902
       4      0.47540232
       5      0.34744303
       6      0.32209520
       7      0.43433653
       8      0.51087687
       9      0.53502369
      10      0.59031761
      11      0.62824010
      12      0.73731220
      13   0.5392
 
