       1       156.28076
       2       189.73128
       3       166.40700
       4       164.83063
       5       201.42302
       6       199.14969
       7       221.72521
       8       177.36617
       9       162.20510
      10       142.56196
      11       117.24982
      12       187.02409
      13  2085.95
 
       1       100.33503
       2       128.61533
       3       107.31649
       4       102.98256
       5       122.25245
       6       118.54165
       7       121.79953
       8       102.65590
       9       99.442848
      10       92.975517
      11       79.083537
      12       124.13087
      13  1300.13
 
       1       12.123882
       2       19.620318
       3       14.543226
       4       14.896128
       5       15.867488
       6       15.161968
       7       13.818298
       8       12.696328
       9       12.417880
      10       12.156636
      11       10.394223
      12       15.267611
      13   168.96
 
       1       16.152816
       2       27.048730
       3       22.025474
       4       23.901787
       5       26.509356
       6       38.809444
       7       47.444594
       8       34.673972
       9       20.813157
      10       16.436795
      11       13.441184
      12       20.992780
      13   308.25
 
       1       12.856216
       2       20.992151
       3       19.354905
       4       21.533011
       5       26.978761
       6       34.634833
       7       38.424354
       8       35.009237
       9       29.745181
      10       25.918690
      11       14.615819
      12       20.776385
      13   300.84
 
       1       12.503020
       2       20.251412
       3       20.234465
       4       22.615473
       5       28.018080
       6       29.836187
       7       26.100584
       8       22.117807
       9       19.964844
      10       16.162567
      11       11.997281
      12       14.322231
      13    20.34
 
       1 0.0
       2 0.0
       3 0.0
       4 0.0
       5 0.0
       6 0.0
       7 0.0
       8 0.0
       9 0.0
      10 0.0
      11 0.0
      12 0.0
      13 0.0
 
       1     0.011940088
       2     0.019877625
       3     0.019285031
       4     0.021344922
       5     0.026435002
       6     0.027747801
       7     0.023721553
       8     0.020075774
       9     0.018204886
      10     0.014977494
      11     0.011393010
      12     0.013929307
      13   0.0191
 
       1      0.88227346
       2      0.88288122
       3      0.88132577
       4      0.88059053
       5      0.87950579
       6      0.87987207
       7      0.88238660
       8      0.88468777
       9      0.88251468
      10      0.88306723
      11      0.88422825
      12      0.88428441
      13   0.8823
 
       1    0.0015952084
       2    0.0025978649
       3    0.0025786758
       4    0.0028666686
       5    0.0035464719
       6    0.0037526889
       7    0.0032411203
       8    0.0027513970
       9    0.0024942654
      10    0.0020399519
      11    0.0015306926
      12    0.0018352107
      13   0.0026
 
       1      0.28335722
       2      0.29203879
       3      0.32261846
       4      0.33899758
       5      0.36136337
       6      0.37583114
       7      0.33520537
       8      0.31045544
       9      0.29850679
      10      0.28090360
      11      0.27701509
      12      0.27244407
      13   0.3124
 
