       1       7.8510217
       2       11.884830
       3       18.605244
       4       29.846507
       5       41.050532
       6       41.612038
       7       36.740649
       8       25.032236
       9       18.113759
      10       8.6358322
      11       6.2082851
      12       9.6447027
      13   255.23
 
       1       5.6612183
       2       7.5164654
       3       11.713130
       4       17.758154
       5       22.770464
       6       23.564886
       7       20.235744
       8       14.510562
       9       10.550320
      10       5.8310073
      11       4.7114571
      12       6.8257717
      13   151.65
 
       1      0.70413014
       2       1.0498447
       3       1.9834046
       4       3.2240552
       5       3.2601905
       6       3.2707396
       7       2.9988710
       8       2.1541846
       9       1.4193873
      10      0.87495237
      11      0.65890831
      12      0.90805253
      13    22.51
 
       1      0.60254306
       2       2.0779065
       3       3.4656694
       4       5.1066754
       5       4.9864729
       6       9.5140778
       7       9.5546691
       8       6.9659773
       9       2.4225579
      10      0.74765976
      11      0.71542877
      12       1.0836924
      13    47.24
 
       1      0.22297101
       2      0.97249741
       3       1.8254157
       4       4.3005033
       5       4.3047039
       6       7.2909142
       7       6.2902698
       8       3.6341074
       9       1.8874034
      10      0.42614388
      11      0.17464338
      12      0.12375401
      13    31.45
 
       1      0.58152783
       2       1.2813856
       3       2.7704708
       4       4.4857583
       5       4.1790430
       6       4.3785022
       7       3.1306797
       8       2.3449093
       9       1.6109729
      10      0.99735905
      11      0.72164815
      12      0.73779212
      13     2.27
 
       1 0.0
       2 0.0
       3 0.0
       4 0.0
       5 0.0
       6 0.0
       7 0.0
       8 0.0
       9 0.0
      10 0.0
      11 0.0
      12 0.0
      13 0.0
 
       1     0.015899647
       2     0.034225224
       3     0.076996085
       4      0.12101987
       5      0.11080662
       6      0.11118936
       7     0.075930136
       8     0.056312727
       9     0.040055503
      10     0.026829523
      11     0.019992664
      12     0.021349962
      13   0.0592
 
       1      0.88897669
       2      0.88602165
       3      0.88812136
       4      0.88620342
       5      0.88754486
       6      0.88370872
       7      0.88305042
       8      0.88247056
       9      0.88237592
      10      0.88645336
      11      0.88884691
      12      0.89092733
      13   0.8862
 
       1    0.0018618500
       2    0.0040387558
       3    0.0088435082
       4     0.014126991
       5     0.013000061
       6     0.013304237
       7    0.0093411976
       8    0.0070064166
       9    0.0049032067
      10    0.0031737023
      11    0.0023360313
      12    0.0024111008
      13   0.0070
 
       1      0.87988173
       2      0.88130841
       3      0.95477860
       4      0.98286894
       5      0.98565660
       6      0.98550432
       7      0.97619642
       8      0.96654285
       9      0.97257500
      10      0.96662789
      11      0.92804293
      12      0.88066249
      13   0.9467
 
