       1       154.52518
       2       161.11236
       3       188.88289
       4       216.48712
       5       200.13307
       6       221.05041
       7       245.91611
       8       187.84336
       9       127.73426
      10       101.45473
      11       116.48148
      12       172.72026
      13  2094.34
 
       1       107.07870
       2       104.49361
       3       123.07142
       4       138.98150
       5       126.26053
       6       126.39109
       7       137.49918
       8       109.73749
       9       82.071256
      10       68.771325
      11       77.096069
      12       118.12828
      13  1319.58
 
       1       14.510250
       2       12.265458
       3       15.637449
       4       18.469113
       5       15.680550
       6       13.796036
       7       14.682601
       8       12.575835
       9       10.391782
      10       9.6485193
      11       9.2637451
      12       15.272513
      13   162.19
 
       1       18.335745
       2       17.375727
       3       21.787417
       4       30.617661
       5       29.312136
       6       39.297105
       7       52.196723
       8       32.533431
       9       17.922686
      10       12.095620
      11       12.633788
      12       22.419818
      13   306.53
 
       1       16.719281
       2       16.072193
       3       19.218122
       4       29.312133
       5       31.335821
       6       36.431047
       7       47.723009
       8       37.640754
       9       25.395705
      10       15.938567
      11       11.234167
      12       18.417547
      13   305.44
 
       1       13.483022
       2       17.307614
       3       25.001226
       4       33.306599
       5       32.779945
       6       31.406374
       7       31.798397
       8       24.621532
       9       18.645838
      10       13.265613
      11       10.677972
      12       14.331830
      13    22.22
 
       1 0.0
       2 0.0
       3 0.0
       4 0.0
       5 0.0
       6 0.0
       7 0.0
       8 0.0
       9 0.0
      10 0.0
      11 0.0
      12 0.0
      13 0.0
 
       1     0.016549394
       2     0.020870491
       3     0.030971619
       4     0.041316555
       5     0.039725073
       6     0.037129268
       7     0.037063618
       8     0.028748800
       9     0.021734158
      10     0.015690245
      11     0.012674568
      12     0.017425745
      13   0.0267
 
       1      0.86179453
       2      0.86043711
       3      0.86093184
       4      0.86207340
       5      0.86044265
       6      0.86052922
       7      0.86182377
       8      0.86444948
       9      0.86174164
      10      0.86255428
      11      0.86513368
      12      0.86389870
      13   0.8622
 
       1    0.0025131989
       2    0.0032028904
       3    0.0046793468
       4    0.0062169541
       5    0.0060617283
       6    0.0057249004
       7    0.0057327879
       8    0.0044591043
       9    0.0033912483
      10    0.0024404937
      11    0.0019682485
      12    0.0026555260
      13   0.0041
 
       1      0.28607163
       2      0.30927950
       3      0.35568374
       4      0.38913658
       5      0.39879441
       6      0.40823106
       7      0.38240227
       8      0.35857773
       9      0.33692723
      10      0.31673686
      11      0.28138339
      12      0.29150882
      13   0.3429
 
