       1       162.55417
       2       152.65468
       3       169.61614
       4       130.11987
       5       148.62108
       6       122.35425
       7       138.03220
       8       121.31842
       9       121.70880
      10       123.42012
      11       74.485507
      12       96.286192
      13  1561.17
 
       1       109.22932
       2       103.19628
       3       112.66166
       4       80.274614
       5       90.494694
       6       73.245185
       7       76.193115
       8       70.224552
       9       73.914497
      10       84.111245
      11       50.310547
      12       67.916700
      13   991.77
 
       1       13.563318
       2       14.572323
       3       14.115868
       4       8.7973272
       5       8.3556283
       6       6.8220849
       7       6.8124959
       8       6.7040635
       9       7.4015910
      10       9.8468784
      11       5.7445786
      12       8.4430673
      13   111.18
 
       1       15.238539
       2       17.152444
       3       15.189299
       4       10.839621
       5       10.007600
       6       12.043839
       7       17.749796
       8       15.140741
       9       12.417595
      10       12.390258
      11       6.5569665
      12       9.5215261
      13   154.25
 
       1       11.207635
       2       13.418072
       3       15.408754
       4       14.499919
       5       14.911000
       6       16.898850
       7       22.324161
       8       24.148451
       9       23.310215
      10       26.647280
      11       9.9693756
      12       11.355865
      13   204.10
 
       1       11.262760
       2       14.037779
       3       17.618496
       4       15.670901
       5       19.514988
       6       19.535213
       7       17.743685
       8       15.774540
       9       15.230903
      10       14.387870
      11       6.9998094
      12       7.5053888
      13    14.61
 
       1 0.0
       2 0.0
       3 0.0
       4 0.0
       5 0.0
       6 0.0
       7 0.0
       8 0.0
       9 0.0
      10 0.0
      11 0.0
      12 0.0
      13 0.0
 
       1      0.15268475
       2      0.19348683
       3      0.24181794
       4      0.20558656
       5      0.25777226
       6      0.25741953
       7      0.22652059
       8      0.20073348
       9      0.19673157
      10      0.19199968
      11     0.091501973
      12      0.10128496
      13   0.1931
 
       1      0.88749249
       2      0.88884679
       3      0.88893555
       4      0.88822644
       5      0.88877938
       6      0.88876894
       7      0.88807371
       8      0.88838496
       9      0.88770875
      10      0.89067557
      11      0.88998312
      12      0.88946487
      13   0.8888
 
       1     0.017620037
       2     0.022101022
       3     0.027691709
       4     0.024203462
       5     0.030264967
       6     0.030255625
       7     0.027057960
       8     0.024037703
       9     0.023370702
      10     0.022415257
      11     0.010889245
      12     0.011784175
      13   0.0226
 
       1      0.73166365
       2      0.74457410
       3      0.83251895
       4      0.80844540
       5      0.80922737
       6      0.80991834
       7      0.81969041
       8      0.81721368
       9      0.83403712
      10      0.75003305
      11      0.65491706
      12      0.67545814
      13   0.7740
 
