       1       46.952183
       2       39.708233
       3       48.926058
       4       30.782791
       5       23.974703
       6       17.621247
       7       17.316133
       8       10.052625
       9       10.870147
      10       41.020524
      11       53.559928
      12       61.207914
      13   401.99
 
       1       23.904188
       2       20.816930
       3       28.507631
       4       18.455803
       5       15.446184
       6       11.183464
       7       12.067209
       8       6.8449651
       9       7.3087265
      10       22.180803
      11       28.182789
      12       30.924494
      13   225.82
 
       1       4.3470724
       2       3.6871379
       3       4.0078928
       4       2.2879719
       5       1.4658172
       6       1.0463606
       7      0.89827420
       8      0.56600318
       9      0.66950575
      10       3.0134339
      11       4.6521541
      12       5.4180560
      13    32.06
 
       1       14.904110
       2       12.473948
       3       13.230442
       4       8.7925142
       5       6.7507295
       6       6.0105217
       7       5.7742085
       8       2.8671771
       9       2.6265521
      10       12.271181
      11       17.640642
      12       19.383912
      13   122.73
 
       1       2.5042014
       2       2.0829241
       3       2.2327337
       4       1.6103510
       5       1.4983530
       6       1.5331752
       7       1.3331431
       8      0.87116162
       9      0.62529179
      10       2.1224460
      11       3.0183950
      12       2.9940864
      13    22.43
 
       1      0.69572839
       2      0.63206165
       3      0.60869330
       4      0.39707515
       5      0.27472914
       6      0.22544383
       7      0.19120045
       8      0.10036979
       9      0.11823379
      10      0.45601726
      11      0.73116823
      12      0.77452755
      13     0.43
 
       1 0.0
       2 0.0
       3 0.0
       4 0.0
       5 0.0
       6 0.0
       7 0.0
       8 0.0
       9 0.0
      10 0.0
      11 0.0
      12 0.0
      13 0.0
 
       1     0.017971034
       2     0.017170236
       3     0.016927834
       4     0.010798261
       5    0.0075236617
       6    0.0060125139
       7    0.0054052691
       8    0.0030154008
       9    0.0035190362
      10     0.011871231
      11     0.018916241
      12     0.019731724
      13   0.0116
 
       1       1.0000000
       2       1.0000000
       3       1.0000000
       4       1.0000000
       5       1.0000000
       6       1.0000000
       7       1.0000000
       8       1.0000000
       9       1.0000000
      10       1.0000000
      11       1.0000000
      12       1.0000000
      13   1.0000
 
       1       0.0000000
       2       0.0000000
       3       0.0000000
       4       0.0000000
       5       0.0000000
       6       0.0000000
       7       0.0000000
       8       0.0000000
       9       0.0000000
      10       0.0000000
      11       0.0000000
      12       0.0000000
      13   0.0000
 
       1      0.65953169
       2      0.59512591
       3      0.51048876
       4      0.45572686
       5      0.38096466
       6      0.36625086
       7      0.44618105
       8      0.51362851
       9      0.50964911
      10      0.57121038
      11      0.62938810
      12      0.64659642
      13   0.5237
 
