       1       27.023221
       2       32.110902
       3       26.721395
       4       19.475772
       5       20.915301
       6       19.986352
       7       16.341199
       8       14.845574
       9       12.250287
      10       14.775996
      11       15.119757
      12       27.373648
      13   246.94
 
       1       14.350230
       2       16.534374
       3       14.710604
       4       11.165958
       5       12.339498
       6       12.279855
       7       10.035297
       8       9.1424262
       9       7.4183418
      10       8.2617758
      11       8.2220191
      12       13.835115
      13   138.30
 
       1       2.1816335
       2       2.7447341
       3       2.2678668
       4       1.5663306
       5       1.7044605
       6       1.5640300
       7       1.2406677
       8       1.1496360
       9      0.96155344
      10       1.2222655
      11       1.3107709
      12       2.2147654
      13    20.13
 
       1       9.6031064
       2       10.437184
       3       8.0316721
       4       5.8521828
       5       5.9505680
       6       6.0764999
       7       5.0522743
       8       4.4183745
       9       3.8518778
      10       4.6970903
      11       5.4255845
      12       9.3092818
      13    78.71
 
       1       1.7836217
       2       1.9670410
       3       1.0321001
       4       1.0376859
       5      0.79137692
       6      0.81646370
       7      0.71781254
       8      0.84818531
       9      0.89647304
      10       1.2096280
      11       1.1978959
      12       1.8761603
      13    14.17
 
       1      0.38422510
       2      0.48809774
       3      0.45353974
       4      0.31680436
       5      0.38421818
       6      0.38400026
       7      0.30703663
       8      0.27550489
       9      0.21628368
      10      0.22559593
      11      0.23068415
      12      0.36282317
      13     0.34
 
       1 0.0
       2 0.0
       3 0.0
       4 0.0
       5 0.0
       6 0.0
       7 0.0
       8 0.0
       9 0.0
      10 0.0
      11 0.0
      12 0.0
      13 0.0
 
       1     0.014284746
       2     0.018197910
       3     0.017256107
       4     0.012410546
       5     0.015067931
       6     0.016174396
       7     0.012947549
       8     0.011529575
       9    0.0090754289
      10    0.0087448506
      11    0.0089022893
      12     0.013246949
      13   0.0132
 
       1       1.0000000
       2       1.0000000
       3       1.0000000
       4       1.0000000
       5       1.0000000
       6       1.0000000
       7       1.0000000
       8       1.0000000
       9       1.0000000
      10       1.0000000
      11       1.0000000
      12       1.0000000
      13   1.0000
 
       1       0.0000000
       2       0.0000000
       3       0.0000000
       4       0.0000000
       5       0.0000000
       6       0.0000000
       7       0.0000000
       8       0.0000000
       9       0.0000000
      10       0.0000000
      11       0.0000000
      12       0.0000000
      13   0.0000
 
       1      0.31190599
       2      0.27484954
       3      0.18233901
       4      0.18119200
       5      0.16019700
       6      0.11423140
       7      0.11681421
       8      0.16599893
       9      0.20110969
      10      0.27034157
      11      0.36319682
      12      0.27577038
      13   0.2182
 
