       1       62.948700
       2       50.497340
       3       55.934945
       4       32.162843
       5       28.810356
       6       15.882174
       7       15.214250
       8       9.6218269
       9       9.8570743
      10       29.344758
      11       49.444105
      12       58.315378
      13   418.03
 
       1       34.617688
       2       26.879707
       3       32.816384
       4       19.527957
       5       19.175645
       6       10.813568
       7       10.291163
       8       6.8013427
       9       6.6332360
      10       16.833638
      11       25.707026
      12       31.573145
      13   241.67
 
       1       5.3159348
       2       4.5050833
       3       4.8052008
       4       2.5342605
       5       1.7648078
       6      0.85664981
       7      0.79876923
       8      0.53944717
       9      0.62558438
      10       2.1176299
      11       4.1989393
      12       5.0670043
      13    33.13
 
       1       21.254366
       2       15.679405
       3       17.320955
       4       8.4085012
       5       7.7779400
       6       4.6333271
       7       4.2123117
       8       2.4851084
       9       2.3557770
      10       8.5351258
      11       16.123727
      12       19.209603
      13   128.00
 
       1       3.5130369
       2       2.6308189
       3       2.8027660
       4       1.4842415
       5       1.4690003
       6       1.2425475
       7       1.2707842
       8      0.80278379
       9      0.63445665
      10       1.5305451
      11       2.5321802
      12       3.4319009
      13    23.35
 
       1      0.83389593
       2      0.77247530
       3      0.75752226
       4      0.42449268
       5      0.31924636
       6      0.18015533
       7      0.14853971
       8     0.097325728
       9      0.10815908
      10      0.32454198
      11      0.68364922
      12      0.78565997
      13     0.45
 
       1 0.0
       2 0.0
       3 0.0
       4 0.0
       5 0.0
       6 0.0
       7 0.0
       8 0.0
       9 0.0
      10 0.0
      11 0.0
      12 0.0
      13 0.0
 
       1     0.022352502
       2     0.020588305
       3     0.020799856
       4     0.011578489
       5    0.0090173709
       6    0.0051500384
       7    0.0042681590
       8    0.0029215119
       9    0.0033572799
      10    0.0087124214
      11     0.017545925
      12     0.020508003
      13   0.0122
 
       1       1.0000000
       2       1.0000000
       3       1.0000000
       4       1.0000000
       5       1.0000000
       6       1.0000000
       7       1.0000000
       8       1.0000000
       9       1.0000000
      10       1.0000000
      11       1.0000000
      12       1.0000000
      13   1.0000
 
       1       0.0000000
       2       0.0000000
       3       0.0000000
       4       0.0000000
       5       0.0000000
       6       0.0000000
       7       0.0000000
       8       0.0000000
       9       0.0000000
      10       0.0000000
      11       0.0000000
      12       0.0000000
      13   0.0000
 
       1      0.70821462
       2      0.66297913
       3      0.56432782
       4      0.47400613
       5      0.37033162
       6      0.38575595
       7      0.48740216
       8      0.54533156
       9      0.53656377
      10      0.57845731
      11      0.60996526
      12      0.74966632
      13   0.5561
 
