       1       199.32209
       2       175.16935
       3       209.38676
       4       245.97913
       5       201.59170
       6       201.62890
       7       211.41917
       8       207.20210
       9       146.09138
      10       108.02039
      11       157.10279
      12       184.62484
      13  2247.54
 
       1       135.81061
       2       114.15521
       3       138.00541
       4       156.82745
       5       127.23766
       6       118.70528
       7       117.29104
       8       118.98989
       9       91.375532
      10       72.507559
      11       105.50951
      12       121.40570
      13  1417.82
 
       1       18.524580
       2       14.767279
       3       19.879117
       4       19.242854
       5       16.598587
       6       14.209582
       7       13.074982
       8       13.490029
       9       11.096629
      10       10.413377
      11       13.142482
      12       15.504206
      13   179.94
 
       1       26.149459
       2       18.756771
       3       28.198233
       4       31.909967
       5       30.338645
       6       42.301320
       7       43.553885
       8       40.027637
       9       20.111821
      10       13.755158
      11       19.638664
      12       20.738227
      13   335.48
 
       1       17.029678
       2       15.175934
       3       22.123773
       4       27.869764
       5       32.842975
       6       34.396429
       7       37.816713
       8       38.880319
       9       26.513556
      10       19.103206
      11       19.898091
      12       18.437436
      13   310.09
 
       1       15.876040
       2       17.679412
       3       24.043947
       4       36.102133
       5       34.264982
       6       28.760585
       7       25.484015
       8       25.162253
       9       19.119884
      10       13.824972
      11       15.910573
      12       13.841519
      13    22.51
 
       1 0.0
       2 0.0
       3 0.0
       4 0.0
       5 0.0
       6 0.0
       7 0.0
       8 0.0
       9 0.0
      10 0.0
      11 0.0
      12 0.0
      13 0.0
 
       1     0.019102944
       2     0.020924375
       3     0.028762437
       4     0.043465792
       5     0.040844609
       6     0.033164584
       7     0.028377577
       8     0.028196794
       9     0.021638037
      10     0.015867218
      11     0.018833691
      12     0.016332362
      13   0.0263
 
       1      0.93123409
       2      0.93085466
       3      0.93115901
       4      0.93106679
       5      0.93068492
       6      0.92983913
       7      0.93088783
       8      0.93159387
       9      0.93083753
      10      0.93131286
      11      0.93171361
      12      0.93179789
      13   0.9311
 
       1    0.0014516962
       2    0.0016072422
       3    0.0021922074
       4    0.0032943783
       5    0.0031241329
       6    0.0025792812
       7    0.0022489768
       8    0.0022270397
       9    0.0017060564
      10    0.0012460255
      11    0.0014479997
      12    0.0012567069
      13   0.0020
 
       1      0.29947689
       2      0.29081185
       3      0.32255022
       4      0.35668024
       5      0.38204433
       6      0.39077956
       7      0.33651385
       8      0.33002012
       9      0.33504249
      10      0.31367313
      11      0.32291298
      12      0.30130993
      13   0.3318
 
