       1       9.4445861
       2       10.570796
       3       19.060265
       4       21.515353
       5       34.884508
       6       48.400296
       7       38.171806
       8       25.941245
       9       18.322364
      10       10.514582
      11       5.5118307
      12       7.7488244
      13   250.09
 
       1       6.5639164
       2       7.2901904
       3       12.441619
       4       12.304404
       5       19.091782
       6       25.048754
       7       21.385151
       8       15.021250
       9       10.568428
      10       6.9736529
      11       4.3407714
      12       6.0278452
      13   147.06
 
       1      0.86676469
       2       1.0906944
       3       2.0954274
       4       2.2966240
       5       2.9531002
       6       3.0975464
       7       3.0027553
       8       2.1388696
       9       1.3056225
      10       1.0290245
      11      0.65733710
      12      0.81445223
      13    21.35
 
       1       1.1884755
       2       1.0542540
       3       2.7007071
       4       3.5568459
       5       6.0439495
       6       12.529419
       7       10.020867
       8       6.2526435
       9       2.4979755
      10      0.92863393
      11      0.70209872
      12       1.3085696
      13    48.78
 
       1      0.25870396
       2      0.48120904
       3       2.2380599
       4       2.3420546
       5       3.9547536
       6       6.2076777
       7       6.2512308
       8       4.2684522
       9       2.0567127
      10      0.36512065
      11      0.13258221
      12      0.23643278
      13    28.79
 
       1      0.74110176
       2       1.2009503
       3       2.5567370
       4       2.7941712
       5       4.2124784
       6       4.2427759
       7       3.6739098
       8       2.3491013
       9       1.5473061
      10       1.0580348
      11      0.85138442
      12      0.79883090
      13     2.17
 
       1 0.0
       2 0.0
       3 0.0
       4 0.0
       5 0.0
       6 0.0
       7 0.0
       8 0.0
       9 0.0
      10 0.0
      11 0.0
      12 0.0
      13 0.0
 
       1     0.021144804
       2     0.033386524
       3     0.068954695
       4     0.074324746
       5      0.11253746
       6      0.10533730
       7     0.090461412
       8     0.057130302
       9     0.038601727
      10     0.028344631
      11     0.024381353
      12     0.023101511
      13   0.0565
 
       1      0.89181872
       2      0.88740522
       3      0.88562804
       4      0.88456488
       5      0.88539479
       6      0.88369280
       7      0.88386537
       8      0.88215496
       9      0.88207216
      10      0.88684185
      11      0.88809609
      12      0.88957615
      13   0.8859
 
       1    0.0024094431
       2    0.0038711200
       3    0.0080659396
       4    0.0087573286
       5     0.013167916
       6     0.012740858
       7     0.011045726
       8    0.0070406221
       9    0.0047152710
      10    0.0033582163
      11    0.0027976231
      12    0.0026251248
      13   0.0067
 
       1      0.89792837
       2      0.92085211
       3      0.94102583
       4      0.97589974
       5      0.98678278
       6      0.98614731
       7      0.98158046
       8      0.97834528
       9      0.98213571
      10      0.96068226
      11      0.95621601
      12      0.95698061
      13   0.9604
 
