       1       539.14205
       2       444.81253
       3       480.29482
       4       479.90302
       5       509.60003
       6       533.79385
       7       491.37639
       8       540.67711
       9       489.11259
      10       468.68293
      11       441.79905
      12       487.39422
      13  5906.59
 
       1       321.91168
       2       265.24847
       3       291.91021
       4       293.91549
       5       309.64009
       6       320.59767
       7       297.02733
       8       328.94242
       9       304.26301
      10       288.96183
      11       271.38485
      12       294.74153
      13  3588.54
 
       1       41.605451
       2       34.529653
       3       36.801893
       4       35.660910
       5       38.689529
       6       40.447155
       7       37.035315
       8       40.996168
       9       36.810548
      10       35.584623
      11       32.587412
      12       36.592826
      13   447.34
 
       1       150.06671
       2       124.20228
       3       127.91474
       4       127.67910
       5       134.77674
       6       142.33895
       7       132.23826
       8       144.09679
       9       125.12917
      10       123.81102
      11       117.14114
      12       132.63403
      13  1582.03
 
       1       24.656376
       2       21.448046
       3       23.947046
       4       22.578968
       5       27.100118
       6       28.864727
       7       24.497205
       8       27.450489
       9       23.025818
      10       21.019967
      11       20.204822
      12       22.649779
      13   287.44
 
       1       6.6125692
       2       6.0957270
       3       5.6232069
       4       5.7289918
       5       6.2340064
       6       6.7196931
       7       6.0077369
       8       6.6909993
       9       6.0043311
      10       5.6487841
      11       5.3835520
      12       5.8497202
      13     6.05
 
       1 0.0
       2 0.0
       3 0.0
       4 0.0
       5 0.0
       6 0.0
       7 0.0
       8 0.0
       9 0.0
      10 0.0
      11 0.0
      12 0.0
      13 0.0
 
       1     0.026978323
       2     0.024865189
       3     0.023235016
       4     0.023698430
       5     0.025439512
       6     0.027003554
       7     0.024441171
       8     0.027275915
       9     0.025234188
      10     0.023414231
      11     0.022380436
      12     0.023982831
      13   0.0248
 
       1       1.0000000
       2       1.0000000
       3       1.0000000
       4       1.0000000
       5       1.0000000
       6       1.0000000
       7       1.0000000
       8       1.0000000
       9       1.0000000
      10       1.0000000
      11       1.0000000
      12       1.0000000
      13   1.0000
 
       1       0.0000000
       2       0.0000000
       3       0.0000000
       4       0.0000000
       5       0.0000000
       6       0.0000000
       7       0.0000000
       8       0.0000000
       9       0.0000000
      10       0.0000000
      11       0.0000000
      12       0.0000000
      13   0.0000
 
       1      0.72333879
       2      0.74069414
       3      0.67934977
       4      0.66199442
       5      0.62379548
       6      0.62666522
       7      0.66990221
       8      0.70059035
       9      0.69297638
      10      0.69871698
      11      0.72642588
      12      0.72044737
      13   0.6887
 
