       1       115.76302
       2       105.35854
       3       115.48994
       4       135.53538
       5       131.14199
       6       114.09688
       7       125.96489
       8       120.73461
       9       114.18144
      10       76.289517
      11       100.35028
      12       80.672756
      13  1335.58
 
       1       79.908371
       2       69.249920
       3       72.779558
       4       84.702099
       5       82.825342
       6       68.393124
       7       71.632742
       8       69.359381
       9       73.663540
      10       51.215358
      11       68.173079
      12       56.986906
      13   848.89
 
       1       10.458394
       2       7.9650299
       3       7.9257861
       4       9.0598737
       5       9.0155643
       6       6.9908898
       7       6.5065108
       8       6.9933662
       9       8.8398630
      10       6.3644723
      11       8.3025380
      12       7.0620679
      13    95.48
 
       1       13.865525
       2       7.9222330
       3       8.4631712
       4       10.286646
       5       11.027037
       6       13.666546
       7       14.217781
       8       14.883789
       9       11.270071
      10       7.7517069
      11       9.5738391
      12       7.8901881
      13   130.82
 
       1       12.532695
       2       8.3496395
       3       11.560142
       4       13.672192
       5       15.038831
       6       15.516469
       7       18.381952
       8       23.230136
       9       21.837010
      10       13.190264
      11       13.077579
      12       8.8040281
      13   175.19
 
       1       8.8625353
       2       9.5394849
       3       11.530065
       4       15.640343
       5       19.805776
       6       16.715998
       7       16.318483
       8       14.931073
       9       14.844634
      10       8.5850812
      11       8.6406097
      12       6.6438861
      13    12.67
 
       1 0.0
       2 0.0
       3 0.0
       4 0.0
       5 0.0
       6 0.0
       7 0.0
       8 0.0
       9 0.0
      10 0.0
      11 0.0
      12 0.0
      13 0.0
 
       1      0.11594443
       2      0.12221249
       3      0.14425315
       4      0.19561109
       5      0.25255441
       6      0.20794098
       7      0.19935581
       8      0.18172897
       9      0.18496548
      10      0.10515428
      11      0.10901086
      12     0.084779443
      13   0.1586
 
       1      0.92541743
       2      0.92604336
       3      0.92528142
       4      0.92548290
       5      0.92568733
       6      0.92516237
       7      0.92564859
       8      0.92574182
       9      0.92573723
      10      0.92557121
      11      0.92599426
      12      0.92582306
      13   0.9256
 
       1    0.0089113042
       2    0.0095128663
       3     0.011389898
       4     0.015375630
       5     0.019692935
       6     0.016449840
       7     0.015871658
       8     0.014517822
       9     0.014594639
      10    0.0084524293
      11    0.0085874006
      12    0.0066565191
      13   0.0125
 
       1      0.67384537
       2      0.71164042
       3      0.70470576
       4      0.74427945
       5      0.81994544
       6      0.83377192
       7      0.77877137
       8      0.79389472
       9      0.81324613
      10      0.74416176
      11      0.64647105
      12      0.63276402
      13   0.7415
 
