       1       70.348831
       2       84.368894
       3       150.99880
       4       193.44440
       5       140.46672
       6       150.62013
       7       136.52461
       8       127.22480
       9       97.466434
      10       73.702669
      11       120.79289
      12       177.34907
      13  1523.31
 
       1       49.104868
       2       54.939275
       3       96.923868
       4       120.85621
       5       90.953231
       6       91.194816
       7       78.034020
       8       72.684518
       9       63.040540
      10       49.650426
      11       80.608311
      12       122.43285
      13   970.42
 
       1       5.8376408
       2       5.5890191
       3       10.308392
       4       10.835282
       5       9.9772142
       6       7.6512894
       7       6.9192120
       8       6.5915839
       9       6.6526313
      10       5.8967057
      11       8.9765101
      12       14.783849
      13   100.02
 
       1       6.0263885
       2       5.5303727
       3       13.310502
       4       14.854757
       5       14.027419
       6       14.311041
       7       17.291902
       8       13.554543
       9       10.381908
      10       6.3314839
      11       11.850305
      12       16.923789
      13   144.39
 
       1       5.5258793
       2       5.9296882
       3       14.495970
       4       15.099492
       5       17.753828
       6       16.109121
       7       22.212200
       8       23.659206
       9       21.844289
      10       14.669152
      11       14.466399
      12       21.020105
      13   192.79
 
       1       5.3184763
       2       7.3421656
       3       15.617913
       4       23.872214
       5       23.294933
       6       25.136384
       7       20.038757
       8       15.706947
       9       14.316787
      10       8.8287612
      11       9.2702567
      12       11.941176
      13    15.06
 
       1 0.0
       2 0.0
       3 0.0
       4 0.0
       5 0.0
       6 0.0
       7 0.0
       8 0.0
       9 0.0
      10 0.0
      11 0.0
      12 0.0
      13 0.0
 
       1     0.068960220
       2     0.092812377
       3      0.20459827
       4      0.31707702
       5      0.31155479
       6      0.33265323
       7      0.25672971
       8      0.19635713
       9      0.18314965
      10      0.11051991
      11      0.12115111
      12      0.16202073
      13   0.1965
 
       1      0.85347051
       2      0.85052780
       3      0.85181280
       4      0.85382261
       5      0.85379336
       6      0.85105683
       7      0.85208280
       8      0.85111907
       9      0.85171202
      10      0.85050127
      11      0.85227336
      12      0.85411521
      13   0.8522
 
       1     0.010811631
       2     0.014685930
       3     0.031544204
       4     0.048344570
       5     0.047597082
       6     0.051064475
       7     0.039949538
       8     0.031001724
       9     0.028662481
      10     0.017619658
      11     0.018729103
      12     0.024472433
      13   0.0304
 
       1      0.66069990
       2      0.64608086
       3      0.78576594
       4      0.86257514
       5      0.87180534
       6      0.89962573
       7      0.87935339
       8      0.83726076
       9      0.83624879
      10      0.72236562
      11      0.71180864
      12      0.73516440
      13   0.7874
 
