       1       67.181604
       2       63.839520
       3       56.750365
       4       46.022196
       5       29.475385
       6       16.268095
       7       16.025771
       8       12.897219
       9       11.561340
      10       32.704096
      11       61.823140
      12       58.559991
      13   473.11
 
       1       32.400547
       2       33.771204
       3       32.949266
       4       27.963797
       5       19.727683
       6       11.057165
       7       10.504904
       8       8.5353901
       9       7.5225837
      10       18.085197
      11       31.723698
      12       31.387642
      13   265.63
 
       1       6.2962085
       2       5.9785760
       3       4.9073786
       4       3.4502678
       5       1.8037915
       6      0.92172832
       7      0.85646713
       8      0.70598222
       9      0.72004183
      10       2.4369682
      11       5.1494297
      12       5.0327160
      13    38.26
 
       1       20.051599
       2       20.277202
       3       16.735547
       4       13.139700
       5       7.6624408
       6       4.8239552
       7       5.1113995
       8       4.0026256
       9       2.9567027
      10       10.183668
      11       20.288213
      12       19.641479
      13   144.87
 
       1       3.2806437
       2       3.4456673
       3       2.8905705
       4       2.1223578
       5       1.3205334
       6       1.3366596
       7       1.4142262
       8       1.0913759
       9      0.72726351
      10       1.7537379
      11       3.3574285
      12       3.0998380
      13    25.84
 
       1      0.91783679
       2       1.0202359
       3      0.77569546
       4      0.57960692
       5      0.30739753
       6      0.18904106
       7      0.16408257
       8      0.13431909
       9      0.11978697
      10      0.38685452
      11      0.78925888
      12      0.76682123
      13     0.51
 
       1 0.0
       2 0.0
       3 0.0
       4 0.0
       5 0.0
       6 0.0
       7 0.0
       8 0.0
       9 0.0
      10 0.0
      11 0.0
      12 0.0
      13 0.0
 
       1     0.023333378
       2     0.027187558
       3     0.021632276
       4     0.015935821
       5    0.0089644855
       6    0.0053420924
       7    0.0046228400
       8    0.0039614808
       9    0.0035877201
      10     0.010242525
      11     0.020455175
      12     0.019949641
      13   0.0138
 
       1       1.0000000
       2       1.0000000
       3       1.0000000
       4       1.0000000
       5       1.0000000
       6       1.0000000
       7       1.0000000
       8       1.0000000
       9       1.0000000
      10       1.0000000
      11       1.0000000
      12       1.0000000
      13   1.0000
 
       1       0.0000000
       2       0.0000000
       3       0.0000000
       4       0.0000000
       5       0.0000000
       6       0.0000000
       7       0.0000000
       8       0.0000000
       9       0.0000000
      10       0.0000000
      11       0.0000000
      12       0.0000000
      13   0.0000
 
       1      0.67942584
       2      0.67069096
       3      0.59183741
       4      0.53685457
       5      0.41417135
       6      0.36354138
       7      0.43213230
       8      0.51205198
       9      0.53799752
      10      0.59769973
      11      0.64256406
      12      0.69396828
      13   0.5561
 
