       1       67.627284
       2       59.821022
       3       47.994680
       4       43.934771
       5       25.410737
       6       22.511020
       7       17.666034
       8       9.4380663
       9       10.227164
      10       29.116897
      11       43.549034
      12       59.348092
      13   436.64
 
       1       34.164630
       2       31.123059
       3       27.813686
       4       26.542119
       5       16.996792
       6       13.412755
       7       11.586993
       8       6.3678864
       9       6.5929401
      10       16.556475
      11       22.999512
      12       31.756406
      13   245.91
 
       1       6.2946095
       2       5.3682718
       3       3.8484825
       4       3.2049338
       5       1.6345571
       6       1.3608291
       7      0.97862653
       8      0.54619715
       9      0.68093112
      10       2.1361525
      11       3.6852104
      12       5.4211802
      13    35.16
 
       1       22.194053
       2       18.795426
       3       13.892889
       4       11.394436
       5       6.8802690
       6       7.5141574
       7       5.8217840
       8       2.7864869
       9       2.6463951
      10       8.6189915
      11       14.104487
      12       18.275730
      13   132.93
 
       1       3.5722738
       2       3.3270493
       3       2.6756897
       4       2.1245734
       5       1.3730265
       6       1.8094468
       7       1.5387249
       8      0.83448878
       9      0.68667072
      10       1.7302688
      11       2.4042105
      12       3.6511543
      13    25.73
 
       1      0.96108599
       2      0.93778706
       3      0.64529089
       4      0.51525219
       5      0.28718955
       6      0.28451209
       7      0.19836410
       8      0.10351402
       9      0.11740749
      10      0.33797003
      11      0.60124750
      12      0.80763712
      13     0.48
 
       1 0.0
       2 0.0
       3 0.0
       4 0.0
       5 0.0
       6 0.0
       7 0.0
       8 0.0
       9 0.0
      10 0.0
      11 0.0
      12 0.0
      13 0.0
 
       1     0.024263124
       2     0.024398510
       3     0.017989590
       4     0.014476063
       5    0.0083336323
       6    0.0073120962
       7    0.0054722812
       8    0.0029727984
       9    0.0034383713
      10    0.0091239168
      11     0.015645234
      12     0.021371476
      13   0.0129
 
       1       1.0000000
       2       1.0000000
       3       1.0000000
       4       1.0000000
       5       1.0000000
       6       1.0000000
       7       1.0000000
       8       1.0000000
       9       1.0000000
      10       1.0000000
      11       1.0000000
      12       1.0000000
      13   1.0000
 
       1       0.0000000
       2       0.0000000
       3       0.0000000
       4       0.0000000
       5       0.0000000
       6       0.0000000
       7       0.0000000
       8       0.0000000
       9       0.0000000
      10       0.0000000
      11       0.0000000
      12       0.0000000
      13   0.0000
 
       1      0.69672115
       2      0.64562183
       3      0.56766644
       4      0.54908113
       5      0.43682263
       6      0.37438528
       7      0.42995057
       8      0.49589042
       9      0.49900434
      10      0.57550964
      11      0.61900548
      12      0.68391702
      13   0.5478
 
