       1       439.30906
       2       454.18990
       3       482.61185
       4       464.59248
       5       503.15497
       6       500.13962
       7       525.03116
       8       514.20169
       9       476.99093
      10       488.80690
      11       467.26832
      12       490.10117
      13  5806.40
 
       1       265.30872
       2       277.24572
       3       294.72079
       4       290.65303
       5       311.33489
       6       306.01699
       7       316.18006
       8       312.07857
       9       297.22913
      10       304.21128
      11       286.80651
      12       296.87881
      13  3558.66
 
       1       33.546245
       2       35.023726
       3       36.505175
       4       34.955597
       5       37.804111
       6       36.953187
       7       39.384575
       8       39.227565
       9       36.670278
      10       36.994823
      11       35.177340
      12       36.900312
      13   439.14
 
       1       120.35516
       2       123.00650
       3       129.39686
       4       117.69345
       5       129.76581
       6       132.26962
       7       142.89619
       8       137.39920
       9       122.71524
      10       125.43027
      11       125.48597
      12       133.46837
      13  1539.88
 
       1       19.502314
       2       19.741020
       3       21.871450
       4       20.924478
       5       24.132725
       6       24.072276
       7       26.930724
       8       25.100503
       9       21.155270
      10       21.722351
      11       20.620787
      12       23.505577
      13   269.28
 
       1       5.3798704
       2       6.0968470
       3       5.7766701
       4       5.6059872
       5       6.0809636
       6       6.2067415
       7       6.3699094
       8       6.4140090
       9       6.0917925
      10       5.7541312
      11       5.7784373
      12       5.9039125
      13     5.95
 
       1 0.0
       2 0.0
       3 0.0
       4 0.0
       5 0.0
       6 0.0
       7 0.0
       8 0.0
       9 0.0
      10 0.0
      11 0.0
      12 0.0
      13 0.0
 
       1     0.022151572
       2     0.025406128
       3     0.024029719
       4     0.023622545
       5     0.025127465
       6     0.025361702
       7     0.025856031
       8     0.026360717
       9     0.025507468
      10     0.024356866
      11     0.023930864
      12     0.024219512
      13   0.0247
 
       1       1.0000000
       2       1.0000000
       3       1.0000000
       4       1.0000000
       5       1.0000000
       6       1.0000000
       7       1.0000000
       8       1.0000000
       9       1.0000000
      10       1.0000000
      11       1.0000000
      12       1.0000000
      13   1.0000
 
       1       0.0000000
       2       0.0000000
       3       0.0000000
       4       0.0000000
       5       0.0000000
       6       0.0000000
       7       0.0000000
       8       0.0000000
       9       0.0000000
      10       0.0000000
      11       0.0000000
      12       0.0000000
      13   0.0000
 
       1      0.69288354
       2      0.68801473
       3      0.66688323
       4      0.62600428
       5      0.60449438
       6      0.59787873
       7      0.63630431
       8      0.66130289
       9      0.67336554
      10      0.69293977
      11      0.70407883
      12      0.69815769
      13   0.6619
 
