       1       464.17402
       2       450.29276
       3       479.78150
       4       461.34964
       5       519.55581
       6       491.72487
       7       515.97481
       8       509.58865
       9       479.52236
      10       494.81457
      11       454.34603
      12       462.85040
      13  5783.98
 
       1       276.43594
       2       274.25241
       3       295.98467
       4       284.09985
       5       316.77264
       6       302.06134
       7       313.64126
       8       310.14945
       9       300.24528
      10       306.09167
      11       280.41571
      12       281.02177
      13  3541.17
 
       1       35.981578
       2       34.579804
       3       37.239749
       4       34.639572
       5       38.888547
       6       36.990092
       7       39.371529
       8       38.884784
       9       36.600522
      10       37.089149
      11       34.246190
      12       34.859998
      13   439.37
 
       1       129.16023
       2       121.41531
       3       125.38436
       4       121.65707
       5       136.85672
       6       127.34356
       7       137.34121
       8       135.19861
       9       122.11279
      10       128.30839
      11       122.12371
      12       125.19856
      13  1532.10
 
       1       20.987023
       2       19.639148
       3       21.005719
       4       22.577426
       5       26.540930
       6       23.336908
       7       26.342058
       8       25.394577
       9       22.111212
      10       21.808553
      11       19.622706
      12       21.102707
      13   270.47
 
       1       5.7549570
       2       6.1040481
       3       5.8015206
       4       5.6119185
       5       6.1108291
       6       6.1150234
       7       6.4594878
       8       6.3295531
       9       5.9848967
      10       5.8591832
      11       5.7103566
      12       5.5173060
      13     5.95
 
       1 0.0
       2 0.0
       3 0.0
       4 0.0
       5 0.0
       6 0.0
       7 0.0
       8 0.0
       9 0.0
      10 0.0
      11 0.0
      12 0.0
      13 0.0
 
       1     0.023297266
       2     0.025546038
       3     0.024371013
       4     0.023206264
       5     0.025036031
       6     0.025291939
       7     0.026380603
       8     0.025896325
       9     0.025052664
      10     0.024462855
      11     0.023621489
      12     0.022881669
      13   0.0246
 
       1       1.0000000
       2       1.0000000
       3       1.0000000
       4       1.0000000
       5       1.0000000
       6       1.0000000
       7       1.0000000
       8       1.0000000
       9       1.0000000
      10       1.0000000
      11       1.0000000
      12       1.0000000
      13   1.0000
 
       1       0.0000000
       2       0.0000000
       3       0.0000000
       4       0.0000000
       5       0.0000000
       6       0.0000000
       7       0.0000000
       8       0.0000000
       9       0.0000000
      10       0.0000000
      11       0.0000000
      12       0.0000000
      13   0.0000
 
       1      0.67154951
       2      0.71067894
       3      0.66860155
       4      0.62498806
       5      0.59463141
       6      0.58467589
       7      0.63440492
       8      0.65689555
       9      0.65846846
      10      0.67155069
      11      0.68870950
      12      0.69441239
      13   0.6550
 
