       1       175.15444
       2       113.98622
       3       158.50631
       4       169.14726
       5       148.71981
       6       131.08658
       7       134.54536
       8       121.91359
       9       110.77398
      10       72.693488
      11       94.822663
      12       121.41833
      13  1552.77
 
       1       117.92149
       2       77.284591
       3       104.06657
       4       105.08229
       5       90.645144
       6       79.284635
       7       75.732488
       8       70.639640
       9       69.903880
      10       48.517542
      11       64.902951
      12       83.816433
      13   987.80
 
       1       13.836482
       2       10.195250
       3       11.921478
       4       10.596030
       5       8.4124488
       6       7.7325113
       7       6.7769356
       8       6.7445445
       9       7.3114715
      10       5.9882997
      11       7.5771127
      12       10.025155
      13   107.12
 
       1       14.479404
       2       11.085250
       3       15.141245
       4       14.014354
       5       12.278733
       6       14.728698
       7       17.806534
       8       12.760272
       9       10.806601
      10       6.8741682
      11       9.0549509
      12       12.871316
      13   151.90
 
       1       14.172425
       2       9.8491151
       3       15.717820
       4       16.509876
       5       17.003365
       6       19.415944
       7       23.844971
       8       21.392280
       9       22.944577
      10       13.891383
      11       12.673145
      12       12.612085
      13   200.03
 
       1       12.423931
       2       10.871472
       3       18.500563
       4       20.584801
       5       20.620325
       6       22.742681
       7       17.630937
       8       16.319392
       9       15.509095
      10       8.2797521
      11       8.9749693
      12       8.7550511
      13    15.10
 
       1 0.0
       2 0.0
       3 0.0
       4 0.0
       5 0.0
       6 0.0
       7 0.0
       8 0.0
       9 0.0
      10 0.0
      11 0.0
      12 0.0
      13 0.0
 
       1      0.17056386
       2      0.14718246
       3      0.25179606
       4      0.27614692
       5      0.27269111
       6      0.30039492
       7      0.22272720
       8      0.20646541
       9      0.19931247
      10      0.10517151
      11      0.11713297
      12      0.11725488
      13   0.1989
 
       1      0.88279598
       2      0.88272275
       3      0.88267824
       4      0.88224204
       5      0.88094764
       6      0.88028088
       7      0.88134167
       8      0.88074144
       9      0.88187195
      10      0.88216739
      11      0.88164931
      12      0.88141567
      13   0.8817
 
       1     0.020617651
       2     0.017987871
       3     0.030659296
       4     0.033714993
       5     0.033659715
       6     0.037099214
       7     0.028035175
       8     0.026035874
       9     0.024968807
      10     0.013370969
      11     0.014639877
      12     0.014428098
      13   0.0246
 
       1      0.72270519
       2      0.75782409
       3      0.78064021
       4      0.88567053
       5      0.86099125
       6      0.91085311
       7      0.85992729
       8      0.83675486
       9      0.80933769
      10      0.69919284
      11      0.70788472
      12      0.72293009
      13   0.7962
 
