       1       617.94047
       2       545.93908
       3       597.52623
       4       574.96659
       5       653.70827
       6       629.24712
       7       651.27993
       8       612.41749
       9       595.04363
      10       596.72673
      11       596.65431
      12       616.54945
      13  7288.00
 
       1       370.99216
       2       329.33607
       3       361.53752
       4       355.57866
       5       398.97218
       6       380.40146
       7       388.50481
       8       361.55022
       9       361.17266
      10       365.13099
      11       361.85861
      12       368.00789
      13  4403.04
 
       1       46.867080
       2       40.190929
       3       44.504936
       4       42.064106
       5       47.480842
       6       45.692009
       7       48.537358
       8       45.512753
       9       44.230110
      10       43.867760
      11       43.910702
      12       46.021448
      13   538.88
 
       1       172.43135
       2       152.06213
       3       164.72968
       4       149.76098
       5       172.31728
       6       171.35850
       7       180.47376
       8       170.69229
       9       163.12710
      10       161.94688
      11       163.94199
      12       173.45462
      13  1996.30
 
       1       27.429679
       2       24.555659
       3       27.913726
       4       26.752501
       5       32.834801
       6       32.279832
       7       34.180883
       8       33.088364
       9       27.918980
      10       26.763056
      11       27.052669
      12       28.409982
      13   349.18
 
       1       8.0569872
       2       7.6162259
       3       7.5666464
       4       7.5448949
       5       8.0819307
       6       8.5336392
       7       8.6903962
       8       8.2424155
       9       8.1258845
      10       7.6368680
      11       7.8636882
      12       7.7566541
      13     7.98
 
       1 0.0
       2 0.0
       3 0.0
       4 0.0
       5 0.0
       6 0.0
       7 0.0
       8 0.0
       9 0.0
      10 0.0
      11 0.0
      12 0.0
      13 0.0
 
       1     0.032448818
       2     0.031035344
       3     0.030484066
       4     0.030474919
       5     0.032701666
       6     0.033853423
       7     0.034406894
       8     0.032321393
       9     0.032387920
      10     0.030682648
      11     0.031764858
      12     0.031313367
      13   0.0320
 
       1       1.0000000
       2       1.0000000
       3       1.0000000
       4       1.0000000
       5       1.0000000
       6       1.0000000
       7       1.0000000
       8       1.0000000
       9       1.0000000
      10       1.0000000
      11       1.0000000
      12       1.0000000
      13   1.0000
 
       1       0.0000000
       2       0.0000000
       3       0.0000000
       4       0.0000000
       5       0.0000000
       6       0.0000000
       7       0.0000000
       8       0.0000000
       9       0.0000000
      10       0.0000000
      11       0.0000000
      12       0.0000000
      13   0.0000
 
       1      0.71967950
       2      0.71891467
       3      0.67021116
       4      0.65068407
       5      0.63039864
       6      0.63590655
       7      0.68029044
       8      0.69060912
       9      0.70732480
      10      0.70670205
      11      0.72167923
      12      0.74172601
      13   0.6895
 
