       1       175.52440
       2       127.08143
       3       216.58047
       4       164.61221
       5       177.14867
       6       229.37911
       7       227.96065
       8       185.46159
       9       170.41825
      10       123.80937
      11       143.99557
      12       176.17412
      13  2118.15
 
       1       118.97128
       2       87.651367
       3       138.23981
       4       104.21728
       5       110.08605
       6       136.43693
       7       126.00077
       8       107.42067
       9       105.79233
      10       81.863602
      11       93.667887
      12       120.40568
      13  1330.75
 
       1       16.718564
       2       13.307980
       3       17.507519
       4       14.353523
       5       14.548291
       6       15.966003
       7       14.033141
       8       12.733904
       9       12.857649
      10       11.213927
      11       11.493805
      12       16.556862
      13   171.29
 
       1       22.256287
       2       17.414226
       3       25.249528
       4       22.985008
       5       23.718084
       6       43.351897
       7       46.658527
       8       32.292957
       9       23.422443
      10       15.021162
      11       15.778840
      12       23.735843
      13   311.88
 
       1       16.358966
       2       13.001527
       3       21.555361
       4       21.577000
       5       24.974917
       6       40.867199
       7       41.112039
       8       37.875047
       9       31.818768
      10       21.598258
      11       15.163972
      12       21.241988
      13   307.15
 
       1       14.349834
       2       13.967455
       3       22.740123
       4       23.008431
       5       26.396217
       6       32.973521
       7       27.290177
       8       22.827209
       9       21.470086
      10       14.875864
      11       12.679502
      12       13.767253
      13    20.53
 
       1 0.0
       2 0.0
       3 0.0
       4 0.0
       5 0.0
       6 0.0
       7 0.0
       8 0.0
       9 0.0
      10 0.0
      11 0.0
      12 0.0
      13 0.0
 
       1     0.013688858
       2     0.013326104
       3     0.021256347
       4     0.021424868
       5     0.024267782
       6     0.030231598
       7     0.024395172
       8     0.020421772
       9     0.019539966
      10     0.013652384
      11     0.011758673
      12     0.013189516
      13   0.0189
 
       1      0.93940397
       2      0.93825431
       3      0.93804507
       4      0.93820669
       5      0.93721579
       6      0.93735807
       7      0.93881516
       8      0.93928588
       9      0.93800840
      10      0.93874090
      11      0.93944743
      12      0.93976411
      13   0.9385
 
       1   0.00095740925
       2   0.00093396611
       3    0.0015066584
       4    0.0015268544
       5    0.0017467718
       6    0.0021693338
       7    0.0017796330
       8    0.0014920583
       9    0.0014120193
      10   0.00098533150
      11   0.00084181782
      12   0.00091983684
      13   0.0014
 
       1      0.26813737
       2      0.28264104
       3      0.29051441
       4      0.32559695
       5      0.35404449
       6      0.36912163
       7      0.33092520
       8      0.29747278
       9      0.31384885
      10      0.29384843
      11      0.27240449
      12      0.26436154
      13   0.3052
 
