       1       9.0916413
       2       13.136116
       3       17.496262
       4       28.470606
       5       33.873520
       6       50.475951
       7       44.513059
       8       30.738954
       9       18.881344
      10 0.0
      11       8.8021451
      12       6.8817418
      13   262.36
 
       1       6.3746380
       2       8.5310763
       3       11.946167
       4       16.589990
       5       18.834817
       6       26.150329
       7       23.589439
       8       16.467396
       9       11.087836
      10 0.0
      11       6.6083930
      12       5.6437047
      13   151.82
 
       1      0.72474519
       2       1.1254438
       3       2.1065334
       4       2.8724974
       5       2.8833659
       6       3.1560291
       7       3.1090447
       8       2.1137590
       9       1.4585191
      10 0.0
      11      0.91024887
      12      0.81191430
      13    21.27
 
       1      0.63879993
       2       1.1727199
       3       2.6155709
       4       4.5979329
       5       4.7895215
       6       14.676988
       7       13.327913
       8       7.9810742
       9       3.6280511
      10 0.0
      11      0.86262978
      12      0.91478447
      13    55.21
 
       1     0.063261915
       2      0.45777680
       3       1.9602525
       4       3.1643805
       5       3.0360956
       6       7.1995336
       7       5.9957221
       8       3.9549493
       9       1.9712762
      10 0.0
      11      0.11439493
      12      0.12469211
      13    28.04
 
       1      0.55162610
       2       1.3812920
       3       2.8620296
       4       4.0848466
       5       3.7271171
       6       4.2274509
       7       3.6316752
       8       2.5649394
       9       1.7318531
      10 0.0
      11      0.98227394
      12      0.74341889
      13     2.41
 
       1 0.0
       2 0.0
       3 0.0
       4 0.0
       5 0.0
       6 0.0
       7 0.0
       8 0.0
       9 0.0
      10 0.0
      11 0.0
      12 0.0
      13 0.0
 
       1     0.012064358
       2     0.029097785
       3     0.059409456
       4     0.084895415
       5     0.075813945
       6     0.081021771
       7     0.068220647
       8     0.048080559
       9     0.033238585
      10 0.0
      11     0.022029349
      12     0.016431894
      13   0.0482
 
       1      0.93407046
       2      0.93128739
       3      0.93047794
       4      0.93043584
       5      0.93015464
       6      0.92803521
       7      0.92786559
       8      0.92867678
       9      0.92796949
      10 0.0
      11      0.93452430
      12      0.93408369
      13   0.9307
 
       1   0.00083649614
       2    0.0020620824
       3    0.0042498796
       4    0.0060490328
       5    0.0054619115
       6    0.0060490798
       7    0.0051697076
       8    0.0036626803
       9    0.0025023256
      10 0.0
      11    0.0014946881
      12    0.0011317891
      13   0.0035
 
       1      0.84272226
       2      0.91129297
       3      0.93657733
       4      0.97728812
       5      0.97916131
       6      0.98248491
       7      0.97806166
       8      0.97495067
       9      0.97708691
      10 0.0
      11      0.96009698
      12      0.92183346
      13   0.9492
 
