       1       11.827559
       2       12.647001
       3       15.002769
       4       23.241576
       5       36.019766
       6       52.258434
       7       40.133979
       8       22.536662
       9       19.298713
      10       11.343816
      11       9.6029113
      12       7.1656423
      13   261.08
 
       1       7.6285988
       2       8.5089341
       3       9.9206041
       4       14.218623
       5       20.336089
       6       26.823542
       7       22.644346
       8       13.464466
       9       11.001980
      10       7.4200052
      11       6.9578640
      12       5.4580178
      13   154.38
 
       1      0.97192521
       2       1.3483897
       3       1.7300771
       4       2.6242849
       5       3.4416916
       6       3.3000598
       7       3.1132043
       8       1.9688425
       9       1.3914033
      10       1.0758202
      11       1.0550665
      12      0.78001740
      13    22.80
 
       1      0.88162598
       2       1.2599181
       3       2.1261990
       4       3.7817000
       5       6.8696397
       6       12.547661
       7       13.158961
       8       5.3021222
       9       2.4539038
      10       1.0802424
      11       1.1470514
      12       1.1007190
      13    51.71
 
       1      0.16429356
       2      0.60843553
       3       1.2506600
       4       2.4283190
       5       4.6945574
       6       7.3292527
       7       6.6180157
       8       3.8765974
       9       2.1505866
      10      0.48967670
      11      0.39335927
      12      0.34336058
      13    30.35
 
       1      0.81372360
       2       1.2063120
       3       1.9200665
       4       3.7350932
       5       4.9837765
       6       4.3727149
       7       3.5322712
       8       2.1313719
       9       1.6127876
      10       1.1596732
      11      0.97934497
      12      0.68786274
      13     2.26
 
       1 0.0
       2 0.0
       3 0.0
       4 0.0
       5 0.0
       6 0.0
       7 0.0
       8 0.0
       9 0.0
      10 0.0
      11 0.0
      12 0.0
      13 0.0
 
       1     0.022906319
       2     0.032083302
       3     0.051808070
       4     0.097762165
       5      0.13293978
       6      0.10671730
       7     0.084179496
       8     0.050190972
       9     0.039633174
      10     0.030925680
      11     0.026907799
      12     0.019475147
      13   0.0580
 
       1      0.85312112
       2      0.84995078
       3      0.84893609
       4      0.84644097
       5      0.84871987
       6      0.84725672
       7      0.84567549
       8      0.84484159
       9      0.84655296
      10      0.85094126
      11      0.85087932
      12      0.85294779
      13   0.8489
 
       1    0.0034384526
       2    0.0049865503
       3    0.0079555506
       4     0.015216509
       5     0.020374793
       6     0.016941303
       7     0.013556777
       8    0.0081944139
       9    0.0063421205
      10    0.0047809776
      11    0.0041280901
      12    0.0029440934
      13   0.0091
 
       1      0.90086085
       2      0.85157848
       3      0.94334460
       4      0.97332137
       5      0.98549369
       6      0.98540839
       7      0.97680596
       8      0.97441576
       9      0.98172732
      10      0.96516608
      11      0.96537947
      12      0.91800349
      13   0.9518
 
