       1       7.2029918
       2       9.2923463
       3       20.745590
       4       21.389062
       5       36.929140
       6       47.706996
       7       40.611615
       8       28.835558
       9       18.000253
      10       8.8802155
      11       8.4391726
      12       7.0319599
      13   255.06
 
       1       5.0480085
       2       6.5601332
       3       12.906706
       4       12.939036
       5       19.255202
       6       24.244073
       7       20.664241
       8       15.981630
       9       10.385271
      10       5.8525664
      11       5.9082991
      12       5.3074144
      13   145.05
 
       1      0.60602564
       2      0.96703400
       3       2.1230769
       4       2.5612658
       5       2.8703123
       6       2.9226642
       7       2.5746433
       8       2.2276958
       9       1.3970440
      10      0.81172101
      11      0.76479481
      12      0.68946042
      13    20.52
 
       1      0.49042674
       2       1.5142944
       3       3.3152667
       4       4.4793015
       5       5.4475330
       6       11.780517
       7       12.008495
       8       6.0146846
       9       3.0593533
      10      0.61772618
      11      0.59923031
      12      0.51085803
      13    49.84
 
       1      0.16891209
       2      0.51901171
       3       1.9464622
       4       2.9014004
       5       3.7295796
       6       5.6996878
       7       5.2167029
       8       3.9697452
       9       2.1052466
      10      0.27190922
      11      0.12890173
      12     0.072525030
      13    26.73
 
       1      0.51286294
       2       1.2126421
       3       2.5714549
       4       3.0952632
       5       3.2709954
       6       4.0254387
       7       3.2710526
       8       2.4991067
       9       1.5918937
      10      0.84410074
      11      0.69438679
      12      0.48964442
      13     2.01
 
       1 0.0
       2 0.0
       3 0.0
       4 0.0
       5 0.0
       6 0.0
       7 0.0
       8 0.0
       9 0.0
      10 0.0
      11 0.0
      12 0.0
      13 0.0
 
       1     0.010648073
       2     0.025003717
       3     0.052532265
       4     0.062695532
       5     0.063994726
       6     0.076878408
       7     0.060874917
       8     0.046431007
       9     0.030226351
      10     0.017219666
      11     0.014629917
      12     0.010990412
      13   0.0393
 
       1      0.93267941
       2      0.93051193
       3      0.92958105
       4      0.92921049
       5      0.92861049
       6      0.92749847
       7      0.92764276
       8      0.92768009
       9      0.92759338
      10      0.93078367
      11      0.93259295
      12      0.93584866
      13   0.9300
 
       1   0.00076703746
       2    0.0018010933
       3    0.0037870757
       4    0.0045526512
       5    0.0047310785
       6    0.0057586344
       7    0.0046439941
       8    0.0035673295
       9    0.0022934909
      10    0.0012550249
      11    0.0010435171
      12   0.00074819937
      13   0.0029
 
       1      0.77859682
       2      0.86137256
       3      0.93728849
       4      0.95804571
       5      0.97509041
       6      0.98132535
       7      0.97400816
       8      0.96709447
       9      0.97528353
      10      0.95297251
      11      0.92370819
      12      0.88518437
      13   0.9308
 
