       1       151.07257
       2       169.22343
       3       111.13836
       4       143.14385
       5       141.24763
       6       116.93786
       7       114.48048
       8       123.82268
       9       119.76267
      10       92.224271
      11       124.10621
      12       160.92170
      13  1568.08
 
       1       103.89309
       2       112.18275
       3       71.647847
       4       90.176336
       5       86.049535
       6       71.294008
       7       64.968168
       8       72.237278
       9       75.792128
      10       61.484459
      11       83.150059
      12       107.83659
      13  1000.71
 
       1       14.177676
       2       14.994434
       3       8.6983976
       4       10.528635
       5       9.1340473
       6       7.8571678
       7       6.6976373
       8       7.5496496
       9       9.0987617
      10       8.1443839
      11       10.270053
      12       13.776381
      13   120.93
 
       1       15.873517
       2       14.118291
       3       10.788429
       4       12.489983
       5       12.380823
       6       15.231835
       7       15.399491
       8       15.336110
       9       11.583960
      10       8.0572794
      11       12.658018
      12       19.563599
      13   163.48
 
       1       12.289440
       2       15.316763
       3       11.056574
       4       15.234396
       5       14.527557
       6       14.306775
       7       16.321306
       8       21.627796
       9       24.493775
      10       17.482105
      11       16.257262
      12       16.882216
      13   195.80
 
       1       11.413207
       2       15.147459
       3       10.906634
       4       17.840824
       5       18.700057
       6       17.714616
       7       14.232194
       8       15.703841
       9       15.548516
      10       11.309282
      11       10.862075
      12       11.303354
      13    14.22
 
       1 0.0
       2 0.0
       3 0.0
       4 0.0
       5 0.0
       6 0.0
       7 0.0
       8 0.0
       9 0.0
      10 0.0
      11 0.0
      12 0.0
      13 0.0
 
       1      0.12325373
       2      0.16502470
       3      0.11273510
       4      0.18520581
       5      0.18999972
       6      0.17903566
       7      0.14044558
       8      0.15511043
       9      0.15679748
      10      0.11384243
      11      0.11323380
      12      0.12179686
      13   0.1464
 
       1      0.87390055
       2      0.87544155
       3      0.87218723
       4      0.87346253
       5      0.87092899
       6      0.87002360
       7      0.87270221
       8      0.87243027
       9      0.87155205
      10      0.87156141
      11      0.87207432
      12      0.87384377
      13   0.8725
 
       1     0.016179349
       2     0.021471516
       3     0.015200973
       4     0.024876985
       5     0.025905201
       6     0.024478674
       7     0.019427797
       8     0.021442463
       9     0.021446445
      10     0.015675922
      11     0.015191386
      12     0.015963129
      13   0.0198
 
       1      0.70944883
       2      0.75112312
       3      0.74767735
       4      0.72501126
       5      0.77380031
       6      0.81330224
       7      0.75973526
       8      0.78441859
       9      0.81009946
      10      0.74434082
      11      0.74668882
      12      0.67962575
      13   0.7538
 
