       1       115.00822
       2       141.17669
       3       238.27097
       4       148.85919
       5       245.51533
       6       228.45668
       7       239.35720
       8       207.02869
       9       146.48907
      10       117.57720
      11       100.92145
      12       147.08086
      13  2075.74
 
       1       81.696624
       2       94.406173
       3       152.40575
       4       96.616324
       5       153.12970
       6       132.72308
       7       133.92955
       8       122.21511
       9       93.730766
      10       77.789140
      11       68.903576
      12       96.584014
      13  1304.13
 
       1       11.448826
       2       12.318897
       3       18.130178
       4       13.742431
       5       16.934217
       6       14.382901
       7       14.234429
       8       13.540472
       9       11.573797
      10       9.5539258
      11       8.9530088
      12       11.201265
      13   156.01
 
       1       14.928738
       2       15.949334
       3       28.605221
       4       24.280045
       5       30.891645
       6       43.417121
       7       47.916273
       8       37.272676
       9       19.979556
      10       14.867706
      11       13.900611
      12       14.400081
      13   306.41
 
       1       12.567546
       2       12.635259
       3       21.430382
       4       21.691935
       5       34.012203
       6       42.206317
       7       45.267614
       8       43.570402
       9       29.293207
      10       16.152424
      11       12.900693
      12       11.002162
      13   302.73
 
       1       10.370140
       2       14.175940
       3       29.286260
       4       25.379472
       5       40.142207
       6       33.784308
       7       31.364150
       8       28.950356
       9       20.586178
      10       14.301339
      11       11.025521
      12       10.701938
      13    22.51
 
       1 0.0
       2 0.0
       3 0.0
       4 0.0
       5 0.0
       6 0.0
       7 0.0
       8 0.0
       9 0.0
      10 0.0
      11 0.0
      12 0.0
      13 0.0
 
       1     0.012601949
       2     0.016949700
       3     0.036381630
       4     0.031617371
       5     0.049301182
       6     0.040315933
       7     0.036477574
       8     0.034027514
       9     0.024153189
      10     0.016975228
      11     0.013322408
      12     0.012730313
      13   0.0271
 
       1      0.86403314
       2      0.86248976
       3      0.86218564
       4      0.86384033
       5      0.86088770
       6      0.86148556
       7      0.86259070
       8      0.86337297
       9      0.86165196
      10      0.86165635
      11      0.86262636
      12      0.86267669
      13   0.8625
 
       1    0.0019287292
       2    0.0026126722
       3    0.0054642682
       4    0.0047536651
       5    0.0074483035
       6    0.0061681742
       7    0.0056551425
       8    0.0052565728
       9    0.0037481924
      10    0.0026332958
      11    0.0020502012
      12    0.0019678737
      13   0.0041
 
       1      0.26853944
       2      0.29783531
       3      0.34906181
       4      0.37756650
       5      0.39572770
       6      0.39787017
       7      0.36600012
       8      0.34785932
       9      0.34054296
      10      0.31104666
      11      0.30765569
      12      0.29305878
      13   0.3377
 
