       1       11.105151
       2       13.123413
       3       15.049872
       4       20.945071
       5       36.294624
       6       50.284758
       7       46.667056
       8       30.324295
       9       18.190068
      10       13.136988
      11       8.8107544
      12       5.1104251
      13   269.04
 
       1       7.6464635
       2       8.6912683
       3       9.7249944
       4       12.852253
       5       19.422583
       6       25.758019
       7       24.996034
       8       18.006857
       9       10.326272
      10       7.9332874
      11       6.2508163
      12       4.1892087
      13   155.80
 
       1       1.0046157
       2       1.2645239
       3       1.6684205
       4       2.5595838
       5       2.9493659
       6       3.2584473
       7       3.3490930
       8       2.6376562
       9       1.4135135
      10       1.0112507
      11      0.88263095
      12      0.51443913
      13    22.51
 
       1      0.99687568
       2       2.4874029
       3       2.0663301
       4       4.4950610
       5       7.0844772
       6       13.135651
       7       17.308042
       8       9.1163207
       9       3.4614894
      10      0.56807908
      11      0.85105690
      12      0.78877476
      13    62.36
 
       1      0.31834348
       2       1.1144856
       3       1.4105744
       4       3.1188508
       5       4.1223664
       6       6.3010390
       7       6.7444861
       8       5.3260737
       9       2.6437920
      10      0.34195217
      11      0.18068773
      12      0.10513663
      13    31.73
 
       1      0.88535766
       2       1.8987673
       3       2.1026052
       4       3.7481181
       5       4.0573080
       6       4.5811429
       7       4.0272993
       8       2.9026979
       9       1.5697249
      10      0.94154676
      11      0.83856566
      12      0.47029219
      13     2.34
 
       1 0.0
       2 0.0
       3 0.0
       4 0.0
       5 0.0
       6 0.0
       7 0.0
       8 0.0
       9 0.0
      10 0.0
      11 0.0
      12 0.0
      13 0.0
 
       1     0.025570195
       2     0.052978727
       3     0.057802925
       4      0.10224650
       5      0.10790302
       6      0.11687468
       7     0.097961246
       8     0.071524658
       9     0.038730129
      10     0.025055819
      11     0.023520621
      12     0.013455843
      13   0.0611
 
       1      0.89021798
       2      0.88782986
       3      0.88591270
       4      0.88510793
       5      0.88544902
       6      0.88527593
       7      0.88416368
       8      0.88354727
       9      0.88343628
      10      0.88901946
      11      0.88890631
      12      0.89103210
      13   0.8867
 
       1    0.0028885145
       2    0.0060984961
       3    0.0067202681
       4     0.011905768
       5     0.012656232
       6     0.013907975
       7     0.011992555
       8    0.0087376517
       9    0.0047545278
      10    0.0029686217
      11    0.0027230558
      12    0.0015441772
      13   0.0072
 
       1      0.91536380
       2      0.93274699
       3      0.95818211
       4      0.97365035
       5      0.98333342
       6      0.98930554
       7      0.97881911
       8      0.98138661
       9      0.98115588
      10      0.92223483
      11      0.94066826
      12      0.92481464
      13   0.9568
 
