       1       519.26032
       2       485.25917
       3       463.19198
       4       488.83924
       5       483.64570
       6       504.21942
       7       534.77117
       8       543.32150
       9       503.54541
      10       431.35610
      11       460.60566
      12       482.88771
      13  5900.90
 
       1       311.86368
       2       291.21009
       3       283.63254
       4       299.69669
       5       299.20421
       6       308.56228
       7       327.94447
       8       332.12444
       9       312.31187
      10       268.77357
      11       282.57368
      12       294.27423
      13  3612.17
 
       1       39.770354
       2       37.760746
       3       35.327333
       4       36.722719
       5       35.712466
       6       38.061738
       7       40.270798
       8       41.550081
       9       38.120071
      10       33.767143
      11       34.468328
      12       36.402076
      13   447.93
 
       1       142.47682
       2       131.80466
       3       124.81656
       4       129.16979
       5       126.21913
       6       130.35106
       7       140.50092
       8       144.87160
       9       131.27061
      10       109.71265
      11       123.32868
      12       130.77906
      13  1565.30
 
       1       24.764161
       2       22.885573
       3       21.249868
       4       23.136164
       5       23.265418
       6       25.927299
       7       25.133698
       8       25.944614
       9       21.904514
      10       19.609872
      11       19.956068
      12       21.601317
      13   275.38
 
       1       6.3837506
       2       6.3206752
       3       5.6879704
       4       5.9325918
       5       5.6567193
       6       6.3435033
       7       6.5320882
       8       6.7087650
       9       6.3001760
      10       5.5013198
      11       5.7092445
      12       5.8708152
      13     6.08
 
       1 0.0
       2 0.0
       3 0.0
       4 0.0
       5 0.0
       6 0.0
       7 0.0
       8 0.0
       9 0.0
      10 0.0
      11 0.0
      12 0.0
      13 0.0
 
       1     0.026194830
       2     0.026074287
       3     0.023449603
       4     0.024400715
       5     0.023383449
       6     0.026119149
       7     0.026882445
       8     0.027811055
       9     0.026445759
      10     0.022997387
      11     0.023603992
      12     0.024370933
      13   0.0251
 
       1       1.0000000
       2       1.0000000
       3       1.0000000
       4       1.0000000
       5       1.0000000
       6       1.0000000
       7       1.0000000
       8       1.0000000
       9       1.0000000
      10       1.0000000
      11       1.0000000
      12       1.0000000
      13   1.0000
 
       1       0.0000000
       2       0.0000000
       3       0.0000000
       4       0.0000000
       5       0.0000000
       6       0.0000000
       7       0.0000000
       8       0.0000000
       9       0.0000000
      10       0.0000000
      11       0.0000000
      12       0.0000000
      13   0.0000
 
       1      0.70070709
       2      0.71081344
       3      0.66677630
       4      0.64064568
       5      0.61533771
       6      0.60829583
       7      0.65179713
       8      0.67484253
       9      0.68144076
      10      0.70861702
      11      0.71368609
      12      0.70317352
      13   0.6730
 
