       1       138.94480
       2       125.63313
       3       172.46788
       4       106.95868
       5       152.57606
       6       126.20541
       7       135.20055
       8       121.84286
       9       110.61887
      10       78.692035
      11       105.65201
      12       130.13779
      13  1504.93
 
       1       94.383493
       2       84.950406
       3       115.00687
       4       67.778865
       5       93.005808
       6       78.505165
       7       75.147807
       8       71.430002
       9       70.077473
      10       51.477302
      11       71.600372
      12       89.463994
      13   962.83
 
       1       11.825143
       2       11.105015
       3       15.405911
       4       7.5734864
       5       9.4803854
       6       8.3567503
       7       6.6980894
       8       7.0685734
       9       7.6554181
      10       6.2833833
      11       7.8260961
      12       11.122717
      13   110.40
 
       1       12.202274
       2       12.888433
       3       17.652490
       4       8.6814087
       5       13.655176
       6       14.820334
       7       16.976170
       8       13.269612
       9       11.387107
      10       6.1825323
      11       9.3598527
      12       13.766916
      13   150.84
 
       1       8.9581342
       2       10.019709
       3       18.329139
       4       11.050217
       5       18.850700
       6       17.367380
       7       22.687905
       8       22.812809
       9       22.654157
      10       13.723610
      11       13.367537
      12       13.275875
      13   193.10
 
       1       9.9289104
       2       11.946452
       3       17.792428
       4       13.378492
       5       20.331191
       6       20.035750
       7       16.890647
       8       15.401476
       9       14.612131
      10       8.8544723
      11       9.5416229
      12       9.1843603
      13    13.99
 
       1 0.0
       2 0.0
       3 0.0
       4 0.0
       5 0.0
       6 0.0
       7 0.0
       8 0.0
       9 0.0
      10 0.0
      11 0.0
      12 0.0
      13 0.0
 
       1      0.12913229
       2      0.15545044
       3      0.23225913
       4      0.16737076
       5      0.25557321
       6      0.25267547
       7      0.20749918
       8      0.18808587
       9      0.18129112
      10      0.10892209
      11      0.12123871
      12      0.12079321
      13   0.1767
 
       1      0.92623559
       2      0.92574390
       3      0.92536519
       4      0.92535260
       5      0.92528779
       6      0.92598274
       7      0.92551836
       8      0.92553626
       9      0.92567355
      10      0.92570704
      11      0.92664679
      12      0.92571037
      13   0.9257
 
       1    0.0099454275
       2     0.011970803
       3     0.017782837
       4     0.013206967
       5     0.020055807
       6     0.019796838
       7     0.016451551
       8     0.014996494
       9     0.014341593
      10    0.0087190364
      11    0.0094904816
      12    0.0092447913
      13   0.0138
 
       1      0.73013386
       2      0.72463075
       3      0.82782753
       4      0.74840192
       5      0.82427124
       6      0.79885850
       7      0.81496042
       8      0.80318990
       9      0.81725108
      10      0.74515537
      11      0.66465113
      12      0.68283928
      13   0.7652
 
