       1       111.91703
       2       124.04210
       3       136.34955
       4       165.06710
       5       167.48621
       6       147.91128
       7       133.13532
       8       117.34300
       9       97.423921
      10       66.085856
      11       98.741158
      12       129.20217
      13  1494.70
 
       1       77.203838
       2       83.530355
       3       88.564620
       4       102.27567
       5       103.69658
       6       87.769319
       7       74.206217
       8       68.666267
       9       61.531219
      10       44.674550
      11       65.347310
      12       91.742940
      13   949.21
 
       1       9.4348351
       2       10.771523
       3       9.9963000
       4       9.5724707
       5       9.5175698
       6       7.6190043
       7       6.7413830
       8       6.6069838
       9       6.7670615
      10       5.5554776
      11       6.9767994
      12       11.838945
      13   101.40
 
       1       9.6685644
       2       10.974864
       3       12.902733
       4       11.708611
       5       15.577229
       6       17.312182
       7       15.524439
       8       13.851156
       9       10.005920
      10       5.3672397
      11       8.6088004
      12       16.411419
      13   147.91
 
       1       9.8083823
       2       10.276681
       3       13.125510
       4       15.087237
       5       19.988286
       6       18.221282
       7       21.867115
       8       22.555367
       9       21.094276
      10       12.243453
      11       10.919273
      12       14.069786
      13   189.26
 
       1       8.3510955
       2       11.715486
       3       14.461899
       4       19.192739
       5       25.661635
       6       22.586610
       7       17.747116
       8       16.177260
       9       13.109157
      10       7.8583937
      11       8.0706636
      12       9.8020639
      13    14.56
 
       1 0.0
       2 0.0
       3 0.0
       4 0.0
       5 0.0
       6 0.0
       7 0.0
       8 0.0
       9 0.0
      10 0.0
      11 0.0
      12 0.0
      13 0.0
 
       1     0.089985618
       2      0.12709427
       3      0.15390137
       4      0.20034772
       5      0.27429335
       6      0.23821744
       7      0.18119996
       8      0.16388967
       9      0.13254955
      10     0.078778799
      11     0.082292907
      12      0.10610823
      13   0.1524
 
       1      0.83404471
       2      0.83321845
       3      0.83153311
       4      0.83230339
       5      0.83244691
       6      0.83188902
       7      0.83279033
       8      0.83158429
       9      0.82954997
      10      0.83092232
      11      0.83015153
      12      0.83087511
      13   0.8318
 
       1     0.015705809
       2     0.022021185
       3     0.026989128
       4     0.035372296
       5     0.047940037
       6     0.041756075
       7     0.032384117
       8     0.029466097
       9     0.023939267
      10     0.014415743
      11     0.014860210
      12     0.018418491
      13   0.0269
 
       1      0.67844429
       2      0.69454179
       3      0.73302774
       4      0.74816451
       5      0.86217615
       6      0.88497638
       7      0.82201910
       8      0.80866670
       9      0.79202874
      10      0.68606569
      11      0.68356378
      12      0.69127954
      13   0.7571
 
