       1       469.43562
       2       427.22308
       3       486.84029
       4       477.65409
       5       509.93445
       6       525.28863
       7       492.26547
       8       498.78196
       9       488.26093
      10       485.91351
      11       436.46911
      12       464.69853
      13  5762.77
 
       1       280.77470
       2       264.23859
       3       296.67513
       4       294.81910
       5       314.87470
       6       321.72516
       7       294.78564
       8       304.36962
       9       301.78512
      10       300.20255
      11       269.86502
      12       281.84889
      13  3525.96
 
       1       35.783212
       2       32.519687
       3       37.284101
       4       36.239785
       5       37.770629
       6       39.525849
       7       37.989706
       8       37.951975
       9       37.438205
      10       36.802694
      11       32.936395
      12       35.420534
      13   437.66
 
       1       129.62371
       2       113.32250
       3       128.33377
       4       124.47339
       5       130.01454
       6       139.48666
       7       133.80255
       8       133.72935
       9       129.46654
      10       129.15725
      11       113.57512
      12       126.35626
      13  1531.34
 
       1       23.381661
       2       17.826203
       3       23.918435
       4       22.910533
       5       25.452608
       6       24.920125
       7       25.943510
       8       21.871976
       9       20.929818
      10       20.652431
      11       19.056302
      12       21.421063
      13   268.28
 
       1       5.7271073
       2       5.6600407
       3       5.7339387
       4       5.8935799
       5       5.8810285
       6       6.6623336
       7       6.2374496
       8       6.2585078
       9       6.2186553
      10       5.8607860
      11       5.4414238
      12       5.7272588
      13     5.94
 
       1 0.0
       2 0.0
       3 0.0
       4 0.0
       5 0.0
       6 0.0
       7 0.0
       8 0.0
       9 0.0
      10 0.0
      11 0.0
      12 0.0
      13 0.0
 
       1     0.023342973
       2     0.023935896
       3     0.023853890
       4     0.024505770
       5     0.024472876
       6     0.027371520
       7     0.025000033
       8     0.025525927
       9     0.025902039
      10     0.024423683
      11     0.022652711
      12     0.023489418
      13   0.0245
 
       1       1.0000000
       2       1.0000000
       3       1.0000000
       4       1.0000000
       5       1.0000000
       6       1.0000000
       7       1.0000000
       8       1.0000000
       9       1.0000000
      10       1.0000000
      11       1.0000000
      12       1.0000000
      13   1.0000
 
       1       0.0000000
       2       0.0000000
       3       0.0000000
       4       0.0000000
       5       0.0000000
       6       0.0000000
       7       0.0000000
       8       0.0000000
       9       0.0000000
      10       0.0000000
      11       0.0000000
      12       0.0000000
      13   0.0000
 
       1      0.71540197
       2      0.67966314
       3      0.63952126
       4      0.63286864
       5      0.60622384
       6      0.59348670
       7      0.62804526
       8      0.66348738
       9      0.68145437
      10      0.67692003
      11      0.68430642
      12      0.69725824
      13   0.6582
 
