       1       31.830576
       2       26.233336
       3       20.564927
       4       20.307353
       5       22.604947
       6       23.103413
       7       20.318486
       8       15.961794
       9       12.761612
      10       14.915962
      11       17.373750
      12       30.522529
      13   256.50
 
       1       16.618171
       2       14.172594
       3       11.708567
       4       11.661619
       5       13.139279
       6       13.858390
       7       12.234609
       8       9.8804901
       9       7.7441839
      10       8.3756732
      11       9.2719737
      12       15.249544
      13   143.92
 
       1       2.4594923
       2       2.1791044
       3       1.7471494
       4       1.7459047
       5       1.6641718
       6       1.8984465
       7       1.5749508
       8       1.1518575
       9      0.99916205
      10       1.1932369
      11       1.4614516
      12       2.4289334
      13    20.50
 
       1       10.842554
       2       8.2055836
       3       6.0895361
       4       5.8849946
       5       6.3451554
       6       6.9534580
       7       6.6644783
       8       5.0160693
       9       3.7230740
      10       4.6306473
      11       5.5325759
      12       10.588517
      13    80.48
 
       1       1.4622378
       2      0.94839338
       3      0.82581111
       4      0.85597407
       5       1.0733090
       6      0.89933319
       7      0.86968916
       8      0.92175718
       9      0.85336278
      10       1.2738056
      11       1.3390506
      12       1.7582934
      13    13.08
 
       1      0.44645031
       2      0.45974555
       3      0.33002453
       4      0.35919041
       5      0.37950098
       6      0.46916803
       7      0.38187405
       8      0.27205639
       9      0.22293244
      10      0.22330346
      11      0.24303714
      12      0.40023470
      13     0.35
 
       1 0.0
       2 0.0
       3 0.0
       4 0.0
       5 0.0
       6 0.0
       7 0.0
       8 0.0
       9 0.0
      10 0.0
      11 0.0
      12 0.0
      13 0.0
 
       1     0.016392337
       2     0.016911409
       3     0.012894494
       4     0.014084482
       5     0.015050347
       6     0.018939009
       7     0.016056213
       8     0.012035237
       9    0.0092516004
      10    0.0085209017
      11    0.0094294666
      12     0.014815941
      13   0.0137
 
       1       1.0000000
       2       1.0000000
       3       1.0000000
       4       1.0000000
       5       1.0000000
       6       1.0000000
       7       1.0000000
       8       1.0000000
       9       1.0000000
      10       1.0000000
      11       1.0000000
      12       1.0000000
      13   1.0000
 
       1       0.0000000
       2       0.0000000
       3       0.0000000
       4       0.0000000
       5       0.0000000
       6       0.0000000
       7       0.0000000
       8       0.0000000
       9       0.0000000
      10       0.0000000
      11       0.0000000
      12       0.0000000
      13   0.0000
 
       1      0.26833635
       2      0.25542590
       3      0.16748105
       4      0.19155460
       5      0.19077262
       6      0.19008166
       7      0.18030959
       8      0.18278632
       9      0.16596288
      10      0.24996695
      11      0.34508294
      12      0.32454186
      13   0.2260
 
