       1       109.80694
       2       133.34637
       3       146.24303
       4       138.52577
       5       164.23340
       6       139.14652
       7       126.98451
       8       109.91949
       9       109.97608
      10       99.486685
      11       123.64294
      12       130.26319
      13  1531.57
 
       1       75.646018
       2       89.640348
       3       91.606705
       4       86.855215
       5       100.85669
       6       83.649796
       7       71.629865
       8       64.290457
       9       68.843988
      10       66.227223
      11       82.990111
      12       92.856992
      13   975.09
 
       1       9.0061896
       2       11.492489
       3       9.5978948
       4       9.1711048
       5       8.6872337
       6       7.4073212
       7       6.5214574
       8       6.3871984
       9       7.1678377
      10       7.3531727
      11       9.3346733
      12       12.121191
      13   104.25
 
       1       8.6787111
       2       13.778002
       3       11.137053
       4       11.338070
       5       11.354046
       6       13.391750
       7       15.366093
       8       11.787113
       9       9.9911283
      10       8.8854560
      11       10.837214
      12       14.052505
      13   140.60
 
       1       8.8327611
       2       10.717757
       3       12.731842
       4       15.624862
       5       16.593225
       6       19.794085
       7       21.409539
       8       21.281744
       9       21.813206
      10       15.809935
      11       13.448307
      12       16.383479
      13   194.44
 
       1       8.3670490
       2       12.865749
       3       13.795004
       4       17.192857
       5       23.064710
       6       23.270581
       7       17.102354
       8       14.200984
       9       14.717250
      10       11.126834
      11       10.271732
      12       9.9904552
      13    14.66
 
       1 0.0
       2 0.0
       3 0.0
       4 0.0
       5 0.0
       6 0.0
       7 0.0
       8 0.0
       9 0.0
      10 0.0
      11 0.0
      12 0.0
      13 0.0
 
       1     0.089245066
       2      0.13862413
       3      0.14440699
       4      0.17972516
       5      0.24359783
       6      0.24749200
       7      0.17301402
       8      0.14222397
       9      0.14924108
      10      0.11592101
      11      0.10707680
      12      0.10894340
      13   0.1533
 
       1      0.83179919
       2      0.83264798
       3      0.83219993
       4      0.83251511
       5      0.83071801
       6      0.83264813
       7      0.83200978
       8      0.83065808
       9      0.83039869
      10      0.83236202
      11      0.83374025
      12      0.83259284
      13   0.8320
 
       1     0.015657299
       2     0.024087445
       3     0.025491389
       4     0.031775352
       5     0.042847721
       6     0.043311258
       7     0.031091692
       8     0.025781165
       9     0.026883824
      10     0.020638370
      11     0.019066848
      12     0.018883069
      13   0.0271
 
       1      0.67439352
       2      0.73669919
       3      0.72589821
       4      0.75885470
       5      0.84667646
       6      0.86990159
       7      0.82670548
       8      0.79466138
       9      0.78973425
      10      0.72439515
      11      0.65266902
      12      0.69456331
      13   0.7579
 
