       1       194.79156
       2       176.94461
       3       250.11633
       4       272.09598
       5       181.55291
       6       202.53893
       7       198.12795
       8       189.88015
       9       117.56658
      10       117.44983
      11       160.04683
      12       128.65579
      13  2189.77
 
       1       135.09870
       2       115.56604
       3       164.85285
       4       175.22581
       5       113.69581
       6       118.65077
       7       110.59270
       8       110.50449
       9       75.255151
      10       76.110680
      11       107.94794
      12       87.378136
      13  1390.88
 
       1       19.643827
       2       14.679959
       3       22.097319
       4       23.500668
       5       16.004953
       6       13.821601
       7       12.396014
       8       12.744373
       9       9.5337950
      10       9.2937236
      11       13.581701
      12       10.862439
      13   178.16
 
       1       26.646873
       2       18.705008
       3       29.474114
       4       35.544600
       5       29.196723
       6       40.226044
       7       38.868939
       8       31.664523
       9       18.306844
      10       13.477429
      11       20.426199
      12       15.321904
      13   317.86
 
       1       18.038366
       2       17.200258
       3       24.774350
       4       34.394646
       5       32.180771
       6       33.678310
       7       34.124967
       8       40.197402
       9       23.236049
      10       15.446188
      11       19.026448
      12       13.915838
      13   306.21
 
       1       16.412607
       2       16.805834
       3       29.704047
       4       37.120922
       5       27.366689
       6       28.393151
       7       23.885278
       8       23.711004
       9       16.097941
      10       13.159420
      11       15.642571
      12       10.989766
      13    21.61
 
       1 0.0
       2 0.0
       3 0.0
       4 0.0
       5 0.0
       6 0.0
       7 0.0
       8 0.0
       9 0.0
      10 0.0
      11 0.0
      12 0.0
      13 0.0
 
       1     0.019947677
       2     0.019843787
       3     0.036079468
       4     0.045131084
       5     0.031850632
       6     0.032073832
       7     0.026446520
       8     0.026540371
       9     0.018063704
      10     0.014825583
      11     0.018653500
      12     0.013030077
      13   0.0252
 
       1      0.93255162
       2      0.93066978
       3      0.93147173
       4      0.93160712
       5      0.93046152
       6      0.92990916
       7      0.93082396
       8      0.93149518
       9      0.92999344
      10      0.93069037
      11      0.93187967
      12      0.93250041
      13   0.9312
 
       1    0.0015052230
       2    0.0015262128
       3    0.0027265807
       4    0.0033991489
       5    0.0024686199
       6    0.0025242950
       7    0.0021044562
       8    0.0020998916
       9    0.0014352181
      10    0.0011791703
      11    0.0014283029
      12    0.0010029482
      13   0.0020
 
       1      0.28773916
       2      0.26389679
       3      0.34131504
       4      0.37593133
       5      0.38136149
       6      0.38707698
       7      0.33811075
       8      0.31829939
       9      0.31643203
      10      0.29076297
      11      0.31938170
      12      0.28776644
      13   0.3257
 
