       1       86.049128
       2       138.80403
       3       121.89922
       4       141.53186
       5       189.01999
       6       132.72514
       7       144.81153
       8       128.60292
       9       116.17538
      10       94.372016
      11       89.393418
      12       149.92061
      13  1533.31
 
       1       59.727002
       2       88.743426
       3       78.388286
       4       86.728498
       5       115.10891
       6       79.077237
       7       79.707914
       8       74.518546
       9       73.281609
      10       62.689248
      11       62.030960
      12       99.449559
      13   959.45
 
       1       7.4730655
       2       9.2660499
       3       8.8060081
       4       8.1742987
       5       10.500323
       6       7.7449868
       7       7.1633308
       8       7.1759840
       9       7.8989265
      10       7.9840265
      11       7.2847555
      12       12.125338
      13   101.60
 
       1       7.9523030
       2       10.800499
       3       9.8115312
       4       8.8679145
       5       17.730190
       6       12.555365
       7       18.858632
       8       15.411107
       9       9.3304396
      10       9.7537329
      11       8.4343161
      12       13.797595
      13   143.30
 
       1       6.0845731
       2       9.4498311
       3       10.415735
       4       11.915318
       5       22.678052
       6       17.629751
       7       24.088329
       8       26.165406
       9       23.576112
      10       21.104921
      11       10.725261
      12       12.939992
      13   196.77
 
       1       6.4464580
       2       12.579136
       3       13.252158
       4       16.659071
       5       28.966850
       6       21.605295
       7       19.814513
       8       16.895519
       9       15.738880
      10       11.836768
      11       8.7226722
      12       9.8391409
      13    15.20
 
       1 0.0
       2 0.0
       3 0.0
       4 0.0
       5 0.0
       6 0.0
       7 0.0
       8 0.0
       9 0.0
      10 0.0
      11 0.0
      12 0.0
      13 0.0
 
       1     0.066690407
       2      0.13193441
       3      0.13944527
       4      0.17099338
       5      0.30453389
       6      0.22461521
       7      0.19901549
       8      0.16933233
       9      0.15915329
      10      0.12148557
      11     0.090052602
      12      0.10418072
      13   0.1568
 
       1      0.87216922
       2      0.87384169
       3      0.87491884
       4      0.87353274
       5      0.87239899
       6      0.87348963
       7      0.87224667
       8      0.87205148
       9      0.87213856
      10      0.87383208
      11      0.87680170
      12      0.87443549
      13   0.8735
 
       1    0.0090421963
       2     0.017623998
       3     0.018639828
       4     0.023161274
       5     0.040513739
       6     0.030161697
       7     0.027240611
       8     0.023237415
       9     0.021783868
      10     0.016516007
      11     0.012245953
      12     0.013849677
      13   0.0212
 
       1      0.64553153
       2      0.63229398
       3      0.69510585
       4      0.75538062
       5      0.88726047
       6      0.84029056
       7      0.82568385
       8      0.81473078
       9      0.80230314
      10      0.75710825
      11      0.62116953
      12      0.67307588
      13   0.7458
 
