       1       130.74971
       2       93.898758
       3       97.146064
       4       158.05401
       5       120.29868
       6       94.575131
       7       124.25896
       8       115.77568
       9       125.27857
      10       101.43847
      11       73.346289
      12       102.38206
      13  1337.20
 
       1       91.101795
       2       59.710454
       3       63.384605
       4       94.998119
       5       76.082257
       6       58.712903
       7       68.604833
       8       69.216477
       9       78.987623
      10       67.179772
      11       49.438895
      12       70.494571
      13   847.91
 
       1       12.788143
       2       6.2775610
       3       7.2615551
       4       9.4417927
       5       8.8847851
       6       6.5438023
       7       6.6188600
       8       7.6095107
       9       9.2862298
      10       8.4915472
      11       5.6980624
      12       8.8652119
      13    97.77
 
       1       17.419579
       2       6.0758160
       3       7.4126605
       4       10.606578
       5       12.720112
       6       10.808114
       7       15.216935
       8       15.715875
       9       11.498164
      10       10.065400
      11       6.9178164
      12       10.716666
      13   135.17
 
       1       14.098072
       2       6.2391934
       3       8.7192697
       4       13.307557
       5       16.035886
       6       11.582967
       7       16.352627
       8       22.379389
       9       21.291989
      10       19.887824
      11       9.8922832
      12       7.6505546
      13   167.44
 
       1       11.222949
       2       8.3692695
       3       11.243875
       4       17.613571
       5       18.342547
       6       13.813173
       7       14.428329
       8       15.511194
       9       15.988870
      10       11.954365
      11       7.1798372
      12       7.6585838
      13    12.78
 
       1 0.0
       2 0.0
       3 0.0
       4 0.0
       5 0.0
       6 0.0
       7 0.0
       8 0.0
       9 0.0
      10 0.0
      11 0.0
      12 0.0
      13 0.0
 
       1      0.12171286
       2     0.085609535
       3      0.11596100
       4      0.18121513
       5      0.18976307
       6      0.13858967
       7      0.14128219
       8      0.15406659
       9      0.16210030
      10      0.12140771
      11     0.072399749
      12     0.079521990
      13   0.1303
 
       1      0.87294397
       2      0.87333360
       3      0.87515628
       4      0.87285832
       5      0.87208383
       6      0.87068558
       7      0.87170338
       8      0.87294533
       9      0.87268365
      10      0.87254432
      11      0.87331249
      12      0.87254696
      13   0.8727
 
       1     0.015921698
       2     0.011657534
       3     0.015710376
       4     0.024417965
       5     0.025612302
       6     0.019118224
       7     0.019641507
       8     0.021237974
       9     0.022106341
      10     0.016597551
      11     0.010009346
      12     0.010746836
      13   0.0177
 
       1      0.68042919
       2      0.67337547
       3      0.64222842
       4      0.73537764
       5      0.82539291
       6      0.74505344
       7      0.74807911
       8      0.75387794
       9      0.78682049
      10      0.73847194
      11      0.63491065
      12      0.66962514
      13   0.7195
 
