       1       125.69112
       2       112.83687
       3       161.83739
       4       165.72684
       5       245.99338
       6       238.48823
       7       222.91110
       8       193.42783
       9       163.31951
      10       124.29856
      11       135.17269
      12       123.19494
      13  2012.90
 
       1       85.368011
       2       74.506019
       3       103.25409
       4       105.53639
       5       149.68650
       6       142.37293
       7       124.04246
       8       111.73193
       9       104.10619
      10       81.553044
      11       92.913843
      12       83.544656
      13  1258.62
 
       1       11.161979
       2       10.214673
       3       13.087398
       4       14.255933
       5       18.230357
       6       17.619444
       7       13.542687
       8       12.985210
       9       13.164895
      10       10.589097
      11       12.076096
      12       10.673236
      13   157.60
 
       1       14.886078
       2       14.505158
       3       18.332476
       4       22.736822
       5       31.392455
       6       48.415515
       7       45.513178
       8       36.225783
       9       19.939132
      10       14.542812
      11       18.508349
      12       14.880515
      13   299.88
 
       1       12.592224
       2       11.888066
       3       15.243309
       4       20.720220
       5       34.395729
       6       43.676450
       7       38.572886
       8       38.987315
       9       30.730214
      10       19.527996
      11       18.731318
      12       13.073721
      13   298.14
 
       1       11.085787
       2       12.071121
       3       18.478540
       4       24.563036
       5       34.840891
       6       34.115131
       7       27.160516
       8       23.940859
       9       22.090321
      10       15.011996
      11       13.842131
      12       10.591705
      13    20.65
 
       1 0.0
       2 0.0
       3 0.0
       4 0.0
       5 0.0
       6 0.0
       7 0.0
       8 0.0
       9 0.0
      10 0.0
      11 0.0
      12 0.0
      13 0.0
 
       1     0.010382794
       2     0.011218591
       3     0.017105194
       4     0.023032237
       5     0.032857142
       6     0.031664078
       7     0.024395372
       8     0.021424959
       9     0.020186049
      10     0.013822902
      11     0.013044169
      12    0.0099671133
      13   0.0191
 
       1      0.93863677
       2      0.93758572
       3      0.93823974
       4      0.93843826
       5      0.93792352
       6      0.93841419
       7      0.93906164
       8      0.93865180
       9      0.93765827
      10      0.93838836
      11      0.93982527
      12      0.93906467
      13   0.9385
 
       1   0.00073961687
       2   0.00080312628
       3    0.0012260863
       4    0.0016344887
       5    0.0023128092
       6    0.0022500442
       7    0.0017749841
       8    0.0015651830
       9    0.0014550532
      10   0.00099509098
      11   0.00092224508
      12   0.00070644169
      13   0.0014
 
       1      0.25736013
       2      0.27987968
       3      0.29537798
       4      0.34631522
       5      0.36561431
       6      0.36275140
       7      0.31386769
       8      0.30414512
       9      0.30688755
      10      0.30525253
      11      0.27870674
      12      0.25636728
      13   0.3060
 
