       1       176.87500
       2       154.50139
       3       145.53138
       4       180.48823
       5       212.71524
       6       235.95216
       7       224.93732
       8       196.92309
       9       151.10913
      10       137.44616
      11       112.97590
      12       203.50281
      13  2132.96
 
       1       121.62359
       2       105.03718
       3       94.073455
       4       113.09792
       5       131.99929
       6       138.04412
       7       126.49358
       8       113.59926
       9       96.935051
      10       90.893337
      11       74.957367
      12       140.88927
      13  1347.64
 
       1       16.584167
       2       14.554651
       3       12.259582
       4       13.867566
       5       15.778388
       6       15.330820
       7       14.417718
       8       12.693332
       9       12.057700
      10       11.193545
      11       9.4418122
      12       19.542734
      13   167.72
 
       1       21.049901
       2       18.832731
       3       18.035577
       4       22.406199
       5       29.549404
       6       43.366074
       7       46.059011
       8       32.121745
       9       22.003757
      10       17.581630
      11       13.684152
      12       23.796784
      13   308.49
 
       1       15.186391
       2       16.470749
       3       14.797151
       4       20.945208
       5       28.708897
       6       44.479009
       7       44.298150
       8       38.135151
       9       30.808915
      10       19.775695
      11       12.284231
      12       23.789322
      13   309.68
 
       1       13.742102
       2       16.527110
       3       16.320571
       4       24.007249
       5       33.459423
       6       36.905426
       7       29.209714
       8       24.248857
       9       22.280752
      10       17.237416
      11       11.326769
      12       15.929076
      13    21.77
 
       1 0.0
       2 0.0
       3 0.0
       4 0.0
       5 0.0
       6 0.0
       7 0.0
       8 0.0
       9 0.0
      10 0.0
      11 0.0
      12 0.0
      13 0.0
 
       1     0.013425778
       2     0.016164442
       3     0.015456122
       4     0.022851051
       5     0.032243812
       6     0.035576902
       7     0.027287288
       8     0.022454091
       9     0.021290030
      10     0.016546830
      11     0.010869785
      12     0.015846548
      13   0.0208
 
       1      0.84350230
       2      0.84069116
       3      0.84094527
       4      0.83958095
       5      0.83978097
       6      0.83961293
       7      0.84509461
       8      0.84569141
       9      0.84341595
      10      0.84310511
      11      0.84574527
      12      0.84465730
      13   0.8427
 
       1    0.0023385059
       2    0.0028185716
       3    0.0027515716
       4    0.0040397586
       5    0.0056544900
       6    0.0062144789
       7    0.0048385604
       8    0.0040120494
       9    0.0037438086
      10    0.0029184224
      11    0.0019255467
      12    0.0027286490
      13   0.0037
 
       1      0.25571713
       2      0.26451440
       3      0.29474948
       4      0.33291494
       5      0.36684809
       6      0.38557572
       7      0.35275038
       8      0.31841133
       9      0.32601089
      10      0.30157893
      11      0.27704667
      12      0.27689899
      13   0.3128
 
