       1       470.93612
       2       424.04445
       3       479.97989
       4       461.81417
       5       500.57355
       6       535.75480
       7       573.03392
       8       552.46853
       9       469.08925
      10       471.90467
      11       454.76747
      12       463.74203
      13  5858.11
 
       1       283.41411
       2       257.54382
       3       294.17677
       4       281.42413
       5       305.45758
       6       324.47933
       7       346.74202
       8       336.98478
       9       292.59259
      10       294.85256
      11       278.03413
      12       281.48985
      13  3577.19
 
       1       36.458864
       2       32.602948
       3       36.639757
       4       34.967107
       5       37.828856
       6       40.258543
       7       43.497687
       8       42.482657
       9       36.304845
      10       35.498002
      11       34.227706
      12       35.620132
      13   446.39
 
       1       132.03403
       2       114.15546
       3       128.50753
       4       121.38911
       5       131.64628
       6       142.43562
       7       154.64104
       8       145.14219
       9       121.16297
      10       121.24436
      11       120.94559
      12       126.52665
      13  1559.83
 
       1       20.669853
       2       18.890862
       3       21.863583
       4       23.213835
       5       25.315140
       6       27.352369
       7       28.625285
       8       27.776978
       9       20.820896
      10       20.494546
      11       20.023093
      12       20.134490
      13   275.18
 
       1       5.8580433
       2       5.6637802
       3       5.8207752
       4       5.5474354
       5       5.9742593
       6       6.7141296
       7       7.0774125
       8       6.7480138
       9       6.0271067
      10       5.6730154
      11       5.5361829
      12       5.7339619
      13     6.03
 
       1 0.0
       2 0.0
       3 0.0
       4 0.0
       5 0.0
       6 0.0
       7 0.0
       8 0.0
       9 0.0
      10 0.0
      11 0.0
      12 0.0
      13 0.0
 
       1     0.024029625
       2     0.023401526
       3     0.024192605
       4     0.022931344
       5     0.024505580
       6     0.027231689
       7     0.028743430
       8     0.028034722
       9     0.025414311
      10     0.023877825
      11     0.022931601
      12     0.023686544
      13   0.0249
 
       1       1.0000000
       2       1.0000000
       3       1.0000000
       4       1.0000000
       5       1.0000000
       6       1.0000000
       7       1.0000000
       8       1.0000000
       9       1.0000000
      10       1.0000000
      11       1.0000000
      12       1.0000000
      13   1.0000
 
       1       0.0000000
       2       0.0000000
       3       0.0000000
       4       0.0000000
       5       0.0000000
       6       0.0000000
       7       0.0000000
       8       0.0000000
       9       0.0000000
      10       0.0000000
      11       0.0000000
      12       0.0000000
      13   0.0000
 
       1      0.73176236
       2      0.71548722
       3      0.69528590
       4      0.64132056
       5      0.62439893
       6      0.61839037
       7      0.64925404
       8      0.67379852
       9      0.69052625
      10      0.70030461
      11      0.69471625
      12      0.71291470
      13   0.6790
 
