       1       454.96775
       2       433.72124
       3       477.21346
       4       477.96264
       5       499.40053
       6       478.74908
       7       532.07004
       8       529.27334
       9       462.02842
      10       452.71183
      11       446.00958
      12       487.23366
      13  5731.34
 
       1       274.58631
       2       264.92297
       3       294.40996
       4       293.79940
       5       304.99675
       6       289.20856
       7       320.99188
       8       325.22803
       9       285.52360
      10       283.12967
      11       273.37197
      12       294.59793
      13  3504.77
 
       1       35.051567
       2       32.730700
       3       36.134556
       4       35.963940
       5       37.918124
       6       35.270893
       7       40.431439
       8       39.718725
       9       35.538061
      10       34.031024
      11       33.711762
      12       36.892614
      13   433.39
 
       1       123.90845
       2       114.94122
       3       125.64689
       4       124.96921
       5       131.24513
       6       128.46895
       7       143.74390
       8       139.59849
       9       120.80952
      10       115.57371
      11       117.96251
      12       132.48411
      13  1519.35
 
       1       20.457611
       2       20.105648
       3       21.750817
       4       23.243116
       5       25.494729
       6       24.451474
       7       27.920818
       8       24.476885
       9       20.172122
      10       20.298639
      11       21.243181
      12       23.317755
      13   272.93
 
       1       5.4515369
       2       5.8820698
       3       5.7098741
       4       5.6806173
       5       5.9541042
       6       5.9154550
       7       6.5209265
       8       6.3725569
       9       5.9749254
      10       5.4192267
      11       5.5792544
      12       5.8724067
      13     5.86
 
       1 0.0
       2 0.0
       3 0.0
       4 0.0
       5 0.0
       6 0.0
       7 0.0
       8 0.0
       9 0.0
      10 0.0
      11 0.0
      12 0.0
      13 0.0
 
       1     0.022421432
       2     0.024430922
       3     0.023676263
       4     0.023677660
       5     0.024465569
       6     0.023807071
       7     0.026363943
       8     0.026330804
       9     0.024646189
      10     0.022742806
      11     0.022924083
      12     0.024221877
      13   0.0241
 
       1       1.0000000
       2       1.0000000
       3       1.0000000
       4       1.0000000
       5       1.0000000
       6       1.0000000
       7       1.0000000
       8       1.0000000
       9       1.0000000
      10       1.0000000
      11       1.0000000
      12       1.0000000
      13   1.0000
 
       1       0.0000000
       2       0.0000000
       3       0.0000000
       4       0.0000000
       5       0.0000000
       6       0.0000000
       7       0.0000000
       8       0.0000000
       9       0.0000000
      10       0.0000000
      11       0.0000000
      12       0.0000000
      13   0.0000
 
       1      0.71155733
       2      0.72832403
       3      0.69178244
       4      0.64955495
       5      0.64303552
       6      0.64368920
       7      0.66479824
       8      0.69018318
       9      0.68963031
      10      0.70054734
      11      0.71029441
      12      0.74635678
      13   0.6891
 
