       1       37.184112
       2       23.837806
       3       29.822919
       4       19.735211
       5       21.427780
       6       21.653387
       7       19.862352
       8       16.347331
       9       12.870981
      10       16.554041
      11       19.860082
      12       25.721431
      13   264.88
 
       1       19.073224
       2       12.684657
       3       16.243189
       4       11.494142
       5       12.744486
       6       13.208599
       7       12.014705
       8       10.079254
       9       7.7206501
      10       9.0312826
      11       10.472004
      12       12.856208
      13   147.62
 
       1       3.4175030
       2       2.0678553
       3       2.4524408
       4       1.6952917
       5       1.7179438
       6       1.7205883
       7       1.4645716
       8       1.1953944
       9       1.0244170
      10       1.3337477
      11       1.6695424
      12       1.9538066
      13    21.71
 
       1       13.081481
       2       7.8623045
       3       9.0599104
       4       6.0520969
       5       5.7920278
       6       6.4204845
       7       6.2116629
       8       5.0652506
       9       3.9897170
      10       5.5650525
      11       6.6116376
      12       8.2565932
      13    83.97
 
       1       2.8193144
       2       1.2682413
       3       1.5790908
       4      0.97322673
       5      0.99838761
       6      0.82973817
       7      0.71722228
       8      0.89520663
       9      0.91321211
      10       1.1373295
      11       1.6329562
      12       1.4474323
      13    15.21
 
       1      0.55300601
       2      0.40553488
       3      0.45129824
       4      0.36088070
       5      0.38299455
       6      0.41696943
       7      0.36011425
       8      0.28676568
       9      0.22911867
      10      0.25236864
      11      0.29895518
      12      0.33333974
      13     0.36
 
       1 0.0
       2 0.0
       3 0.0
       4 0.0
       5 0.0
       6 0.0
       7 0.0
       8 0.0
       9 0.0
      10 0.0
      11 0.0
      12 0.0
      13 0.0
 
       1     0.020725185
       2     0.015322061
       3     0.017207897
       4     0.014151145
       5     0.015614680
       6     0.017777464
       7     0.015387060
       8     0.012559665
       9    0.0095326702
      10    0.0096815826
      11     0.011149195
      12     0.011973945
      13   0.0143
 
       1       1.0000000
       2       1.0000000
       3       1.0000000
       4       1.0000000
       5       1.0000000
       6       1.0000000
       7       1.0000000
       8       1.0000000
       9       1.0000000
      10       1.0000000
      11       1.0000000
      12       1.0000000
      13   1.0000
 
       1       0.0000000
       2       0.0000000
       3       0.0000000
       4       0.0000000
       5       0.0000000
       6       0.0000000
       7       0.0000000
       8       0.0000000
       9       0.0000000
      10       0.0000000
      11       0.0000000
      12       0.0000000
      13   0.0000
 
       1      0.31111794
       2      0.25842202
       3      0.24508264
       4      0.21671344
       5      0.11998751
       6      0.12711371
       7      0.18141209
       8      0.18866037
       9      0.20171213
      10      0.33375671
      11      0.33266397
      12      0.26161396
      13   0.2315
 
