       1       11.365067
       2       10.686079
       3       15.766347
       4       25.588213
       5       32.695308
       6       49.387472
       7       44.610357
       8       25.405223
       9       18.602059
      10       10.977390
      11       11.271324
      12       8.7706301
      13   265.13
 
       1       7.7694467
       2       7.0966114
       3       10.105234
       4       15.219473
       5       17.635889
       6       25.410166
       7       23.256542
       8       15.075071
       9       10.775155
      10       7.2734200
      11       7.4918771
      12       6.3207379
      13   153.43
 
       1       1.0847851
       2      0.92405213
       3       1.6757428
       4       2.6996217
       5       2.6083455
       6       2.9962515
       7       3.0324997
       8       2.2859767
       9       1.4262967
      10       1.0973024
      11       1.0023896
      12      0.80334334
      13    21.64
 
       1      0.68428849
       2      0.83711531
       3       2.3964239
       4       3.5697379
       5       4.6801835
       6       13.030439
       7       13.881270
       8       6.4101937
       9       3.0577010
      10      0.78773735
      11      0.87444542
      12      0.95498588
      13    51.16
 
       1      0.15896114
       2      0.27506394
       3       1.6309212
       4       3.2831148
       5       3.5081707
       6       5.9422522
       7       5.6517206
       8       4.0839679
       9       1.7982958
      10      0.56389380
      11      0.25800123
      12     0.099031846
      13    27.25
 
       1      0.76108171
       2      0.93896631
       3       1.7617817
       4       3.5684924
       5       3.4189137
       6       4.1744867
       7       3.6588941
       8       2.3619322
       9       1.6251889
      10       1.1386152
      11      0.90637343
      12      0.57371652
      13     2.07
 
       1 0.0
       2 0.0
       3 0.0
       4 0.0
       5 0.0
       6 0.0
       7 0.0
       8 0.0
       9 0.0
      10 0.0
      11 0.0
      12 0.0
      13 0.0
 
       1     0.016885074
       2     0.019327432
       3     0.035339945
       4     0.074223174
       5     0.069140901
       6     0.080720918
       7     0.069930722
       8     0.045201163
       9     0.031614853
      10     0.023799940
      11     0.019874452
      12     0.012901212
      13   0.0416
 
       1      0.87403615
       2      0.86869937
       3      0.86553978
       4      0.86728667
       5      0.86699088
       6      0.86440894
       7      0.86577551
       8      0.86751072
       9      0.86444876
      10      0.86921553
      11      0.87333417
      12      0.87245482
      13   0.8683
 
       1    0.0022025534
       2    0.0026540255
       3    0.0049207088
       4     0.010063998
       5    0.0094918541
       6     0.011264245
       7    0.0098293760
       8    0.0064033144
       9    0.0044608943
      10    0.0032389580
      11    0.0026327191
      12    0.0016838885
      13   0.0057
 
       1      0.83678745
       2      0.81894432
       3      0.88070747
       4      0.97069438
       5      0.97272990
       6      0.97990208
       7      0.97731356
       8      0.97029246
       9      0.98197166
      10      0.92862370
      11      0.89171881
      12      0.91640082
      13   0.9272
 
