       1       129.98341
       2       197.46826
       3       177.67931
       4       181.31191
       5       204.34903
       6       260.45020
       7       255.06671
       8       197.86412
       9       181.08600
      10       99.603764
      11       140.74852
      12       129.80803
      13  2155.42
 
       1       86.603294
       2       130.91518
       3       116.83815
       4       115.14521
       5       122.67815
       6       150.87865
       7       142.46354
       8       114.26789
       9       111.27243
      10       67.288504
      11       94.353546
      12       87.339688
      13  1340.04
 
       1       11.175807
       2       17.812871
       3       16.864312
       4       15.793056
       5       14.150873
       6       16.455928
       7       16.243161
       8       13.921029
       9       12.476818
      10       9.3002129
      11       11.727556
      12       10.944300
      13   166.87
 
       1       16.492898
       2       20.102046
       3       24.092129
       4       25.952401
       5       24.536475
       6       47.098199
       7       51.891340
       8       38.183848
       9       21.525759
      10       14.590243
      11       17.799265
      12       15.637181
      13   317.90
 
       1       12.030020
       2       15.922051
       3       22.074317
       4       24.340335
       5       27.990755
       6       45.879443
       7       54.309718
       8       42.060515
       9       35.344155
      10       17.071866
      11       17.159386
      12       11.299461
      13   325.48
 
       1       11.352517
       2       19.099123
       3       21.717990
       4       26.837187
       5       29.745826
       6       40.725353
       7       35.116284
       8       25.359490
       9       23.188314
      10       13.789780
      11       13.626617
      12       10.490065
      13    22.59
 
       1 0.0
       2 0.0
       3 0.0
       4 0.0
       5 0.0
       6 0.0
       7 0.0
       8 0.0
       9 0.0
      10 0.0
      11 0.0
      12 0.0
      13 0.0
 
       1     0.010833174
       2     0.018657729
       3     0.021244221
       4     0.025660364
       5     0.027993188
       6     0.038882831
       7     0.032816601
       8     0.023490926
       9     0.021638335
      10     0.013036405
      11     0.012910957
      12    0.0099960288
      13   0.0214
 
       1      0.88285456
       2      0.88340974
       3      0.88294073
       4      0.88218605
       5      0.88014874
       6      0.88048118
       7      0.88336777
       8      0.88600335
       9      0.88343018
      10      0.88357992
      11      0.88570047
      12      0.88335373
      13   0.8831
 
       1    0.0014507239
       2    0.0024477904
       3    0.0027890855
       4    0.0034215448
       5    0.0037662464
       6    0.0051612249
       7    0.0044052878
       8    0.0031773986
       9    0.0029187027
      10    0.0017595931
      11    0.0017348701
      12    0.0013389082
      13   0.0029
 
       1      0.25954390
       2      0.27584723
       3      0.30010457
       4      0.35644282
       5      0.35269419
       6      0.38726401
       7      0.35632245
       8      0.33540090
       9      0.30768664
      10      0.29635578
      11      0.26765632
      12      0.26765887
      13   0.3136
 
