       1       482.60072
       2       442.82632
       3       463.88681
       4       451.05213
       5       498.94078
       6       491.44742
       7       527.87822
       8       486.26426
       9       478.37035
      10       458.59863
      11       465.08167
      12       478.97256
      13  5725.92
 
       1       290.30047
       2       267.46470
       3       284.98893
       4       277.56773
       5       306.13730
       6       298.43733
       7       317.76508
       8       299.10987
       9       292.83701
      10       287.92038
      11       283.96108
      12       285.64609
      13  3492.14
 
       1       37.090878
       2       34.658140
       3       35.969239
       4       33.896168
       5       36.893907
       6       36.820635
       7       39.943888
       8       37.233583
       9       37.501222
      10       34.525022
      11       35.022171
      12       36.459425
      13   436.01
 
       1       133.73506
       2       120.41589
       3       122.58012
       4       118.03081
       5       131.90422
       6       129.63248
       7       142.71172
       8       127.39240
       9       125.35896
      10       117.05855
      11       126.31422
      12       134.59247
      13  1529.73
 
       1       22.249596
       2       19.845443
       3       20.758610
       4       21.556181
       5       24.552421
       6       25.747574
       7       25.616908
       8       23.134679
       9       22.637029
      10       19.653527
      11       20.647834
      12       22.659011
      13   269.06
 
       1       6.0226466
       2       6.0903607
       3       5.6352543
       4       5.5023341
       5       5.8429982
       6       6.2241734
       7       6.4641119
       8       6.1078850
       9       6.3395899
      10       5.4833647
      11       5.8455686
      12       5.7654652
      13     5.94
 
       1 0.0
       2 0.0
       3 0.0
       4 0.0
       5 0.0
       6 0.0
       7 0.0
       8 0.0
       9 0.0
      10 0.0
      11 0.0
      12 0.0
      13 0.0
 
       1     0.024782668
       2     0.025155185
       3     0.023515552
       4     0.022836083
       5     0.023946161
       6     0.025192620
       7     0.026302519
       8     0.025206301
       9     0.025996698
      10     0.023122587
      11     0.024049988
      12     0.023577064
      13   0.0245
 
       1       1.0000000
       2       1.0000000
       3       1.0000000
       4       1.0000000
       5       1.0000000
       6       1.0000000
       7       1.0000000
       8       1.0000000
       9       1.0000000
      10       1.0000000
      11       1.0000000
      12       1.0000000
      13   1.0000
 
       1       0.0000000
       2       0.0000000
       3       0.0000000
       4       0.0000000
       5       0.0000000
       6       0.0000000
       7       0.0000000
       8       0.0000000
       9       0.0000000
      10       0.0000000
      11       0.0000000
      12       0.0000000
      13   0.0000
 
       1      0.71187487
       2      0.73695772
       3      0.68400584
       4      0.65933913
       5      0.61976466
       6      0.60096471
       7      0.64539154
       8      0.67872967
       9      0.68960308
      10      0.70365330
      11      0.73985342
      12      0.73602111
      13   0.6838
 
