       1       8.1344204
       2       16.483509
       3       18.511101
       4       20.683016
       5       32.165572
       6       48.261260
       7       39.198001
       8       28.737114
       9       20.980730
      10       9.7868276
      11       8.4731390
      12       10.164561
      13   261.58
 
       1       5.8956929
       2       10.442781
       3       12.520638
       4       12.049063
       5       17.780897
       6       24.488478
       7       20.556678
       8       15.967562
       9       12.093359
      10       6.6477264
      11       6.2502803
      12       7.0081734
      13   151.70
 
       1      0.73554655
       2       1.4859173
       3       2.3966880
       4       2.3055689
       5       2.8243407
       6       2.8545971
       7       2.6558034
       8       2.1793519
       9       1.5934728
      10       1.0763902
      11      0.87033965
      12      0.83097170
      13    21.81
 
       1      0.94591623
       2       1.7841990
       3       4.3098665
       4       3.6612334
       5       6.7028571
       6       12.695402
       7       12.443550
       8       6.8174657
       9       4.3817948
      10       1.0147964
      11      0.62723444
      12      0.61007496
      13    55.99
 
       1      0.25593586
       2      0.65204358
       3       2.8396265
       4       2.8875125
       5       4.4692958
       6       5.7133777
       7       5.3673853
       8       3.8701098
       9       3.0189529
      10      0.44701955
      11      0.15301363
      12      0.10102715
      13    29.78
 
       1      0.69330192
       2       1.5671119
       3       3.2272512
       4       2.5792736
       5       3.5024571
       6       3.6621705
       7       3.2423176
       8       2.4485996
       9       1.9515409
      10       1.0709319
      11      0.80987693
      12      0.61115352
      13     2.11
 
       1 0.0
       2 0.0
       3 0.0
       4 0.0
       5 0.0
       6 0.0
       7 0.0
       8 0.0
       9 0.0
      10 0.0
      11 0.0
      12 0.0
      13 0.0
 
       1     0.014964508
       2     0.033061575
       3     0.068359721
       4     0.052975963
       5     0.069540321
       6     0.069046701
       7     0.060639413
       8     0.045542564
       9     0.037409764
      10     0.021670617
      11     0.017589486
      12     0.013247062
      13   0.0420
 
       1      0.93363495
       2      0.93230183
       3      0.93132169
       4      0.93058389
       5      0.92864970
       6      0.92717723
       7      0.92756632
       8      0.92682545
       9      0.92820384
      10      0.93092881
      11      0.93378792
      12      0.93376172
      13   0.9304
 
       1    0.0010459862
       2    0.0023345609
       3    0.0048183520
       4    0.0038055610
       5    0.0051029744
       6    0.0052096798
       7    0.0046116998
       8    0.0034966303
       9    0.0028198980
      10    0.0015861416
      11    0.0012284557
      12   0.00092462520
      13   0.0031
 
       1      0.82615813
       2      0.87945138
       3      0.95423287
       4      0.96273775
       5      0.97873310
       6      0.98071397
       7      0.97635920
       8      0.96528209
       9      0.98268346
      10      0.94334544
      11      0.91527906
      12      0.93092360
      13   0.9413
 
