       1       470.60778
       2       456.22308
       3       491.36826
       4       474.08731
       5       517.96427
       6       500.55804
       7       526.76807
       8       508.56760
       9       518.24264
      10       499.22358
      11       431.52446
      12       483.20019
      13  5878.34
 
       1       284.75759
       2       278.82455
       3       300.31088
       4       292.61386
       5       318.13152
       6       305.46610
       7       315.79884
       8       307.68433
       9       322.42379
      10       309.25639
      11       266.53503
      12       293.77327
      13  3595.58
 
       1       35.897807
       2       34.678400
       3       37.713994
       4       35.986647
       5       38.925616
       6       37.634812
       7       40.252035
       8       38.534346
       9       39.098688
      10       37.718795
      11       32.385835
      12       36.213999
      13   445.04
 
       1       127.51549
       2       122.02330
       3       130.98101
       4       122.67380
       5       135.24088
       6       132.24107
       7       144.31040
       8       137.38390
       9       133.56454
      10       129.31646
      11       112.27524
      12       131.00697
      13  1558.53
 
       1       21.697306
       2       19.867488
       3       22.636435
       4       23.378818
       5       24.892690
       6       24.630770
       7       26.505980
       8       24.873952
       9       23.763391
      10       23.436411
      11       19.974260
      12       22.017617
      13   277.68
 
       1       5.7632621
       2       6.0792650
       3       6.0327940
       4       5.8069798
       5       6.1935548
       6       6.1791780
       7       6.5575545
       8       6.2544288
       9       6.3447327
      10       5.9808696
      11       5.2607823
      12       5.7523847
      13     6.02
 
       1 0.0
       2 0.0
       3 0.0
       4 0.0
       5 0.0
       6 0.0
       7 0.0
       8 0.0
       9 0.0
      10 0.0
      11 0.0
      12 0.0
      13 0.0
 
       1     0.023738901
       2     0.025344032
       3     0.025064089
       4     0.024144938
       5     0.025552215
       6     0.025310039
       7     0.026367947
       8     0.025509973
       9     0.026689361
      10     0.024873713
      11     0.021933408
      12     0.023887194
      13   0.0249
 
       1       1.0000000
       2       1.0000000
       3       1.0000000
       4       1.0000000
       5       1.0000000
       6       1.0000000
       7       1.0000000
       8       1.0000000
       9       1.0000000
      10       1.0000000
      11       1.0000000
      12       1.0000000
      13   1.0000
 
       1       0.0000000
       2       0.0000000
       3       0.0000000
       4       0.0000000
       5       0.0000000
       6       0.0000000
       7       0.0000000
       8       0.0000000
       9       0.0000000
      10       0.0000000
      11       0.0000000
      12       0.0000000
      13   0.0000
 
       1      0.74181596
       2      0.69810549
       3      0.66199807
       4      0.67160464
       5      0.64470854
       6      0.63855193
       7      0.68159345
       8      0.70173906
       9      0.70325923
      10      0.70401492
      11      0.70309555
      12      0.73828156
      13   0.6907
 
