       1       156.42656
       2       120.79781
       3       180.28036
       4       151.31555
       5       155.78926
       6       182.88221
       7       192.25733
       8       171.25918
       9       125.67321
      10       119.04696
      11       120.29373
      12       137.31396
      13  1813.34
 
       1       102.49212
       2       76.461989
       3       110.48510
       4       91.227961
       5       94.796613
       6       104.27075
       7       103.47984
       8       95.311866
       9       75.866706
      10       76.160026
      11       79.063680
      12       88.748594
      13  1098.37
 
       1       15.114346
       2       11.497787
       3       16.359772
       4       12.772558
       5       13.276270
       6       12.555934
       7       11.695985
       8       11.239902
       9       9.7620574
      10       10.357605
      11       11.090111
      12       12.548892
      13   148.27
 
       1       24.038959
       2       19.605102
       3       29.053029
       4       25.096913
       5       28.034122
       6       33.710344
       7       38.314336
       8       36.358569
       9       22.230613
      10       16.140051
      11       18.599490
      12       22.862434
      13   314.04
 
       1       12.019106
       2       12.937933
       3       17.129306
       4       14.827931
       5       22.484013
       6       35.102426
       7       34.928310
       8       35.542011
       9       23.501056
      10       16.093047
      11       15.061685
      12       15.609727
      13   255.24
 
       1       13.875428
       2       13.646664
       3       21.585016
       4       21.942784
       5       26.862617
       6       26.427515
       7       23.642207
       8       21.967207
       9       16.718511
      10       14.892030
      11       13.215926
      12       10.825662
      13    18.80
 
       1 0.0
       2 0.0
       3 0.0
       4 0.0
       5 0.0
       6 0.0
       7 0.0
       8 0.0
       9 0.0
      10 0.0
      11 0.0
      12 0.0
      13 0.0
 
       1     0.014124246
       2     0.013728343
       3     0.021690498
       4     0.021643034
       5     0.026628507
       6     0.025367036
       7     0.022162893
       8     0.020675539
       9     0.015939661
      10     0.014599604
      11     0.013206841
      12     0.010845305
      13   0.0184
 
       1      0.88526698
       2      0.88454169
       3      0.88442670
       4      0.88292222
       5      0.88254070
       6      0.88198540
       7      0.88343341
       8      0.88264141
       9      0.88153773
      10      0.88345430
      11      0.88443554
      12      0.88282701
      13   0.8833
 
       1    0.0017942642
       2    0.0017606190
       3    0.0027779443
       4    0.0028069937
       5    0.0034448157
       6    0.0033363227
       7    0.0029521030
       8    0.0027491235
       9    0.0021111887
      10    0.0019075012
      11    0.0017039371
      12    0.0013949381
      13   0.0024
 
       1      0.28032050
       2      0.28108533
       3      0.32978884
       4      0.34931593
       5      0.36960136
       6      0.36409345
       7      0.31970956
       8      0.30939088
       9      0.29267520
      10      0.29329795
      11      0.27832077
      12      0.25827399
      13   0.3105
 
