       1       7.9223829
       2       12.319305
       3       19.601853
       4       26.936073
       5       39.602779
       6       49.508495
       7       42.611290
       8       27.923595
       9       20.663864
      10       12.545816
      11       8.0581577
      12       6.4486400
      13   274.14
 
       1       5.9575969
       2       8.0052716
       3       12.748655
       4       17.218169
       5       21.241351
       6       25.478921
       7       22.093833
       8       15.896588
       9       11.896794
      10       8.1956449
      11       5.8066579
      12       4.9796609
      13   159.52
 
       1      0.73544727
       2       1.0863708
       3       2.1333391
       4       3.6145528
       5       2.9236290
       6       3.0992484
       7       2.9108833
       8       2.1786597
       9       1.5902393
      10       1.2101384
      11      0.83386386
      12      0.74748381
      13    23.06
 
       1      0.91076715
       2       1.0824098
       3       2.2241402
       4       5.3446759
       5       6.3596945
       6       14.947150
       7       13.204158
       8       6.5147080
       9       3.6004996
      10       1.0265468
      11       1.0040645
      12      0.84988494
      13    57.07
 
       1      0.12600257
       2      0.35646857
       3       1.5184392
       4       3.5695005
       5       3.9019240
       6       6.6216100
       7       5.5954790
       8       3.5382408
       9       1.8645165
      10      0.52771459
      11      0.16246410
      12      0.21941533
      13    28.00
 
       1      0.79624199
       2       1.1309998
       3       2.5893192
       4       5.1476485
       5       3.6205135
       6       3.9285537
       7       3.4812671
       8       2.2774878
       9       1.9384839
      10       1.1711517
      11      0.78852252
      12      0.68453444
      13     2.30
 
       1 0.0
       2 0.0
       3 0.0
       4 0.0
       5 0.0
       6 0.0
       7 0.0
       8 0.0
       9 0.0
      10 0.0
      11 0.0
      12 0.0
      13 0.0
 
       1     0.021750058
       2     0.029349887
       3     0.067303432
       4      0.13530291
       5     0.091569673
       6     0.093140739
       7     0.080608025
       8     0.052808936
       9     0.046770227
      10     0.030020545
      11     0.021070577
      12     0.018822494
      13   0.0574
 
       1      0.92592835
       2      0.92433104
       3      0.92391010
       4      0.92414569
       5      0.92528017
       6      0.92276416
       7      0.92251874
       8      0.92133784
       9      0.92210401
      10      0.92399258
      11      0.92574433
      12      0.92729702
      13   0.9241
 
       1    0.0016617454
       2    0.0022957196
       3    0.0052425313
       4     0.010443502
       5    0.0071626724
       6    0.0075150009
       7    0.0066060937
       8    0.0043497469
       9    0.0037745408
      10    0.0023527327
      11    0.0016279512
      12    0.0014324555
      13   0.0045
 
       1      0.90819114
       2      0.91426420
       3      0.96031725
       4      0.98375222
       5      0.98434274
       6      0.98283752
       7      0.97825618
       8      0.97560213
       9      0.98321017
      10      0.96747615
      11      0.90859416
      12      0.88020692
      13   0.9523
 
