       1       219.26035
       2       140.32338
       3       198.71194
       4       164.46496
       5       146.87589
       6       130.45617
       7       122.41003
       8       127.93207
       9       119.92742
      10       92.288901
      11       121.15007
      12       140.71438
      13  1724.52
 
       1       150.91424
       2       96.872040
       3       124.13156
       4       104.62796
       5       91.930992
       6       76.021971
       7       70.437419
       8       72.569131
       9       75.298405
      10       62.260653
      11       82.504285
      12       97.537265
      13  1105.11
 
       1       20.089579
       2       13.962106
       3       13.560807
       4       11.991319
       5       9.8282136
       6       6.8032212
       7       6.8083994
       8       6.9544397
       9       8.0820607
      10       7.5735607
      11       9.5321760
      12       12.387374
      13   127.57
 
       1       23.718041
       2       15.298912
       3       18.697339
       4       16.208912
       5       14.626931
       6       11.716549
       7       15.666697
       8       15.024780
       9       9.9692951
      10       7.3459040
      11       9.7021654
      12       13.762740
      13   171.74
 
       1       17.710866
       2       13.167801
       3       19.040935
       4       17.621351
       5       18.753215
       6       15.612330
       7       20.088761
       8       25.591614
       9       24.099383
      10       17.684122
      11       18.160585
      12       19.159617
      13   226.69
 
       1       15.469001
       2       13.732548
       3       18.469739
       4       21.227466
       5       21.710131
       6       19.145204
       7       16.875273
       8       16.830320
       9       16.016927
      10       10.849931
      11       11.236290
      12       10.365844
      13    15.99
 
       1 0.0
       2 0.0
       3 0.0
       4 0.0
       5 0.0
       6 0.0
       7 0.0
       8 0.0
       9 0.0
      10 0.0
      11 0.0
      12 0.0
      13 0.0
 
       1      0.17082372
       2      0.14944994
       3      0.19633599
       4      0.22630536
       5      0.22950903
       6      0.19639602
       7      0.16993029
       8      0.16893927
       9      0.16275846
      10      0.11047309
      11      0.12021268
      12      0.11208408
      13   0.1678
 
       1      0.87508400
       2      0.87381826
       3      0.87315455
       4      0.87394924
       5      0.87329005
       6      0.87085079
       7      0.87243977
       8      0.87196118
       9      0.87282341
      10      0.87369122
      11      0.87557303
      12      0.87536917
      13   0.8735
 
       1     0.021982506
       2     0.019487366
       3     0.025892853
       4     0.029834237
       5     0.030466849
       6     0.026603213
       7     0.023223111
       8     0.023147142
       9     0.022173940
      10     0.015125005
      11     0.015901773
      12     0.014716258
      13   0.0224
 
       1      0.73101178
       2      0.79360072
       3      0.74357412
       4      0.81305487
       5      0.82972086
       6      0.83550878
       7      0.82341318
       8      0.81766472
       9      0.79479067
      10      0.73101277
      11      0.70691733
      12      0.67857846
      13   0.7749
 
