       1       116.94223
       2       175.68739
       3       210.94416
       4       189.41153
       5       235.53807
       6       242.58202
       7       243.25247
       8       193.53545
       9       150.57180
      10       112.58129
      11       145.56648
      12       122.79139
      13  2139.40
 
       1       80.368145
       2       117.41406
       3       136.83109
       4       121.36656
       5       141.38312
       6       141.00655
       7       134.89329
       8       112.05300
       9       94.730585
      10       74.646921
      11       99.144016
      12       83.141715
      13  1336.98
 
       1       10.998412
       2       15.132545
       3       18.727385
       4       16.086212
       5       15.490821
       6       15.702258
       7       15.077118
       8       12.652811
       9       11.354097
      10       10.053266
      11       12.343390
      12       10.565910
      13   164.18
 
       1       14.570955
       2       18.924835
       3       26.063653
       4       26.763114
       5       28.554440
       6       45.803022
       7       50.869748
       8       34.141429
       9       19.187658
      10       15.707896
      11       16.896997
      12       15.256554
      13   312.74
 
       1       13.868951
       2       17.101171
       3       22.684056
       4       26.856579
       5       33.452561
       6       47.043145
       7       48.390092
       8       41.929694
       9       29.138828
      10       18.303576
      11       17.393601
      12       13.236919
      13   329.40
 
       1       10.381503
       2       18.182067
       3       24.686116
       4       30.171825
       5       32.427788
       6       38.887418
       7       31.360853
       8       25.018424
       9       20.379731
      10       14.397251
      11       14.501937
      12       10.380540
      13    22.56
 
       1 0.0
       2 0.0
       3 0.0
       4 0.0
       5 0.0
       6 0.0
       7 0.0
       8 0.0
       9 0.0
      10 0.0
      11 0.0
      12 0.0
      13 0.0
 
       1     0.012696276
       2     0.022345344
       3     0.030771256
       4     0.037335519
       5     0.039127361
       6     0.047419054
       7     0.036885575
       8     0.029326771
       9     0.023959279
      10     0.017225478
      11     0.017736197
      12     0.012673091
      13   0.0273
 
       1      0.88999083
       2      0.88818551
       3      0.88855818
       4      0.88960905
       5      0.88835987
       6      0.88823796
       7      0.89000581
       8      0.89026372
       9      0.88953354
      10      0.88924809
      11      0.89098897
      12      0.89082340
      13   0.8895
 
       1    0.0015593572
       2    0.0027283683
       3    0.0037195001
       4    0.0045366768
       5    0.0048051485
       6    0.0057783246
       7    0.0045695724
       8    0.0036503487
       9    0.0029902783
      10    0.0021386536
      11    0.0021720601
      12    0.0015563767
      13   0.0034
 
       1      0.29366060
       2      0.30383143
       3      0.34756238
       4      0.35877070
       5      0.39151606
       6      0.41629979
       7      0.37725470
       8      0.35063623
       9      0.33404466
      10      0.32680835
      11      0.31807398
      12      0.28981041
      13   0.3424
 
