       1       157.89541
       2       226.01274
       3       185.91371
       4       189.40458
       5       224.51365
       6       249.57533
       7       215.70429
       8       202.99899
       9       150.33014
      10       131.58719
      11       138.87846
      12       174.92422
      13  2247.74
 
       1       108.72136
       2       147.92498
       3       122.96783
       4       119.51815
       5       138.51306
       6       143.10736
       7       122.87667
       8       115.91872
       9       95.731958
      10       88.172795
      11       92.720965
      12       119.08624
      13  1415.26
 
       1       15.525015
       2       19.127146
       3       17.828295
       4       15.609970
       5       16.797033
       6       15.703974
       7       14.477850
       8       12.572733
       9       11.737072
      10       11.232610
      11       11.034897
      12       14.918648
      13   176.57
 
       1       21.184715
       2       22.918009
       3       27.111187
       4       25.291689
       5       31.172907
       6       41.524350
       7       47.235458
       8       31.617009
       9       20.956348
      10       16.135726
      11       15.495683
      12       22.048771
      13   322.69
 
       1       16.871552
       2       18.420715
       3       23.341440
       4       22.771439
       5       35.974951
       6       40.517430
       7       48.279233
       8       38.121529
       9       33.137962
      10       23.216751
      11       18.649270
      12       18.316390
      13   337.62
 
       1       12.928835
       2       20.676236
       3       24.204171
       4       29.808923
       5       35.538055
       6       35.963707
       7       29.345098
       8       24.917520
       9       21.710811
      10       16.297707
      11       13.355339
      12       14.217570
      13    23.25
 
       1 0.0
       2 0.0
       3 0.0
       4 0.0
       5 0.0
       6 0.0
       7 0.0
       8 0.0
       9 0.0
      10 0.0
      11 0.0
      12 0.0
      13 0.0
 
       1     0.016195280
       2     0.025705492
       3     0.030806325
       4     0.036816854
       5     0.043800525
       6     0.043401602
       7     0.034948277
       8     0.029104090
       9     0.026106458
      10     0.019696350
      11     0.016348590
      12     0.017677133
      13   0.0284
 
       1      0.89760666
       2      0.89582649
       3      0.89668644
       4      0.89646625
       5      0.89574913
       6      0.89568725
       7      0.89749055
       8      0.89866771
       9      0.89647895
      10      0.89700478
      11      0.89782643
      12      0.89758660
      13   0.8969
 
       1    0.0018534503
       2    0.0029427827
       3    0.0034815513
       4    0.0042493827
       5    0.0050485883
       6    0.0050500538
       7    0.0040937374
       8    0.0034544388
       9    0.0030549364
      10    0.0023063344
      11    0.0018999665
      12    0.0020277852
      13   0.0033
 
       1      0.28482292
       2      0.30231355
       3      0.35136109
       4      0.37334735
       5      0.40588045
       6      0.40831735
       7      0.38024487
       8      0.33226472
       9      0.33368526
      10      0.30343444
      11      0.31234171
      12      0.29788849
      13   0.3405
 
