       1       132.28697
       2       91.903193
       3       118.77578
       4       147.17414
       5       139.68737
       6       108.56089
       7       124.39090
       8       116.01051
       9       106.30915
      10       99.610119
      11       102.44210
      12       99.993692
      13  1387.14
 
       1       89.505167
       2       63.231241
       3       75.016956
       4       91.783466
       5       85.534014
       6       66.722944
       7       70.502669
       8       67.098831
       9       65.590354
      10       68.603199
      11       69.410693
      12       70.915180
      13   883.91
 
       1       11.758536
       2       8.3419671
       3       8.3245332
       4       9.6434378
       5       8.2902369
       6       6.8227307
       7       6.5108183
       8       6.7578788
       9       6.9535090
      10       8.9704911
      11       8.0713040
      12       9.1351042
      13    99.58
 
       1       13.293729
       2       7.9949784
       3       9.9553057
       4       12.400551
       5       10.976762
       6       12.145697
       7       14.708756
       8       14.969921
       9       11.832268
      10       8.8471611
      11       9.2112842
      12       10.289125
      13   136.63
 
       1       11.907152
       2       8.6798614
       3       10.988844
       4       12.138661
       5       15.366243
       6       15.602051
       7       18.499968
       8       23.077623
       9       20.664765
      10       19.498241
      11       12.126359
      12       11.920274
      13   180.47
 
       1       9.3073566
       2       9.2553411
       3       12.314121
       4       17.297334
       5       17.897858
       6       16.896112
       7       15.586795
       8       14.768362
       9       13.398004
      10       12.437685
      11       9.3111435
      12       7.9408123
      13    13.03
 
       1 0.0
       2 0.0
       3 0.0
       4 0.0
       5 0.0
       6 0.0
       7 0.0
       8 0.0
       9 0.0
      10 0.0
      11 0.0
      12 0.0
      13 0.0
 
       1      0.12134395
       2      0.11974619
       3      0.15580675
       4      0.21949352
       5      0.22435387
       6      0.21056069
       7      0.18969508
       8      0.17996455
       9      0.16408698
      10      0.15797650
      11      0.11794064
      12      0.10340683
      13   0.1637
 
       1      0.92552895
       2      0.92578194
       3      0.92516016
       4      0.92679486
       5      0.92530251
       6      0.92498123
       7      0.92547740
       8      0.92584695
       9      0.92535230
      10      0.92653338
      11      0.92680779
      12      0.92650709
      13   0.9258
 
       1    0.0093443064
       2    0.0092953439
       3     0.012229157
       4     0.017100780
       5     0.017643970
       6     0.016651687
       7     0.015152902
       8     0.014366525
       9     0.013094025
      10     0.012366395
      11    0.0092623950
      12    0.0079919720
      13   0.0129
 
       1      0.69133267
       2      0.68523126
       3      0.76073174
       4      0.74191946
       5      0.81275777
       6      0.82298547
       7      0.79478499
       8      0.81002902
       9      0.80595676
      10      0.74634045
      11      0.68790786
      12      0.70236732
      13   0.7552
 
