       1       169.53353
       2       217.45238
       3       205.50982
       4       234.07638
       5       202.69116
       6       242.95324
       7       236.72171
       8       185.32105
       9       145.82789
      10       144.16702
      11       114.42324
      12       132.99812
      13  2231.68
 
       1       115.43004
       2       146.04233
       3       135.73298
       4       149.53055
       5       124.10009
       6       141.43274
       7       132.70870
       8       108.93363
       9       92.165892
      10       97.183477
      11       76.209874
      12       90.449951
      13  1409.92
 
       1       15.100082
       2       20.003498
       3       18.821709
       4       18.006515
       5       14.739958
       6       15.186248
       7       14.919421
       8       12.541567
       9       11.062142
      10       12.125966
      11       9.8948217
      12       11.863495
      13   174.27
 
       1       19.446134
       2       23.554366
       3       27.065172
       4       29.980726
       5       26.497410
       6       44.360449
       7       52.313330
       8       30.582080
       9       19.185255
      10       15.981831
      11       17.317501
      12       17.489429
      13   323.77
 
       1       17.532547
       2       20.457687
       3       24.311585
       4       30.986362
       5       31.605155
       6       42.633938
       7       47.402613
       8       38.758703
       9       27.624606
      10       23.332049
      11       12.028662
      12       15.427892
      13   332.10
 
       1       13.470475
       2       20.936129
       3       26.069376
       4       34.655318
       5       30.550931
       6       37.087842
       7       31.460402
       8       23.807777
       9       19.379838
      10       18.008484
      11       12.733865
      12       11.192043
      13    23.28
 
       1 0.0
       2 0.0
       3 0.0
       4 0.0
       5 0.0
       6 0.0
       7 0.0
       8 0.0
       9 0.0
      10 0.0
      11 0.0
      12 0.0
      13 0.0
 
       1     0.013184396
       2     0.020687122
       3     0.025983729
       4     0.034577862
       5     0.029655612
       6     0.035886169
       7     0.029596372
       8     0.022038391
       9     0.018086362
      10     0.017463450
      11     0.012416802
      12     0.010823676
      13   0.0225
 
       1      0.84457896
       2      0.84342349
       3      0.84339083
       4      0.84411793
       5      0.84155130
       6      0.84248957
       7      0.84452618
       8      0.84708098
       9      0.84252392
      10      0.84422729
      11      0.84682241
      12      0.84583587
      13   0.8442
 
       1    0.0022936909
       2    0.0035693481
       3    0.0044664586
       4    0.0059348832
       5    0.0051763557
       6    0.0062459873
       7    0.0052227190
       8    0.0039398142
       9    0.0032291982
      10    0.0030580706
      11    0.0021739482
      12    0.0019014545
      13   0.0039
 
       1      0.25792349
       2      0.29659153
       3      0.33988057
       4      0.36970409
       5      0.36569961
       6      0.38225825
       7      0.35768987
       8      0.32498293
       9      0.31317985
      10      0.29491679
      11      0.29847819
      12      0.27458750
      13   0.3230
 
