       1       128.05348
       2       159.44806
       3       108.51394
       4       124.15947
       5       148.00661
       6       135.06184
       7       145.41697
       8       134.10700
       9       119.13695
      10       102.68345
      11       97.707927
      12       107.23037
      13  1509.53
 
       1       87.307117
       2       105.05513
       3       72.943862
       4       77.538423
       5       88.433869
       6       79.701225
       7       81.256182
       8       77.443304
       9       74.980412
      10       67.954431
      11       68.690340
      12       72.836818
      13   954.14
 
       1       11.046074
       2       13.071201
       3       9.1821111
       4       8.4973960
       5       7.7574836
       6       6.9190959
       7       7.1020375
       8       7.3762378
       9       8.0622467
      10       7.7232569
      11       8.4362661
      12       8.3498170
      13   103.52
 
       1       12.469199
       2       14.310175
       3       12.533694
       4       10.701114
       5       10.286633
       6       12.464943
       7       18.971438
       8       13.596901
       9       11.855145
      10       8.4569850
      11       9.2390506
      12       10.216572
      13   145.10
 
       1       12.298583
       2       15.611332
       3       12.592633
       4       12.455878
       5       13.811631
       6       16.094960
       7       24.513600
       8       24.120911
       9       24.797150
      10       18.278800
      11       14.934816
      12       11.162394
      13   200.67
 
       1       9.0096503
       2       14.439638
       3       12.524998
       4       15.220909
       5       17.708551
       6       20.959924
       7       18.868374
       8       17.025133
       9       16.537696
      10       11.614272
      11       10.116935
      12       7.8209086
      13    14.32
 
       1 0.0
       2 0.0
       3 0.0
       4 0.0
       5 0.0
       6 0.0
       7 0.0
       8 0.0
       9 0.0
      10 0.0
      11 0.0
      12 0.0
      13 0.0
 
       1      0.12337935
       2      0.19804077
       3      0.16846900
       4      0.19965032
       5      0.23206995
       6      0.27469455
       7      0.24101112
       8      0.21792645
       9      0.21829405
      10      0.15184540
      11      0.13719217
      12      0.10512772
      13   0.1890
 
       1      0.88833411
       2      0.88900928
       3      0.88897583
       4      0.88828446
       5      0.88812429
       6      0.88751096
       7      0.88814401
       8      0.88853800
       9      0.88946637
      10      0.88902588
      11      0.89084677
      12      0.88923741
      13   0.8888
 
       1     0.014185790
       2     0.022684315
       3     0.019604870
       4     0.023527279
       5     0.027340129
       6     0.032361802
       7     0.028722666
       8     0.025978470
       9     0.025602547
      10     0.017968696
      11     0.015936147
      12     0.012278309
      13   0.0222
 
       1      0.70020655
       2      0.78474891
       3      0.73433233
       4      0.80895150
       5      0.81261843
       6      0.86661955
       7      0.85597863
       8      0.81721747
       9      0.84944209
      10      0.76465413
      11      0.70646466
      12      0.64210178
      13   0.7786
 
