       1       499.45955
       2       437.78825
       3       498.38800
       4       465.48656
       5       474.68251
       6       516.76938
       7       574.48334
       8       502.12940
       9       484.08485
      10       498.30245
      11       451.46767
      12       462.59279
      13  5865.63
 
       1       301.60078
       2       266.47681
       3       305.84134
       4       290.22232
       5       290.33440
       6       314.48427
       7       352.16494
       8       309.74891
       9       300.04694
      10       313.71895
      11       278.22937
      12       278.86215
      13  3601.73
 
       1       38.424737
       2       33.577678
       3       38.164616
       4       35.251311
       5       35.700849
       6       38.483816
       7       42.884159
       8       38.590381
       9       37.173968
      10       37.111574
      11       34.003740
      12       35.294490
      13   444.66
 
       1       136.88402
       2       118.10269
       3       131.48575
       4       120.84056
       5       122.91196
       6       138.55856
       7       153.81780
       8       130.18803
       9       124.11530
      10       127.91689
      11       119.85626
      12       125.56346
      13  1550.24
 
       1       22.758200
       2       19.619010
       3       21.373410
       4       21.606716
       5       24.570379
       6       25.360895
       7       25.943892
       8       23.136074
       9       22.079615
      10       20.902165
      11       19.611354
      12       21.873382
      13   268.84
 
       1       6.1630445
       2       5.8901348
       3       6.0293254
       4       5.7302351
       5       5.7495586
       6       6.4073527
       7       6.8971113
       8       6.3561407
       9       6.1597716
      10       5.9399933
      11       5.6436399
      12       5.6212585
      13     6.05
 
       1 0.0
       2 0.0
       3 0.0
       4 0.0
       5 0.0
       6 0.0
       7 0.0
       8 0.0
       9 0.0
      10 0.0
      11 0.0
      12 0.0
      13 0.0
 
       1     0.025480535
       2     0.024345663
       3     0.025169984
       4     0.024148690
       5     0.023698713
       6     0.026000142
       7     0.028520409
       8     0.026351864
       9     0.025653724
      10     0.025145041
      11     0.023496890
      12     0.022975052
      13   0.0251
 
       1       1.0000000
       2       1.0000000
       3       1.0000000
       4       1.0000000
       5       1.0000000
       6       1.0000000
       7       1.0000000
       8       1.0000000
       9       1.0000000
      10       1.0000000
      11       1.0000000
      12       1.0000000
      13   1.0000
 
       1       0.0000000
       2       0.0000000
       3       0.0000000
       4       0.0000000
       5       0.0000000
       6       0.0000000
       7       0.0000000
       8       0.0000000
       9       0.0000000
      10       0.0000000
      11       0.0000000
      12       0.0000000
      13   0.0000
 
       1      0.73283261
       2      0.70461253
       3      0.67772515
       4      0.64344019
       5      0.60534935
       6      0.62167692
       7      0.65513264
       8      0.66404003
       9      0.69206475
      10      0.71231442
      11      0.71904039
      12      0.72884210
      13   0.6798
 
