       1       505.62108
       2       414.93939
       3       521.87889
       4       469.69016
       5       502.33556
       6       497.70769
       7       506.58238
       8       571.02716
       9       469.29247
      10       443.74560
      11       478.28818
      12       490.40102
      13  5871.51
 
       1       303.14922
       2       251.62756
       3       318.40762
       4       292.19954
       5       311.45023
       6       301.95629
       7       303.19720
       8       352.71670
       9       290.08930
      10       273.93619
      11       297.63941
      12       297.69261
      13  3594.06
 
       1       39.010809
       2       32.081627
       3       40.117280
       4       34.846185
       5       37.344481
       6       37.709192
       7       38.588217
       8       43.292375
       9       36.074593
      10       33.680599
      11       35.598790
      12       37.390257
      13   445.73
 
       1       140.80207
       2       111.39818
       3       139.43322
       4       121.66513
       5       128.81786
       6       131.56431
       7       138.89918
       8       150.84394
       9       120.71582
      10       116.09891
      11       124.64321
      12       133.08507
      13  1557.97
 
       1       24.065378
       2       18.516281
       3       23.012534
       4       22.196254
       5       24.552729
       6       24.709164
       7       26.054975
       8       24.724146
       9       22.172781
      10       21.482296
      11       19.823389
      12       21.945437
      13   273.26
 
       1       6.2947838
       2       5.7423146
       3       6.3471921
       4       5.6426880
       5       5.9439112
       6       6.2495894
       7       6.3517280
       8       6.9341383
       9       6.1215800
      10       5.3059146
      11       5.8200174
      12       6.0776107
      13     6.07
 
       1 0.0
       2 0.0
       3 0.0
       4 0.0
       5 0.0
       6 0.0
       7 0.0
       8 0.0
       9 0.0
      10 0.0
      11 0.0
      12 0.0
      13 0.0
 
       1     0.025634007
       2     0.023870883
       3     0.026211598
       4     0.023795774
       5     0.024613837
       6     0.025479368
       7     0.025708749
       8     0.028879413
       9     0.025434844
      10     0.022088252
      11     0.024395196
      12     0.025103013
      13   0.0251
 
       1       1.0000000
       2       1.0000000
       3       1.0000000
       4       1.0000000
       5       1.0000000
       6       1.0000000
       7       1.0000000
       8       1.0000000
       9       1.0000000
      10       1.0000000
      11       1.0000000
      12       1.0000000
      13   1.0000
 
       1       0.0000000
       2       0.0000000
       3       0.0000000
       4       0.0000000
       5       0.0000000
       6       0.0000000
       7       0.0000000
       8       0.0000000
       9       0.0000000
      10       0.0000000
      11       0.0000000
      12       0.0000000
      13   0.0000
 
       1      0.71330735
       2      0.71575902
       3      0.64539687
       4      0.61815386
       5      0.59379485
       6      0.58493478
       7      0.61982648
       8      0.65200784
       9      0.66652066
      10      0.67852229
      11      0.69966496
      12      0.70488983
      13   0.6577
 
