       1       471.40061
       2       406.65014
       3       467.60365
       4       473.15252
       5       498.07708
       6       537.76636
       7       575.38227
       8       515.81152
       9       499.17630
      10       495.56828
      11       437.59420
      12       463.45270
      13  5841.64
 
       1       282.66200
       2       248.23906
       3       286.82490
       4       289.01307
       5       305.23888
       6       330.01943
       7       351.50784
       8       315.26915
       9       308.34632
      10       308.75601
      11       268.66629
      12       280.33239
      13  3574.88
 
       1       36.293553
       2       31.278502
       3       35.949110
       4       36.058400
       5       37.704919
       6       40.078437
       7       43.452157
       8       38.824744
       9       38.188023
      10       37.087911
      11       32.773209
      12       34.732889
      13   442.42
 
       1       129.80189
       2       109.66294
       3       122.21607
       4       125.07330
       5       130.06711
       6       141.68081
       7       152.46878
       8       137.74121
       9       129.14126
      10       129.35365
      11       115.59966
      12       128.03093
      13  1550.84
 
       1       20.900913
       2       19.199389
       3       21.492718
       4       23.267339
       5       24.506251
       6       26.517974
       7       26.730911
       8       25.274152
       9       22.609507
      10       21.923352
      11       18.833404
      12       20.327317
      13   271.58
 
       1       5.7553017
       2       5.4304900
       3       5.6430466
       4       5.7964357
       5       5.9263518
       6       6.7322136
       7       6.9495422
       8       6.2759849
       9       6.2282356
      10       5.9031811
      11       5.4482114
      12       5.5898894
      13     5.97
 
       1 0.0
       2 0.0
       3 0.0
       4 0.0
       5 0.0
       6 0.0
       7 0.0
       8 0.0
       9 0.0
      10 0.0
      11 0.0
      12 0.0
      13 0.0
 
       1     0.023744500
       2     0.022510940
       3     0.023541766
       4     0.023917150
       5     0.024306661
       6     0.027710662
       7     0.028677343
       8     0.025820980
       9     0.025860243
      10     0.024549972
      11     0.022474597
      12     0.022979198
      13   0.0247
 
       1       1.0000000
       2       1.0000000
       3       1.0000000
       4       1.0000000
       5       1.0000000
       6       1.0000000
       7       1.0000000
       8       1.0000000
       9       1.0000000
      10       1.0000000
      11       1.0000000
      12       1.0000000
      13   1.0000
 
       1       0.0000000
       2       0.0000000
       3       0.0000000
       4       0.0000000
       5       0.0000000
       6       0.0000000
       7       0.0000000
       8       0.0000000
       9       0.0000000
      10       0.0000000
      11       0.0000000
      12       0.0000000
      13   0.0000
 
       1      0.69381398
       2      0.69516563
       3      0.65640832
       4      0.64262308
       5      0.61205493
       6      0.58235008
       7      0.61503757
       8      0.63732267
       9      0.65911486
      10      0.68040662
      11      0.68124874
      12      0.68525086
      13   0.6534
 
