       1       147.70635
       2       178.01102
       3       203.36023
       4       115.46751
       5       161.66244
       6       129.44258
       7       145.07155
       8       142.38552
       9       116.73203
      10       87.638136
      11       83.320147
      12       71.275049
      13  1582.07
 
       1       100.51078
       2       117.65101
       3       132.02837
       4       72.702725
       5       100.49149
       6       76.434494
       7       80.799858
       8       80.880685
       9       73.302763
      10       59.151082
      11       56.286941
      12       50.879291
      13  1001.12
 
       1       13.192462
       2       15.072588
       3       15.492779
       4       7.7525205
       5       9.1983532
       6       6.7063285
       7       6.8689662
       8       7.4186187
       9       8.0240917
      10       7.3387953
      11       6.2708908
      12       6.1559929
      13   109.49
 
       1       15.967628
       2       16.388046
       3       17.234812
       4       9.4078853
       5       13.806179
       6       13.146002
       7       16.953444
       8       15.268207
       9       10.499286
      10       8.7095442
      11       6.2835595
      12       6.5605907
      13   150.23
 
       1       13.086965
       2       16.091084
       3       16.974796
       4       11.074196
       5       17.500560
       6       16.097358
       7       23.845332
       8       24.479723
       9       23.841772
      10       19.196901
      11       10.284048
      12       8.9898762
      13   201.46
 
       1       10.091646
       2       15.802757
       3       19.856824
       4       14.673418
       5       24.267493
       6       20.614396
       7       19.272325
       8       18.686428
       9       15.977520
      10       10.283010
      11       6.8995242
      12       6.1018742
      13    15.21
 
       1 0.0
       2 0.0
       3 0.0
       4 0.0
       5 0.0
       6 0.0
       7 0.0
       8 0.0
       9 0.0
      10 0.0
      11 0.0
      12 0.0
      13 0.0
 
       1      0.13642997
       2      0.21830878
       3      0.27136224
       4      0.19206367
       5      0.32167931
       6      0.26882827
       7      0.24538550
       8      0.24014652
       9      0.20712546
      10      0.13213919
      11     0.089087434
      12     0.081627208
      13   0.2003
 
       1      0.88130970
       2      0.88226091
       3      0.88259724
       4      0.88115173
       5      0.88065538
       6      0.88080527
       7      0.88102199
       8      0.88203408
       9      0.88162669
      10      0.88203578
      11      0.88158224
      12      0.88392498
      13   0.8818
 
       1     0.016658925
       2     0.026249554
       3     0.032787894
       4     0.023904754
       5     0.039650263
       6     0.033400655
       7     0.030766439
       8     0.029963316
       9     0.025819634
      10     0.016648016
      11     0.011222505
      12     0.010118374
      13   0.0248
 
       1      0.70831642
       2      0.76311489
       3      0.86077162
       4      0.78632814
       5      0.88638800
       6      0.88174532
       7      0.84099424
       8      0.84088393
       9      0.84614539
      10      0.73891795
      11      0.65443445
      12      0.63271442
      13   0.7867
 
