       1       476.69041
       2       403.69920
       3       507.96000
       4       476.83102
       5       514.21857
       6       530.62636
       7       529.48105
       8       519.48509
       9       508.62130
      10       456.36621
      11       454.97853
      12       465.21406
      13  5844.17
 
       1       287.44958
       2       241.19780
       3       309.29982
       4       294.01532
       5       312.69254
       6       319.03805
       7       321.82476
       8       317.69750
       9       314.41126
      10       283.24862
      11       282.47583
      12       279.79846
      13  3563.15
 
       1       36.411190
       2       31.402365
       3       38.335140
       4       35.713336
       5       38.367139
       6       39.483798
       7       39.613697
       8       38.832360
       9       39.109069
      10       34.250401
      11       33.882096
      12       35.802144
      13   441.20
 
       1       131.67912
       2       110.32593
       3       134.14130
       4       124.45677
       5       137.09703
       6       145.26139
       7       140.80901
       8       136.53024
       9       131.82019
      10       119.34566
      11       119.47593
      12       126.37682
      13  1557.32
 
       1       21.464745
       2       20.391577
       3       25.271047
       4       23.892771
       5       25.902843
       6       27.039888
       7       26.605808
       8       25.936212
       9       24.435130
      10       19.907119
      11       18.817982
      12       22.711562
      13   282.38
 
       1       5.8253366
       2       5.4870277
       3       5.9497581
       4       5.8915100
       5       6.0902900
       6       6.5363552
       7       6.3855007
       8       6.1926043
       9       6.6046192
      10       5.4684327
      11       5.6446677
      12       5.6136824
      13     5.97
 
       1 0.0
       2 0.0
       3 0.0
       4 0.0
       5 0.0
       6 0.0
       7 0.0
       8 0.0
       9 0.0
      10 0.0
      11 0.0
      12 0.0
      13 0.0
 
       1     0.023978951
       2     0.022472530
       3     0.024672072
       4     0.024429768
       5     0.024882770
       6     0.026229391
       7     0.025827948
       8     0.025550223
       9     0.027336978
      10     0.022743137
      11     0.023492054
      12     0.023042173
      13   0.0246
 
       1       1.0000000
       2       1.0000000
       3       1.0000000
       4       1.0000000
       5       1.0000000
       6       1.0000000
       7       1.0000000
       8       1.0000000
       9       1.0000000
      10       1.0000000
      11       1.0000000
      12       1.0000000
      13   1.0000
 
       1       0.0000000
       2       0.0000000
       3       0.0000000
       4       0.0000000
       5       0.0000000
       6       0.0000000
       7       0.0000000
       8       0.0000000
       9       0.0000000
      10       0.0000000
      11       0.0000000
      12       0.0000000
      13   0.0000
 
       1      0.72243829
       2      0.73164116
       3      0.71229628
       4      0.68045533
       5      0.63550754
       6      0.63147646
       7      0.66546269
       8      0.69635399
       9      0.71202346
      10      0.72667104
      11      0.72624321
      12      0.72181044
      13   0.6969
 
