       1       177.70227
       2       153.26140
       3       139.75061
       4       135.41578
       5       119.40301
       6       106.63750
       7       114.56674
       8       103.42113
       9       102.18737
      10       85.288365
      11       126.49331
      12       122.35744
      13  1486.48
 
       1       117.19235
       2       103.40475
       3       89.425929
       4       85.973899
       5       74.683642
       6       64.067012
       7       64.792455
       8       60.936036
       9       64.217516
      10       55.644945
      11       84.467755
      12       85.704753
      13   950.51
 
       1       15.600765
       2       14.950136
       3       10.691571
       4       10.599819
       5       8.6022710
       6       6.9282813
       7       6.3919133
       8       6.9144217
       9       7.7461476
      10       7.1003288
      11       9.9624577
      12       11.180237
      13   116.67
 
       1       19.628437
       2       19.147974
       3       11.747102
       4       12.431011
       5       11.461501
       6       12.531796
       7       14.786866
       8       14.623839
       9       11.150909
      10       7.3246942
      11       11.779215
      12       14.035846
      13   160.65
 
       1       12.629903
       2       15.271069
       3       13.984478
       4       15.117402
       5       15.081447
       6       11.994494
       7       16.922641
       8       21.399520
       9       19.130214
      10       15.679295
      11       16.058908
      12       14.951300
      13   188.22
 
       1       12.805357
       2       14.413381
       3       14.143194
       4       17.209677
       5       17.225643
       6       14.913976
       7       14.045235
       8       13.095508
       9       13.174044
      10       9.3835979
      11       11.112425
      12       10.054823
      13    13.46
 
       1 0.0
       2 0.0
       3 0.0
       4 0.0
       5 0.0
       6 0.0
       7 0.0
       8 0.0
       9 0.0
      10 0.0
      11 0.0
      12 0.0
      13 0.0
 
       1      0.13728094
       2      0.15447611
       3      0.14545151
       4      0.17863555
       5      0.17550790
       6      0.14819532
       7      0.13738339
       8      0.12917353
       9      0.13046401
      10     0.093841995
      11      0.11608370
      12      0.10777954
      13   0.1379
 
       1      0.87300365
       2      0.87263436
       3      0.87070863
       4      0.87232646
       5      0.87174012
       6      0.86916763
       7      0.87077194
       8      0.87291525
       9      0.87096683
      10      0.87205922
      11      0.87493255
      12      0.87280348
      13   0.8720
 
       1     0.018048163
       2     0.020315861
       3     0.019689244
       4     0.024009992
       5     0.023964439
       6     0.020508799
       7     0.019110550
       8     0.017896216
       9     0.018087967
      10     0.012993182
      11     0.015564374
      12     0.014225285
      13   0.0187
 
       1      0.75952757
       2      0.73245872
       3      0.73658825
       4      0.81536244
       5      0.75432506
       6      0.80462651
       7      0.77413948
       8      0.76844029
       9      0.79153424
      10      0.73500068
      11      0.69344382
      12      0.72267066
      13   0.7573
 
