       1       9.7872985
       2       12.799549
       3       18.059085
       4       19.530733
       5       41.107929
       6       45.576639
       7       39.684763
       8       31.614685
       9       19.224822
      10       11.532343
      11       8.6779405
      12       7.7363295
      13   265.33
 
       1       6.6300777
       2       8.7869305
       3       12.320681
       4       12.527713
       5       22.296283
       6       23.783442
       7       20.223943
       8       17.230389
       9       11.148246
      10       7.3532828
      11       6.1411098
      12       5.7098406
      13   154.15
 
       1      0.99729787
       2       1.3842365
       3       2.1486972
       4       2.4168672
       5       3.3140034
       6       3.0091912
       7       2.6008097
       8       2.3445420
       9       1.4510627
      10      0.99101313
      11      0.82643540
      12      0.75419162
      13    22.24
 
       1      0.61745935
       2       2.6349203
       3       3.2537686
       4       3.2347496
       5       7.5403556
       6       14.563845
       7       12.324872
       8       8.8298940
       9       2.8636391
      10       1.0872557
      11       1.0318972
      12      0.75729608
      13    58.74
 
       1      0.13596055
       2       1.3471352
       3       1.4009703
       4       3.3363904
       5       4.8008756
       6       6.6047192
       7       5.1121807
       8       4.6473025
       9       2.2344663
      10      0.41978856
      11      0.29130493
      12      0.29357062
      13    30.62
 
       1      0.61530771
       2       2.0740332
       3       3.0682957
       4       3.2489100
       5       4.5576388
       6       4.0081400
       7       3.2217035
       8       2.8472513
       9       1.7567469
      10       1.0210351
      11      0.76129886
      12      0.56494225
      13     2.31
 
       1 0.0
       2 0.0
       3 0.0
       4 0.0
       5 0.0
       6 0.0
       7 0.0
       8 0.0
       9 0.0
      10 0.0
      11 0.0
      12 0.0
      13 0.0
 
       1     0.017383158
       2     0.057657524
       3     0.083426637
       4     0.086528602
       5      0.12036351
       6     0.099233513
       7     0.077979823
       8     0.068831169
       9     0.043861334
      10     0.027066093
      11     0.021052876
      12     0.016003935
      13   0.0599
 
       1      0.89011407
       2      0.88717376
       3      0.88472034
       4      0.88598542
       5      0.88544038
       6      0.88343071
       7      0.88439579
       8      0.88224472
       9      0.88531077
      10      0.88709172
      11      0.88856895
      12      0.89177357
      13   0.8864
 
       1    0.0019882803
       2    0.0066623024
       3    0.0097488294
       4     0.010196718
       5     0.014165904
       6     0.012032010
       7    0.0095766414
       8    0.0085152284
       9    0.0053576964
      10    0.0032111880
      11    0.0024478723
      12    0.0018393471
      13   0.0071
 
       1      0.88029798
       2      0.90222490
       3      0.96194544
       4      0.96969037
       5      0.98445005
       6      0.98182785
       7      0.98150278
       8      0.97396108
       9      0.98035779
      10      0.96201986
      11      0.91291449
      12      0.90018255
      13   0.9493
 
