       1       241.77257
       2       201.41124
       3       197.30900
       4       178.22208
       5       239.29062
       6       239.06773
       7       246.97536
       8       176.11085
       9       128.12409
      10       95.513966
      11       121.68483
      12       120.21962
      13  2185.70
 
       1       162.05208
       2       134.87167
       3       128.54225
       4       114.23734
       5       142.33539
       6       141.15589
       7       136.68970
       8       103.88776
       9       82.621209
      10       62.950682
      11       83.205803
      12       82.014818
      13  1374.56
 
       1       22.091968
       2       19.776531
       3       17.274677
       4       15.208205
       5       16.057517
       6       16.324552
       7       14.918021
       8       12.074334
       9       10.870526
      10       8.5305058
      11       10.902481
      12       10.850385
      13   174.88
 
       1       29.258469
       2       27.268497
       3       23.048169
       4       23.981846
       5       31.582067
       6       49.782642
       7       51.318569
       8       29.156690
       9       17.794829
      10       11.393861
      11       14.232861
      12       14.975893
      13   323.79
 
       1       20.220779
       2       22.354767
       3       22.050556
       4       20.166349
       5       31.842575
       6       48.475077
       7       49.748012
       8       37.165611
       9       25.977379
      10       13.125703
      11       14.636490
      12       12.572111
      13   318.34
 
       1       17.543193
       2       19.604630
       3       23.527676
       4       28.797470
       5       35.033870
       6       40.378898
       7       31.230411
       8       22.872115
       9       18.447351
      10       11.813180
      11       12.564926
      12       10.190958
      13    22.67
 
       1 0.0
       2 0.0
       3 0.0
       4 0.0
       5 0.0
       6 0.0
       7 0.0
       8 0.0
       9 0.0
      10 0.0
      11 0.0
      12 0.0
      13 0.0
 
       1     0.021912452
       2     0.024418205
       3     0.029307490
       4     0.035595991
       5     0.042939389
       6     0.049528001
       7     0.036863521
       8     0.026771809
       9     0.021934100
      10     0.014076260
      11     0.015391847
      12     0.012413901
      13   0.0276
 
       1      0.89731687
       2      0.89734807
       3      0.89637639
       4      0.89668480
       5      0.89540039
       6      0.89676495
       7      0.89857227
       8      0.89865370
       9      0.89698266
      10      0.89694336
      11      0.89816636
      12      0.89754518
      13   0.8972
 
       1    0.0025012968
       2    0.0027913507
       3    0.0033601140
       4    0.0041099638
       5    0.0049664668
       6    0.0057098510
       7    0.0043388572
       8    0.0031763147
       9    0.0025902922
      10    0.0016694532
      11    0.0017892874
      12    0.0014469028
      13   0.0032
 
       1      0.28671774
       2      0.28051212
       3      0.31876646
       4      0.36299398
       5      0.39715333
       6      0.39943142
       7      0.36955897
       8      0.33420379
       9      0.33436476
      10      0.30286901
      11      0.30572280
      12      0.28515919
      13   0.3315
 
