       1       6.1792235
       2       10.179710
       3       21.675531
       4       27.294663
       5       30.277588
       6       46.325810
       7       47.829120
       8       33.576349
       9       19.840804
      10       10.298327
      11       5.9349008
      12       7.0075462
      13   266.42
 
       1       4.4241890
       2       6.6624925
       3       13.439883
       4       16.797156
       5       16.796708
       6       22.986825
       7       25.442623
       8       18.808125
       9       11.502248
      10       6.8501740
      11       4.5945608
      12       5.1108297
      13   153.42
 
       1      0.58271307
       2      0.96540074
       3       2.4027780
       4       3.3882038
       5       2.7746881
       6       2.7579825
       7       3.3206498
       8       2.5673294
       9       1.5322843
      10      0.98235384
      11      0.70603793
      12      0.61858891
      13    22.60
 
       1      0.42687434
       2       1.1533158
       3       2.8987037
       4       4.9142927
       5       4.7608129
       6       12.515715
       7       15.804232
       8       9.4655233
       9       3.6692245
      10       1.0819225
      11      0.75485518
      12      0.76961594
      13    58.22
 
       1      0.10431172
       2      0.22001312
       3       1.4028731
       4       3.3653857
       5       3.2877258
       6       5.6415754
       7       6.0431238
       8       4.7889831
       9       2.0236339
      10      0.55739979
      11      0.16456638
      12      0.15715929
      13    27.76
 
       1      0.49811290
       2       1.0555820
       3       2.8480189
       4       5.1405287
       5       3.5893067
       6       3.8143806
       7       4.0198680
       8       2.9019354
       9       1.8548119
      10       1.1342443
      11      0.78132921
      12      0.50449279
      13     2.35
 
       1 0.0
       2 0.0
       3 0.0
       4 0.0
       5 0.0
       6 0.0
       7 0.0
       8 0.0
       9 0.0
      10 0.0
      11 0.0
      12 0.0
      13 0.0
 
       1     0.011136258
       2     0.022222077
       3     0.061170299
       4      0.10859522
       5     0.073905637
       6     0.073536225
       7     0.076621700
       8     0.055290691
       9     0.035813667
      10     0.023452110
      11     0.016918148
      12     0.011011359
      13   0.0475
 
       1      0.87598702
       2      0.86664120
       3      0.86918550
       4      0.86714068
       5      0.86858306
       6      0.86431199
       7      0.86662746
       8      0.86474165
       9      0.86485146
      10      0.86743544
      11      0.87090998
      12      0.87167834
      13   0.8682
 
       1    0.0014535260
       2    0.0030128753
       3    0.0081598906
       4     0.014580072
       5     0.010017473
       6     0.010296063
       7     0.010786008
       8    0.0078267716
       9    0.0050733565
      10    0.0032231047
      11    0.0022737521
      12    0.0014705171
      13   0.0065
 
       1      0.82533920
       2      0.88048753
       3      0.94870839
       4      0.97589532
       5      0.97800516
       6      0.98217231
       7      0.97815252
       8      0.96228170
       9      0.95323022
      10      0.95602635
      11      0.93088817
      12      0.85917385
      13   0.9359
 
