       1       485.90851
       2       443.57601
       3       475.39088
       4       478.57481
       5       497.73860
       6       535.40865
       7       529.05584
       8       546.60423
       9       487.49225
      10       471.88170
      11       463.55840
      12       437.69185
      13  5852.88
 
       1       291.28676
       2       270.15313
       3       293.18716
       4       294.20535
       5       303.81279
       6       327.33594
       7       321.83214
       8       336.38996
       9       304.28906
      10       296.50259
      11       288.97261
      12       266.45122
      13  3594.42
 
       1       37.260169
       2       33.955066
       3       36.515774
       4       36.242583
       5       37.296303
       6       40.247923
       7       39.768130
       8       41.442709
       9       37.927134
      10       35.430600
      11       34.490646
      12       33.092113
      13   443.67
 
       1       134.49054
       2       119.93127
       3       124.58013
       4       124.64069
       5       130.06944
       6       144.02313
       7       141.63765
       8       142.10401
       9       124.68357
      10       120.29160
      11       119.44816
      12       119.12881
      13  1545.03
 
       1       22.215916
       2       20.612755
       3       20.879364
       4       22.784937
       5       25.125758
       6       25.960878
       7       25.036911
       8       26.356672
       9       21.231200
      10       20.098061
      11       19.426943
      12       19.356595
      13   269.09
 
       1       6.0173851
       2       6.1372548
       3       5.7982930
       4       5.7879984
       5       5.8825123
       6       6.7536957
       7       6.4235176
       8       6.5688661
       9       6.2739890
      10       5.5304330
      11       5.5256980
      12       5.3320019
      13     6.00
 
       1 0.0
       2 0.0
       3 0.0
       4 0.0
       5 0.0
       6 0.0
       7 0.0
       8 0.0
       9 0.0
      10 0.0
      11 0.0
      12 0.0
      13 0.0
 
       1     0.024744540
       2     0.025365222
       3     0.024239538
       4     0.024085952
       5     0.024268401
       6     0.027752796
       7     0.026413394
       8     0.027490763
       9     0.026509772
      10     0.023522212
      11     0.023230771
      12     0.022069351
      13   0.0250
 
       1       1.0000000
       2       1.0000000
       3       1.0000000
       4       1.0000000
       5       1.0000000
       6       1.0000000
       7       1.0000000
       8       1.0000000
       9       1.0000000
      10       1.0000000
      11       1.0000000
      12       1.0000000
      13   1.0000
 
       1       0.0000000
       2       0.0000000
       3       0.0000000
       4       0.0000000
       5       0.0000000
       6       0.0000000
       7       0.0000000
       8       0.0000000
       9       0.0000000
      10       0.0000000
      11       0.0000000
      12       0.0000000
      13   0.0000
 
       1      0.72803093
       2      0.70244786
       3      0.67379155
       4      0.64886544
       5      0.62812663
       6      0.63183359
       7      0.65606604
       8      0.67605448
       9      0.68254839
      10      0.70007161
      11      0.69952962
      12      0.71778409
      13   0.6788
 
