       1       116.79717
       2       175.92123
       3       191.54453
       4       196.91106
       5       222.77956
       6       208.28847
       7       222.33442
       8       197.19704
       9       147.70397
      10       141.94940
      11       133.73292
      12       140.35413
      13  2095.51
 
       1       80.193654
       2       115.39216
       3       124.32131
       4       124.81932
       5       137.51285
       6       121.79077
       7       122.78840
       8       113.65431
       9       93.249019
      10       93.779771
      11       88.984729
      12       96.995095
      13  1313.48
 
       1       10.522726
       2       15.376527
       3       17.531581
       4       15.763842
       5       17.488200
       6       15.046361
       7       13.574659
       8       13.012956
       9       11.678649
      10       12.039342
      11       10.933264
      12       12.593764
      13   165.56
 
       1       14.764544
       2       20.127993
       3       26.886822
       4       24.191783
       5       33.270188
       6       39.106032
       7       48.033705
       8       34.958718
       9       21.029938
      10       17.765772
      11       15.015407
      12       18.011128
      13   313.16
 
       1       11.846631
       2       17.186777
       3       21.221047
       4       20.948782
       5       35.113657
       6       39.574912
       7       38.520069
       8       39.442274
       9       28.780898
      10       21.743976
      11       14.859678
      12       15.756605
      13   305.00
 
       1       11.037626
       2       17.163002
       3       23.534940
       4       26.511993
       5       34.437570
       6       30.207082
       7       26.600950
       8       24.191077
       9       19.440513
      10       16.914345
      11       12.967815
      12       12.549942
      13    21.30
 
       1 0.0
       2 0.0
       3 0.0
       4 0.0
       5 0.0
       6 0.0
       7 0.0
       8 0.0
       9 0.0
      10 0.0
      11 0.0
      12 0.0
      13 0.0
 
       1     0.013046994
       2     0.020338521
       3     0.028118112
       4     0.030989273
       5     0.040385187
       6     0.034824002
       7     0.029608130
       8     0.026920302
       9     0.021851306
      10     0.019561449
      11     0.015157232
      12     0.014966060
      13   0.0246
 
       1      0.93085565
       2      0.93062947
       3      0.93090081
       4      0.93024740
       5      0.92985819
       6      0.93066744
       7      0.93077020
       8      0.93151117
       9      0.93033359
      10      0.93077532
      11      0.93202581
      12      0.93153286
      13   0.9308
 
       1    0.0010072724
       2    0.0015614361
       3    0.0021499598
       4    0.0023961222
       5    0.0031151508
       6    0.0027093797
       7    0.0023460670
       8    0.0021361936
       9    0.0017292396
      10    0.0015266036
      11    0.0011765874
      12    0.0011467747
      13   0.0019
 
       1      0.29795788
       2      0.29904474
       3      0.34576429
       4      0.36118531
       5      0.38483914
       6      0.39024770
       7      0.34395746
       8      0.32410739
       9      0.32771065
      10      0.31120003
      11      0.30471669
      12      0.28567325
      13   0.3314
 
