       1       630.50666
       2       581.84423
       3       626.98482
       4       572.39261
       5       661.76034
       6       620.50287
       7       657.19181
       8       699.04751
       9       613.37202
      10       576.41579
      11       595.74493
      12       605.71118
      13  7441.47
 
       1       381.45361
       2       353.51118
       3       381.24905
       4       351.66906
       5       399.62734
       6       374.60163
       7       389.74882
       8       415.34010
       9       375.76110
      10       353.36076
      11       359.25167
      12       363.73957
      13  4499.31
 
       1       46.027434
       2       43.007852
       3       46.804066
       4       41.671661
       5       48.493768
       6       45.421855
       7       48.766874
       8       50.921921
       9       45.752332
      10       42.921331
      11       43.454793
      12       44.493452
      13   547.74
 
       1       173.76617
       2       160.05315
       3       170.56545
       4       152.29547
       5       179.53849
       6       168.51793
       7       184.54606
       8       195.80947
       9       165.06444
      10       152.71782
      11       165.47188
      12       171.04733
      13  2039.39
 
       1       28.584097
       2       25.896482
       3       29.372728
       4       26.614858
       5       32.640678
       6       31.935835
       7       33.470460
       8       37.655462
       9       28.158804
      10       25.788253
      11       28.373837
      12       27.763995
      13   356.26
 
       1       8.0913146
       2       8.2226042
       3       8.1151307
       4       7.4921695
       5       8.4746518
       6       8.2541700
       7       8.6476649
       8       9.1933983
       9       8.3815513
      10       7.3242035
      11       7.8767010
      12       7.7221992
      13     8.15
 
       1 0.0
       2 0.0
       3 0.0
       4 0.0
       5 0.0
       6 0.0
       7 0.0
       8 0.0
       9 0.0
      10 0.0
      11 0.0
      12 0.0
      13 0.0
 
       1     0.032982634
       2     0.033747624
       3     0.032813895
       4     0.030155240
       5     0.033596086
       6     0.033048591
       7     0.034239914
       8     0.036020467
       9     0.033924670
      10     0.029780158
      11     0.031416172
      12     0.031373239
      13   0.0328
 
       1       1.0000000
       2       1.0000000
       3       1.0000000
       4       1.0000000
       5       1.0000000
       6       1.0000000
       7       1.0000000
       8       1.0000000
       9       1.0000000
      10       1.0000000
      11       1.0000000
      12       1.0000000
      13   1.0000
 
       1       0.0000000
       2       0.0000000
       3       0.0000000
       4       0.0000000
       5       0.0000000
       6       0.0000000
       7       0.0000000
       8       0.0000000
       9       0.0000000
      10       0.0000000
      11       0.0000000
      12       0.0000000
      13   0.0000
 
       1      0.74955374
       2      0.71115722
       3      0.70612893
       4      0.66399603
       5      0.64180529
       6      0.64157784
       7      0.68375086
       8      0.69694429
       9      0.71088008
      10      0.70984514
      11      0.73138535
      12      0.72843001
      13   0.6980
 
