       1       129.95331
       2       108.41150
       3       94.664647
       4       123.66115
       5       133.36591
       6       102.13740
       7       109.02408
       8       118.17741
       9       101.59455
      10       77.575274
      11       146.16135
      12       158.10628
      13  1402.83
 
       1       88.019370
       2       69.695135
       3       59.437777
       4       79.003566
       5       82.250801
       6       63.965733
       7       61.201403
       8       69.732496
       9       64.977121
      10       51.875768
      11       94.580269
      12       106.98664
      13   891.73
 
       1       11.824403
       2       7.2824235
       3       6.7271814
       4       9.7847714
       5       9.1622809
       6       7.4203064
       7       6.1436990
       8       7.5895445
       9       7.8846482
      10       6.7185527
      11       10.892610
      12       13.887371
      13   105.32
 
       1       13.327164
       2       7.0257467
       3       7.0653137
       4       12.013320
       5       11.752438
       6       13.152903
       7       13.761867
       8       16.419019
       9       10.689584
      10       8.2988157
      11       15.385396
      12       19.883510
      13   148.78
 
       1       13.596482
       2       7.1331203
       3       7.9367443
       4       13.925859
       5       15.446814
       6       15.238809
       7       14.979611
       8       22.545008
       9       19.537749
      10       14.860150
      11       18.304449
      12       16.187619
      13   179.69
 
       1       9.3093472
       2       9.8133949
       3       8.6239169
       4       15.975269
       5       18.782195
       6       16.567698
       7       13.183480
       8       14.989533
       9       13.101471
      10       9.1474528
      11       11.701907
      12       11.917829
      13    12.76
 
       1 0.0
       2 0.0
       3 0.0
       4 0.0
       5 0.0
       6 0.0
       7 0.0
       8 0.0
       9 0.0
      10 0.0
      11 0.0
      12 0.0
      13 0.0
 
       1      0.10066177
       2      0.10218403
       3     0.086432676
       4      0.16370127
       5      0.19063507
       6      0.16775850
       7      0.12908360
       8      0.14806074
       9      0.12979950
      10     0.091142586
      11      0.12015160
      12      0.12682476
      13   0.1297
 
       1      0.87338156
       2      0.87357607
       3      0.87196798
       4      0.87167857
       5      0.87168975
       6      0.87095780
       7      0.87017315
       8      0.87123124
       9      0.87156854
      10      0.87075064
      11      0.87170721
      12      0.87402654
      13   0.8719
 
       1     0.013212697
       2     0.013742314
       3     0.011922374
       4     0.022208716
       5     0.026050026
       6     0.022972713
       7     0.017997229
       8     0.020479516
       9     0.018003353
      10     0.012675504
      11     0.016267064
      12     0.016789191
      13   0.0177
 
       1      0.69451795
       2      0.67223989
       3      0.68207338
       4      0.74875020
       5      0.76563776
       6      0.78228697
       7      0.76218212
       8      0.80080347
       9      0.76252735
      10      0.73385835
      11      0.70501984
      12      0.68337304
      13   0.7328
 
