       1       189.82502
       2       191.98817
       3       196.60696
       4       214.68706
       5       210.45101
       6       223.30497
       7       215.25997
       8       196.06583
       9       129.73398
      10       151.26431
      11       137.35908
      12       153.23695
      13  2209.78
 
       1       124.24975
       2       126.73087
       3       124.24111
       4       133.63368
       5       130.19598
       6       130.50391
       7       119.84925
       8       113.18769
       9       82.275528
      10       99.581587
      11       91.043600
      12       101.95882
      13  1377.45
 
       1       15.772843
       2       17.685075
       3       17.056394
       4       19.209467
       5       16.925485
       6       16.578530
       7       13.858767
       8       13.409795
       9       10.990993
      10       13.016136
      11       11.528314
      12       12.264780
      13   178.30
 
       1       21.195755
       2       25.514598
       3       26.868510
       4       30.354876
       5       31.035644
       6       43.676281
       7       45.088528
       8       38.492595
       9       19.972277
      10       15.493571
      11       16.209212
      12       16.968012
      13   330.87
 
       1       19.302463
       2       18.371926
       3       22.897582
       4       26.715330
       5       31.052951
       6       38.006144
       7       36.753152
       8       35.963569
       9       24.298871
      10       25.785560
      11       17.774288
      12       14.688878
      13   311.61
 
       1       14.626081
       2       19.398841
       3       25.503166
       4       31.101278
       5       31.619779
       6       30.456318
       7       26.078158
       8       23.808079
       9       16.899209
      10       17.479796
      11       14.336840
      12       12.676394
      13    22.00
 
       1 0.0
       2 0.0
       3 0.0
       4 0.0
       5 0.0
       6 0.0
       7 0.0
       8 0.0
       9 0.0
      10 0.0
      11 0.0
      12 0.0
      13 0.0
 
       1     0.014207411
       2     0.018975037
       3     0.024770576
       4     0.030109843
       5     0.029927548
       6     0.028427760
       7     0.023581998
       8     0.021599697
       9     0.015339779
      10     0.016212507
      11     0.013614964
      12     0.012253611
      13   0.0208
 
       1      0.88236344
       2      0.88280716
       3      0.88314957
       4      0.88346450
       5      0.88115988
       6      0.88045080
       7      0.88200898
       8      0.88211984
       9      0.88049690
      10      0.88135007
      11      0.88363543
      12      0.88385440
      13   0.8822
 
       1    0.0018735049
       2    0.0024892999
       3    0.0032679766
       4    0.0039726842
       5    0.0040081031
       6    0.0038297337
       7    0.0032352940
       8    0.0029599965
       9    0.0021145135
      10    0.0022056324
      11    0.0018266238
      12    0.0016238897
      13   0.0028
 
       1      0.28522629
       2      0.29191969
       3      0.32149761
       4      0.35793172
       5      0.36617307
       6      0.37061379
       7      0.32114524
       8      0.30910164
       9      0.30661598
      10      0.28070119
      11      0.27921884
      12      0.28569510
      13   0.3147
 
