       1       12.280088
       2       11.353259
       3       16.501830
       4       20.240110
       5       33.831212
       6       40.452850
       7       41.705230
       8       31.556841
       9       19.252810
      10       11.826665
      11       5.9562525
      12       13.774378
      13   258.73
 
       1       8.1423035
       2       7.4321475
       3       9.8485489
       4       13.486215
       5       18.051609
       6       20.876119
       7       22.353787
       8       17.653922
       9       11.094309
      10       7.6836764
      11       4.6661286
      12       9.5279734
      13   150.82
 
       1       1.0224553
       2       1.0917046
       3       1.4951260
       4       2.7580218
       5       2.6272482
       6       2.6029339
       7       3.0252312
       8       2.4472371
       9       1.5076723
      10       1.0962301
      11      0.69602601
      12       1.3727552
      13    21.74
 
       1       1.1035758
       2       1.2421007
       3       2.7753487
       4       3.7752241
       5       5.3944572
       6       11.039031
       7       15.526544
       8       9.6512539
       9       3.8368572
      10      0.73673304
      11       1.0982181
      12       1.1602097
      13    57.34
 
       1      0.48108428
       2      0.52147623
       3       1.4456774
       4       2.9185323
       5       3.6642770
       6       4.8923224
       7       6.1237068
       8       4.8094196
       9       1.9676551
      10      0.30022998
      11      0.21543399
      12     0.092893234
      13    27.43
 
       1       1.0212625
       2       1.1944286
       3       1.9299590
       4       3.3760231
       5       3.3474619
       6       3.4611971
       7       3.7269785
       8       2.8244858
       9       1.7904804
      10       1.0520296
      11      0.71883548
      12      0.87172067
      13     2.11
 
       1 0.0
       2 0.0
       3 0.0
       4 0.0
       5 0.0
       6 0.0
       7 0.0
       8 0.0
       9 0.0
      10 0.0
      11 0.0
      12 0.0
      13 0.0
 
       1     0.021819227
       2     0.025508031
       3     0.040979941
       4     0.070017284
       5     0.067128996
       6     0.066797221
       7     0.071464447
       8     0.054041011
       9     0.035540371
      10     0.022410482
      11     0.015392511
      12     0.019874273
      13   0.0426
 
       1      0.82868765
       2      0.82944520
       3      0.82764100
       4      0.82446276
       5      0.82357443
       6      0.82294965
       7      0.82356709
       8      0.82273642
       9      0.82387942
      10      0.82882170
      11      0.82732507
      12      0.83496606
      13   0.8265
 
       1    0.0038733688
       2    0.0045148464
       3    0.0072566491
       4     0.012515574
       5     0.012157550
       6     0.012253448
       7     0.013172055
       8     0.010015158
       9    0.0064960376
      10    0.0039850368
      11    0.0027591239
      12    0.0033963126
      13   0.0077
 
       1      0.85623804
       2      0.79516413
       3      0.92211992
       4      0.96563382
       5      0.97683894
       6      0.98107905
       7      0.97470955
       8      0.96651695
       9      0.98052275
      10      0.96333683
      11      0.88329541
      12      0.90679614
      13   0.9310
 
