       1       182.91284
       2       179.47432
       3       190.55007
       4       184.95853
       5       194.02953
       6       220.01795
       7       218.59667
       8       189.24825
       9       180.31937
      10       117.36828
      11       123.52128
      12       157.97970
      13  2138.98
 
       1       124.93069
       2       119.24795
       3       126.36998
       4       116.89911
       5       120.25169
       6       129.53813
       7       121.94653
       8       111.60555
       9       114.14833
      10       77.416102
      11       83.109785
      12       105.45739
      13  1350.92
 
       1       16.834879
       2       15.794208
       3       17.712116
       4       15.414304
       5       15.624105
       6       15.231083
       7       13.334533
       8       12.747384
       9       13.560827
      10       10.532262
      11       10.075546
      12       12.516207
      13   169.38
 
       1       22.765674
       2       20.835003
       3       26.410276
       4       24.214021
       5       26.934633
       6       41.340412
       7       44.953926
       8       32.787631
       9       21.958537
      10       13.606749
      11       14.143297
      12       17.441167
      13   307.39
 
       1       17.757568
       2       18.389183
       3       20.890797
       4       21.627582
       5       28.125308
       6       38.391705
       7       36.296480
       8       39.061782
       9       35.231467
      10       22.468978
      11       15.161078
      12       16.563446
      13   309.97
 
       1       14.958562
       2       18.107339
       3       23.000647
       4       26.700485
       5       30.018118
       6       31.370380
       7       26.489800
       8       24.138664
       9       23.873953
      10       14.287272
      11       12.366088
      12       12.793880
      13    21.51
 
       1 0.0
       2 0.0
       3 0.0
       4 0.0
       5 0.0
       6 0.0
       7 0.0
       8 0.0
       9 0.0
      10 0.0
      11 0.0
      12 0.0
      13 0.0
 
       1     0.017976862
       2     0.021693938
       3     0.027453566
       4     0.031509462
       5     0.035057806
       6     0.036024348
       7     0.029662947
       8     0.027199070
       9     0.027443731
      10     0.016295890
      11     0.014400437
      12     0.015225775
      13   0.0250
 
       1      0.93116457
       2      0.93126089
       3      0.93053565
       4      0.93035424
       5      0.93041873
       6      0.92869048
       7      0.93039067
       8      0.93228176
       9      0.93139978
      10      0.93144457
      11      0.93201918
      12      0.93169009
      13   0.9310
 
       1    0.0013680646
       2    0.0016537521
       3    0.0020967671
       4    0.0024260670
       5    0.0027131866
       6    0.0028064457
       7    0.0023416349
       8    0.0021427934
       9    0.0021390757
      10    0.0012832860
      11    0.0011216047
      12    0.0011680222
      13   0.0019
 
       1      0.27636039
       2      0.29646044
       3      0.32782776
       4      0.36209845
       5      0.38059064
       6      0.40523432
       7      0.35907345
       8      0.32218676
       9      0.33943866
      10      0.30072338
      11      0.30053542
      12      0.28867619
      13   0.3299
 
