       1       488.52821
       2       412.45935
       3       467.23243
       4       481.64389
       5       501.43170
       6       490.11836
       7       530.20871
       8       527.82546
       9       465.54964
      10       473.42168
      11       443.88736
      12       481.51887
      13  5763.83
 
       1       293.40258
       2       250.81965
       3       285.90241
       4       295.46155
       5       308.14791
       6       294.98139
       7       321.03628
       8       323.22941
       9       288.84950
      10       293.07904
      11       270.85115
      12       289.68477
      13  3515.45
 
       1       37.387472
       2       32.326312
       3       35.921793
       4       36.662901
       5       37.549600
       6       37.347676
       7       40.508876
       8       40.006241
       9       36.058711
      10       35.489432
      11       33.468482
      12       36.716965
      13   439.44
 
       1       134.21160
       2       109.98225
       3       122.49982
       4       126.90042
       5       130.71623
       6       130.57689
       7       141.08730
       8       139.31724
       9       119.91739
      10       123.85160
      11       117.64411
      12       132.75380
      13  1529.46
 
       1       22.607341
       2       20.138208
       3       21.807532
       4       22.341688
       5       25.807937
       6       27.668198
       7       25.973225
       8       26.293458
       9       21.371718
      10       20.936986
      11       20.774225
      12       21.833978
      13   277.55
 
       1       5.8142940
       2       5.5931099
       3       5.6479431
       4       5.8825632
       5       5.9648246
       6       6.1779937
       7       6.4484581
       8       6.4215891
       9       5.9222529
      10       5.6703749
      11       5.4147692
      12       5.8456427
      13     5.90
 
       1 0.0
       2 0.0
       3 0.0
       4 0.0
       5 0.0
       6 0.0
       7 0.0
       8 0.0
       9 0.0
      10 0.0
      11 0.0
      12 0.0
      13 0.0
 
       1     0.024006388
       2     0.023160097
       3     0.023487998
       4     0.024306605
       5     0.024603674
       6     0.024948371
       7     0.026318352
       8     0.026550037
       9     0.024895256
      10     0.023496682
      11     0.022360440
      12     0.024057180
      13   0.0243
 
       1       1.0000000
       2       1.0000000
       3       1.0000000
       4       1.0000000
       5       1.0000000
       6       1.0000000
       7       1.0000000
       8       1.0000000
       9       1.0000000
      10       1.0000000
      11       1.0000000
      12       1.0000000
      13   1.0000
 
       1       0.0000000
       2       0.0000000
       3       0.0000000
       4       0.0000000
       5       0.0000000
       6       0.0000000
       7       0.0000000
       8       0.0000000
       9       0.0000000
      10       0.0000000
      11       0.0000000
      12       0.0000000
      13   0.0000
 
       1      0.72129714
       2      0.71950688
       3      0.70335607
       4      0.66433196
       5      0.63240392
       6      0.60686703
       7      0.66488312
       8      0.69527337
       9      0.70832494
      10      0.72622906
      11      0.72353113
      12      0.72333124
      13   0.6908
 
