       1       482.82016
       2       427.46717
       3       459.12373
       4       462.81228
       5       516.46254
       6       492.57065
       7       557.87954
       8       522.35640
       9       469.50985
      10       502.07089
      11       451.64337
      12       481.53735
      13  5826.25
 
       1       289.71838
       2       259.49469
       3       283.43213
       4       286.61173
       5       313.66453
       6       294.90023
       7       335.17057
       8       321.37595
       9       289.00372
      10       311.99936
      11       280.46594
      12       290.87778
      13  3556.72
 
       1       37.262303
       2       33.021951
       3       35.734101
       4       34.455334
       5       39.015361
       6       36.858950
       7       42.100247
       8       39.821121
       9       35.870634
      10       37.474971
      11       33.449248
      12       36.646464
      13   441.71
 
       1       132.28137
       2       115.89724
       3       118.71065
       4       120.38892
       5       136.87436
       6       133.20541
       7       151.82746
       8       136.53159
       9       122.44683
      10       130.20600
      11       117.90984
      12       131.44835
      13  1547.73
 
       1       22.950604
       2       20.051277
       3       20.951514
       4       21.572450
       5       26.287321
       6       27.559641
       7       28.331565
       8       25.336708
       9       22.949611
      10       21.627676
      11       20.324706
      12       22.261559
      13   280.20
 
       1       5.9376177
       2       5.8104994
       3       5.6299920
       4       5.5880637
       5       6.2214717
       6       6.2048235
       7       6.7695501
       8       6.3599057
       9       5.9849349
      10       5.8330224
      11       5.4967386
      12       5.8283450
      13     5.97
 
       1 0.0
       2 0.0
       3 0.0
       4 0.0
       5 0.0
       6 0.0
       7 0.0
       8 0.0
       9 0.0
      10 0.0
      11 0.0
      12 0.0
      13 0.0
 
       1     0.024433276
       2     0.024061151
       3     0.023628539
       4     0.023386508
       5     0.025248481
       6     0.024849820
       7     0.027391191
       8     0.026352999
       9     0.024775486
      10     0.024518151
      11     0.022979777
      12     0.023900440
      13   0.0246
 
       1       1.0000000
       2       1.0000000
       3       1.0000000
       4       1.0000000
       5       1.0000000
       6       1.0000000
       7       1.0000000
       8       1.0000000
       9       1.0000000
      10       1.0000000
      11       1.0000000
      12       1.0000000
      13   1.0000
 
       1       0.0000000
       2       0.0000000
       3       0.0000000
       4       0.0000000
       5       0.0000000
       6       0.0000000
       7       0.0000000
       8       0.0000000
       9       0.0000000
      10       0.0000000
      11       0.0000000
      12       0.0000000
      13   0.0000
 
       1      0.72627000
       2      0.70746995
       3      0.65293336
       4      0.62694877
       5      0.59331141
       6      0.59887989
       7      0.62423900
       8      0.65479901
       9      0.67120695
      10      0.70664644
      11      0.70327955
      12      0.69359136
      13   0.6633
 
