       1       157.66945
       2       105.31125
       3       131.62587
       4       112.09263
       5       141.15423
       6       153.01023
       7       134.15258
       8       146.28673
       9       115.26469
      10       69.059473
      11       98.889137
      12       114.19093
      13  1478.71
 
       1       106.86470
       2       71.263524
       3       84.836590
       4       69.619007
       5       86.054685
       6       90.329384
       7       75.809250
       8       82.683884
       9       73.436179
      10       46.797183
      11       65.869999
      12       80.164969
      13   933.73
 
       1       13.451226
       2       9.9150356
       3       9.7961469
       4       7.5987849
       5       8.5888989
       6       7.7514696
       7       7.0459835
       8       7.7518028
       9       8.3310597
      10       5.8362881
      11       7.0832051
      12       10.545041
      13   103.69
 
       1       13.605792
       2       10.021709
       3       11.897754
       4       8.8232859
       5       11.536905
       6       16.179545
       7       16.022002
       8       15.609375
       9       10.605667
      10       5.9668467
      11       6.6900061
      12       13.716877
      13   140.68
 
       1       9.9179092
       2       10.492350
       3       12.552641
       4       11.907656
       5       17.561684
       6       20.053703
       7       23.734098
       8       28.508857
       9       25.963988
      10       12.186871
      11       10.193777
      12       13.671171
      13   196.74
 
       1       10.856178
       2       10.067395
       3       13.424983
       4       13.128528
       5       20.414188
       6       25.333125
       7       18.347793
       8       18.367801
       9       15.745322
      10       8.0821197
      11       7.6911906
      12       8.9258422
      13    14.20
 
       1 0.0
       2 0.0
       3 0.0
       4 0.0
       5 0.0
       6 0.0
       7 0.0
       8 0.0
       9 0.0
      10 0.0
      11 0.0
      12 0.0
      13 0.0
 
       1      0.11611147
       2      0.10710092
       3      0.14109526
       4      0.13301330
       5      0.21039466
       6      0.26332158
       7      0.18477203
       8      0.18389766
       9      0.16021036
      10     0.080311731
      11     0.078436178
      12     0.096606465
      13   0.1463
 
       1      0.87316886
       2      0.87315032
       3      0.87359518
       4      0.87209261
       5      0.87231496
       6      0.87168332
       7      0.87306970
       8      0.87318711
       9      0.87203440
      10      0.87407660
      11      0.87381109
      12      0.87443709
      13   0.8731
 
       1     0.015298832
       2     0.014215136
       3     0.018807418
       4     0.018209856
       5     0.028413617
       6     0.035284927
       7     0.025240160
       8     0.025198975
       9     0.021798714
      10     0.011207287
      11     0.010740780
      12     0.012693884
      13   0.0198
 
       1      0.71001623
       2      0.69810749
       3      0.75301449
       4      0.72502162
       5      0.79361142
       6      0.85574058
       7      0.80689562
       8      0.81340286
       9      0.80672689
      10      0.65687768
      11      0.64564628
      12      0.68706121
      13   0.7460
 
