       1       62.357650
       2       46.173900
       3       39.178313
       4       37.343318
       5       21.840711
       6       14.734999
       7       16.437126
       8       8.5934298
       9       12.449655
      10       33.613942
      11       50.416383
      12       68.088018
      13   411.23
 
       1       31.363624
       2       25.049384
       3       23.011944
       4       22.470344
       5       14.662345
       6       10.027292
       7       10.416934
       8       6.0156269
       9       7.9317103
      10       19.402075
      11       25.769483
      12       33.657811
      13   229.78
 
       1       5.7662664
       2       4.0313006
       3       3.2302558
       4       2.7850753
       5       1.3053368
       6      0.83216861
       7      0.90634961
       8      0.48078969
       9      0.77409422
      10       2.5657440
      11       4.2048299
      12       5.9795080
      13    32.86
 
       1       19.083411
       2       15.164476
       3       11.760834
       4       10.052935
       5       5.6342568
       6       4.4285920
       7       6.0199421
       8       2.3863971
       9       3.1641320
      10       9.8611834
      11       14.492977
      12       20.394095
      13   122.44
 
       1       3.2096373
       2       2.5085814
       3       1.7872910
       4       1.7165251
       5       1.2416602
       6       1.2294775
       7       1.4687990
       8      0.75024903
       9      0.70656297
      10       1.9049233
      11       2.6327967
      12       3.8953473
      13    23.05
 
       1      0.85981713
       2      0.74083666
       3      0.52614962
       4      0.46217703
       5      0.23336994
       6      0.17271260
       7      0.18563393
       8     0.090229783
       9      0.12842440
      10      0.39581696
      11      0.63229928
      12      0.88543479
      13     0.44
 
       1 0.0
       2 0.0
       3 0.0
       4 0.0
       5 0.0
       6 0.0
       7 0.0
       8 0.0
       9 0.0
      10 0.0
      11 0.0
      12 0.0
      13 0.0
 
       1     0.022033212
       2     0.019509388
       3     0.014260325
       4     0.012775197
       5    0.0066439449
       6    0.0048594831
       7    0.0050235934
       8    0.0027361160
       9    0.0037692618
      10     0.010526841
      11     0.016337773
      12     0.022849506
      13   0.0118
 
       1       1.0000000
       2       1.0000000
       3       1.0000000
       4       1.0000000
       5       1.0000000
       6       1.0000000
       7       1.0000000
       8       1.0000000
       9       1.0000000
      10       1.0000000
      11       1.0000000
      12       1.0000000
      13   1.0000
 
       1       0.0000000
       2       0.0000000
       3       0.0000000
       4       0.0000000
       5       0.0000000
       6       0.0000000
       7       0.0000000
       8       0.0000000
       9       0.0000000
      10       0.0000000
      11       0.0000000
      12       0.0000000
      13   0.0000
 
       1      0.68087612
       2      0.62672205
       3      0.51800349
       4      0.46686753
       5      0.35201407
       6      0.29365721
       7      0.42037949
       8      0.47768963
       9      0.47242337
      10      0.54313948
      11      0.61685531
      12      0.68228780
      13   0.5126
 
