       1       12.180923
       2       11.588642
       3       15.108895
       4       25.253418
       5       47.752583
       6       51.954719
       7       42.137282
       8       28.896233
       9       23.730351
      10       11.327662
      11       10.044408
      12       6.1294291
      13   286.10
 
       1       8.0210637
       2       7.8000313
       3       10.563463
       4       16.143840
       5       25.237730
       6       26.026906
       7       21.981469
       8       16.552923
       9       13.068061
      10       7.4345737
      11       6.7583233
      12       4.7825341
      13   164.37
 
       1      0.96234858
       2       1.1221178
       3       2.1523534
       4       3.3003537
       5       3.6709331
       6       3.3810155
       7       2.9322330
       8       2.3157229
       9       1.6484374
      10       1.1180759
      11      0.90275821
      12      0.55754631
      13    24.06
 
       1      0.31569112
       2       1.9731515
       3       3.0420368
       4       5.6194916
       5       7.7294296
       6       16.842675
       7       14.459768
       8       7.5930211
       9       4.0242686
      10       1.0181363
      11      0.86798944
      12      0.67586704
      13    64.16
 
       1      0.15593845
       2       1.0759982
       3       1.9983636
       4       3.4247361
       5       5.6918718
       6       8.3813825
       7       6.2651514
       8       4.1140763
       9       2.1388247
      10      0.44629615
      11      0.13500113
      12      0.21208585
      13    34.04
 
       1      0.59364481
       2       1.3182817
       3       2.7383969
       4       5.0122791
       5       5.1669860
       6       4.2125558
       7       3.4841516
       8       2.5645799
       9       1.8887953
      10       1.1633358
      11      0.72772009
      12      0.47468722
      13     2.45
 
       1 0.0
       2 0.0
       3 0.0
       4 0.0
       5 0.0
       6 0.0
       7 0.0
       8 0.0
       9 0.0
      10 0.0
      11 0.0
      12 0.0
      13 0.0
 
       1     0.012792257
       2     0.027548321
       3     0.059108390
       4      0.10782751
       5      0.11085649
       6     0.081725900
       7     0.066298125
       8     0.049071185
       9     0.036987921
      10     0.024627259
      11     0.015900342
      12     0.010218290
      13   0.0502
 
       1      0.87337328
       2      0.86948701
       3      0.86960912
       4      0.86842037
       5      0.87266667
       6      0.86764816
       7      0.86619928
       8      0.86776145
       9      0.86543577
      10      0.87081387
      11      0.87206372
      12      0.87358414
      13   0.8698
 
       1    0.0017105451
       2    0.0037343580
       3    0.0078721209
       4     0.014328709
       5     0.014566286
       6     0.011384707
       7    0.0093442684
       8    0.0069487018
       9    0.0051766496
      10    0.0033234736
      11    0.0021122345
      12    0.0013792785
      13   0.0068
 
       1      0.82267481
       2      0.89940293
       3      0.95461457
       4      0.98178035
       5      0.98599170
       6      0.98177407
       7      0.97218027
       8      0.96740904
       9      0.97734092
      10      0.96173083
      11      0.94202650
      12      0.86783845
      13   0.9429
 
