       1       469.80062
       2       446.60429
       3       499.18973
       4       472.05038
       5       485.32857
       6       517.38835
       7       530.73734
       8       533.29040
       9       509.84127
      10       465.24917
      11       447.10227
      12       478.87122
      13  5855.45
 
       1       283.48356
       2       272.90386
       3       307.42058
       4       293.36033
       5       295.66164
       6       315.45219
       7       325.45635
       8       324.55576
       9       318.15945
      10       288.23524
      11       272.28533
      12       291.30823
      13  3588.28
 
       1       36.476217
       2       34.527930
       3       38.160629
       4       35.589962
       5       36.640050
       6       38.256031
       7       39.981442
       8       40.486598
       9       37.790042
      10       35.753632
      11       34.050048
      12       35.861753
      13   443.57
 
       1       129.26854
       2       118.42231
       3       133.59902
       4       119.04476
       5       127.54260
       6       138.46009
       7       140.50756
       8       140.71383
       9       133.49908
      10       121.50249
      11       121.85732
      12       129.47824
      13  1553.90
 
       1       22.830520
       2       18.655108
       3       21.817292
       4       22.068852
       5       26.575546
       6       23.700114
       7       26.289142
       8       25.527543
       9       21.595890
      10       20.495124
      11       19.502130
      12       21.359517
      13   270.42
 
       1       5.8715242
       2       5.7886300
       3       6.1395005
       4       5.7749523
       5       5.7950668
       6       6.4892225
       7       6.5327330
       8       6.5352991
       9       6.2092965
      10       5.5935605
      11       5.5545347
      12       5.7804975
      13     6.01
 
       1 0.0
       2 0.0
       3 0.0
       4 0.0
       5 0.0
       6 0.0
       7 0.0
       8 0.0
       9 0.0
      10 0.0
      11 0.0
      12 0.0
      13 0.0
 
       1     0.024311952
       2     0.024198754
       3     0.025563182
       4     0.024090830
       5     0.023661739
       6     0.026451177
       7     0.027043601
       8     0.026812295
       9     0.026303417
      10     0.023371569
      11     0.022875546
      12     0.023767801
      13   0.0249
 
       1       1.0000000
       2       1.0000000
       3       1.0000000
       4       1.0000000
       5       1.0000000
       6       1.0000000
       7       1.0000000
       8       1.0000000
       9       1.0000000
      10       1.0000000
      11       1.0000000
      12       1.0000000
      13   1.0000
 
       1       0.0000000
       2       0.0000000
       3       0.0000000
       4       0.0000000
       5       0.0000000
       6       0.0000000
       7       0.0000000
       8       0.0000000
       9       0.0000000
      10       0.0000000
      11       0.0000000
      12       0.0000000
      13   0.0000
 
       1      0.71956420
       2      0.70940654
       3      0.69230168
       4      0.65966940
       5      0.61803754
       6      0.60075938
       7      0.64119467
       8      0.67529773
       9      0.69580483
      10      0.70813476
      11      0.71199478
      12      0.72111458
      13   0.6794
 
