       1       144.93314
       2       168.23437
       3       192.07292
       4       205.45989
       5       194.96287
       6       221.08088
       7       234.50097
       8       195.94280
       9       115.15435
      10       124.34440
      11       165.76896
      12       176.99972
      13  2139.46
 
       1       96.834735
       2       112.23736
       3       126.47762
       4       128.93048
       5       122.87879
       6       126.81627
       7       131.63618
       8       115.42648
       9       74.975219
      10       80.404049
      11       111.05718
      12       120.40664
      13  1348.08
 
       1       12.563524
       2       14.710517
       3       17.796961
       4       16.900877
       5       16.369612
       6       14.228516
       7       15.123821
       8       13.645949
       9       10.337300
      10       9.9270724
      11       13.835290
      12       15.969870
      13   171.41
 
       1       16.473468
       2       18.613958
       3       24.730429
       4       27.726108
       5       27.771324
       6       41.495049
       7       48.666126
       8       33.502494
       9       18.914847
      10       14.438011
      11       22.412937
      12       25.431866
      13   320.18
 
       1       12.253040
       2       13.628854
       3       21.682632
       4       24.568186
       5       31.402186
       6       34.996660
       7       45.731989
       8       38.853955
       9       23.362812
      10       17.781602
      11       17.502029
      12       18.067641
      13   299.83
 
       1       11.874154
       2       16.860153
       3       23.685833
       4       30.644183
       5       30.433040
       6       28.672001
       7       29.786755
       8       25.623307
       9       16.259905
      10       13.782303
      11       16.368233
      12       14.407173
      13    21.53
 
       1 0.0
       2 0.0
       3 0.0
       4 0.0
       5 0.0
       6 0.0
       7 0.0
       8 0.0
       9 0.0
      10 0.0
      11 0.0
      12 0.0
      13 0.0
 
       1     0.011206384
       2     0.015991821
       3     0.022773394
       4     0.029118088
       5     0.028641692
       6     0.026002113
       7     0.027041196
       8     0.023212225
       9     0.014709965
      10     0.012458836
      11     0.015600284
      12     0.013896260
      13   0.0201
 
       1      0.93907158
       2      0.93809212
       3      0.93828479
       4      0.93809306
       5      0.93729089
       6      0.93698524
       7      0.93836983
       8      0.93961523
       9      0.93863712
      10      0.93838389
      11      0.93939128
      12      0.93985653
      13   0.9385
 
       1   0.00079046880
       2    0.0011248266
       3    0.0015840758
       4    0.0020426861
       5    0.0020217645
       6    0.0018805756
       7    0.0019501606
       8    0.0016799533
       9    0.0010712916
      10   0.00090933294
      11    0.0010920340
      12   0.00096292696
      13   0.0014
 
       1      0.26394623
       2      0.29263344
       3      0.31581036
       4      0.34699345
       5      0.36322167
       6      0.37175636
       7      0.34109956
       8      0.31252799
       9      0.29995529
      10      0.28905450
      11      0.30712613
      12      0.28954801
      13   0.3161
 
