       1       187.97845
       2       197.65204
       3       196.06030
       4       156.55495
       5       213.89138
       6       195.57369
       7       219.00050
       8       186.14395
       9       169.04822
      10       122.59513
      11       133.32631
      12       119.52147
      13  2097.35
 
       1       129.24094
       2       131.58975
       3       126.76678
       4       100.82721
       5       131.67557
       6       116.12407
       7       123.05344
       8       108.29633
       9       105.78266
      10       78.981064
      11       91.495120
      12       80.182997
      13  1324.02
 
       1       18.324434
       2       18.758235
       3       16.812750
       4       14.713647
       5       16.838705
       6       14.341478
       7       13.657957
       8       12.782952
       9       13.197388
      10       9.9200783
      11       12.040196
      12       9.9542714
      13   171.34
 
       1       26.217901
       2       23.241907
       3       22.895124
       4       26.215521
       5       29.799727
       6       36.796404
       7       42.804123
       8       30.921025
       9       21.190880
      10       14.217936
      11       16.987724
      12       15.050950
      13   306.34
 
       1       16.092344
       2       19.486326
       3       19.016964
       4       22.883945
       5       31.366040
       6       32.778551
       7       38.419714
       8       39.072205
       9       33.542861
      10       17.968226
      11       20.857881
      12       11.320699
      13   302.81
 
       1       15.582197
       2       18.648886
       3       22.573929
       4       24.655503
       5       30.213018
       6       28.340989
       7       26.904261
       8       22.839323
       9       21.403376
      10       13.612771
      11       13.833214
      12       10.005163
      13    20.72
 
       1 0.0
       2 0.0
       3 0.0
       4 0.0
       5 0.0
       6 0.0
       7 0.0
       8 0.0
       9 0.0
      10 0.0
      11 0.0
      12 0.0
      13 0.0
 
       1     0.018568714
       2     0.022485309
       3     0.026633559
       4     0.029244777
       5     0.035046260
       6     0.032396401
       7     0.029985087
       8     0.025470962
       9     0.024121818
      10     0.015521573
      11     0.016353282
      12     0.011572035
      13   0.0239
 
       1      0.93121117
       2      0.93194681
       3      0.93060358
       4      0.93083185
       5      0.92948099
       6      0.92967709
       7      0.93057532
       8      0.93163816
       9      0.93065323
      10      0.93096833
      11      0.93221550
      12      0.93159050
      13   0.9309
 
       1    0.0014206454
       2    0.0017029340
       3    0.0020510107
       4    0.0022474400
       5    0.0027210361
       6    0.0025353195
       7    0.0023739175
       8    0.0020208297
       9    0.0019039678
      10    0.0012245285
      11    0.0012592417
      12   0.00090473238
      13   0.0019
 
       1      0.30076084
       2      0.28785488
       3      0.33248404
       4      0.36309676
       5      0.38122195
       6      0.40232613
       7      0.36132453
       8      0.32116639
       9      0.32236686
      10      0.30714023
      11      0.29649306
      12      0.28293078
      13   0.3299
 
