       1       488.69278
       2       442.67296
       3       496.91992
       4       480.40303
       5       474.27011
       6       532.72399
       7       546.44515
       8       589.18943
       9       452.70120
      10       477.86260
      11       464.84254
      12       481.88675
      13  5928.61
 
       1       292.91203
       2       268.74157
       3       304.10491
       4       297.26804
       5       293.02437
       6       325.68265
       7       331.79975
       8       356.90085
       9       282.59448
      10       300.15714
      11       281.91573
      12       291.48083
      13  3626.58
 
       1       37.332542
       2       34.372184
       3       38.687450
       4       36.403644
       5       35.361621
       6       39.780600
       7       40.411003
       8       44.762400
       9       34.236559
      10       36.008087
      11       35.486538
      12       36.712653
      13   449.56
 
       1       135.89154
       2       120.54665
       3       130.19909
       4       124.18791
       5       124.28708
       6       140.72697
       7       146.79968
       8       159.20230
       9       116.96714
      10       121.60839
      11       125.55053
      12       132.80682
      13  1578.77
 
       1       22.456346
       2       19.368028
       3       22.193455
       4       22.633022
       5       22.910666
       6       25.980521
       7       26.296189
       8       28.279023
       9       19.646335
      10       21.059812
      11       21.406360
      12       21.181813
      13   273.41
 
       1       5.9301207
       2       6.1730111
       3       5.9541507
       4       5.8678038
       5       5.6698360
       6       6.7617199
       7       6.6399792
       8       7.2096755
       9       5.7470866
      10       5.5537178
      11       5.7145892
      12       5.8015211
      13     6.09
 
       1 0.0
       2 0.0
       3 0.0
       4 0.0
       5 0.0
       6 0.0
       7 0.0
       8 0.0
       9 0.0
      10 0.0
      11 0.0
      12 0.0
      13 0.0
 
       1     0.024368615
       2     0.025560838
       3     0.024813317
       4     0.024383396
       5     0.023255589
       6     0.027705927
       7     0.027361259
       8     0.029394888
       9     0.024095632
      10     0.023653343
      11     0.023569511
      12     0.023971776
      13   0.0252
 
       1       1.0000000
       2       1.0000000
       3       1.0000000
       4       1.0000000
       5       1.0000000
       6       1.0000000
       7       1.0000000
       8       1.0000000
       9       1.0000000
      10       1.0000000
      11       1.0000000
      12       1.0000000
      13   1.0000
 
       1       0.0000000
       2       0.0000000
       3       0.0000000
       4       0.0000000
       5       0.0000000
       6       0.0000000
       7       0.0000000
       8       0.0000000
       9       0.0000000
      10       0.0000000
      11       0.0000000
      12       0.0000000
      13   0.0000
 
       1      0.70785786
       2      0.71454221
       3      0.67734814
       4      0.65926271
       5      0.60859135
       6      0.60179515
       7      0.64071811
       8      0.66429851
       9      0.66695036
      10      0.69136200
      11      0.71219572
      12      0.71708084
      13   0.6718
 
