       1       26.859879
       2       25.917289
       3       27.545267
       4       18.194577
       5       20.707989
       6       20.729868
       7       17.650773
       8       15.497738
       9       11.472495
      10       15.532023
      11       16.235382
      12       26.423812
      13   242.77
 
       1       13.681841
       2       13.762505
       3       15.017604
       4       10.545071
       5       12.017720
       6       12.966541
       7       10.680364
       8       9.4506540
       9       6.8906861
      10       8.6442893
      11       8.7960716
      12       13.640706
      13   136.09
 
       1       2.1769889
       2       2.1590063
       3       2.3125372
       4       1.5265312
       5       1.6352877
       6       1.6816536
       7       1.3266900
       8       1.1468144
       9      0.91706490
      10       1.2420043
      11       1.4145412
      12       1.9369479
      13    19.48
 
       1       8.8068973
       2       8.3778719
       3       8.4567359
       4       5.5150252
       5       5.8829766
       6       5.8165748
       7       5.4282028
       8       4.7216306
       9       3.3882161
      10       5.1722072
      11       5.3919658
      12       8.8815770
      13    75.84
 
       1       1.2021081
       2       1.3230922
       3       1.3147496
       4      0.76499541
       5      0.88336149
       6      0.80383254
       7      0.71949257
       8      0.89406497
       9      0.89717102
      10       1.3130944
      11       1.3175196
      12       1.5421381
      13    12.98
 
       1      0.39603678
       2      0.42621868
       3      0.41889038
       4      0.31743882
       5      0.36587612
       6      0.40635930
       7      0.32750281
       8      0.27549556
       9      0.20766766
      10      0.23065309
      11      0.24271761
      12      0.34032627
      13     0.33
 
       1 0.0
       2 0.0
       3 0.0
       4 0.0
       5 0.0
       6 0.0
       7 0.0
       8 0.0
       9 0.0
      10 0.0
      11 0.0
      12 0.0
      13 0.0
 
       1     0.014136467
       2     0.015946679
       3     0.016111515
       4     0.012426921
       5     0.014536731
       6     0.017108558
       7     0.013513674
       8     0.011680267
       9    0.0083333428
      10    0.0090302387
      11    0.0092740689
      12     0.012669704
      13   0.0129
 
       1       1.0000000
       2       1.0000000
       3       1.0000000
       4       1.0000000
       5       1.0000000
       6       1.0000000
       7       1.0000000
       8       1.0000000
       9       1.0000000
      10       1.0000000
      11       1.0000000
      12       1.0000000
      13   1.0000
 
       1       0.0000000
       2       0.0000000
       3       0.0000000
       4       0.0000000
       5       0.0000000
       6       0.0000000
       7       0.0000000
       8       0.0000000
       9       0.0000000
      10       0.0000000
      11       0.0000000
      12       0.0000000
      13   0.0000
 
       1      0.27593519
       2      0.25265910
       3      0.25307671
       4      0.19693272
       5      0.19824291
       6      0.12517423
       7      0.19085865
       8      0.20324770
       9      0.21312768
      10      0.33965216
      11      0.34870463
      12      0.33794685
      13   0.2446
 
