       1       492.94131
       2       415.00956
       3       506.76174
       4       459.65783
       5       492.14843
       6       522.41113
       7       541.18187
       8       528.94156
       9       482.63033
      10       469.95822
      11       429.08977
      12       517.97824
      13  5858.71
 
       1       296.46122
       2       254.48284
       3       308.80857
       4       282.37078
       5       299.93320
       6       316.86374
       7       330.80338
       8       327.89308
       9       298.66689
      10       293.84992
      11       264.32177
      12       312.91820
      13  3587.37
 
       1       38.526878
       2       32.239996
       3       38.516992
       4       34.488327
       5       36.861459
       6       39.087271
       7       40.969921
       8       40.188972
       9       36.879671
      10       35.483618
      11       32.476909
      12       39.675989
      13   445.40
 
       1       135.90744
       2       110.32924
       3       137.20768
       4       119.64932
       5       131.37030
       6       139.08648
       7       143.94127
       8       138.17131
       9       125.27092
      10       121.63682
      11       112.20861
      12       141.53892
      13  1556.32
 
       1       21.946437
       2       18.105041
       3       22.282069
       4       21.594626
       5       24.024721
       6       26.345107
       7       26.572270
       8       22.453418
       9       22.251373
      10       20.168955
      11       19.232380
      12       23.663377
      13   268.64
 
       1       6.2052599
       2       5.5498764
       3       6.0945170
       4       5.5808468
       5       5.8100547
       6       6.6084137
       7       6.5790178
       8       6.5406704
       9       6.1122375
      10       5.6929441
      11       5.3533557
      12       6.2279705
      13     6.03
 
       1 0.0
       2 0.0
       3 0.0
       4 0.0
       5 0.0
       6 0.0
       7 0.0
       8 0.0
       9 0.0
      10 0.0
      11 0.0
      12 0.0
      13 0.0
 
       1     0.025710969
       2     0.022926201
       3     0.025184334
       4     0.023056257
       5     0.023823311
       6     0.026838096
       7     0.027108415
       8     0.027196873
       9     0.025504078
      10     0.024021382
      11     0.022144548
      12     0.025618599
      13   0.0249
 
       1       1.0000000
       2       1.0000000
       3       1.0000000
       4       1.0000000
       5       1.0000000
       6       1.0000000
       7       1.0000000
       8       1.0000000
       9       1.0000000
      10       1.0000000
      11       1.0000000
      12       1.0000000
      13   1.0000
 
       1       0.0000000
       2       0.0000000
       3       0.0000000
       4       0.0000000
       5       0.0000000
       6       0.0000000
       7       0.0000000
       8       0.0000000
       9       0.0000000
      10       0.0000000
      11       0.0000000
      12       0.0000000
      13   0.0000
 
       1      0.74207651
       2      0.70340847
       3      0.66011943
       4      0.63029591
       5      0.63430039
       6      0.61774175
       7      0.64231013
       8      0.67501707
       9      0.68682015
      10      0.70508321
      11      0.70152181
      12      0.72541250
      13   0.6770
 
