       1       102.21333
       2       69.619952
       3       127.62662
       4       170.00925
       5       156.89912
       6       126.29701
       7       133.17327
       8       124.88791
       9       104.59632
      10       71.722117
      11       70.977335
      12       116.05721
      13  1374.08
 
       1       72.340202
       2       45.998366
       3       78.736232
       4       103.40145
       5       94.113154
       6       76.769936
       7       73.367309
       8       71.615276
       9       66.548564
      10       47.969006
      11       49.554133
      12       77.148301
      13   857.56
 
       1       9.1587608
       2       5.1431108
       3       8.5431021
       4       9.8624385
       5       8.8793601
       6       7.3083023
       7       6.6100134
       8       6.9076691
       9       7.2843465
      10       6.0730100
      11       5.9003071
      12       8.5885492
      13    90.26
 
       1       9.9133093
       2       6.4966082
       3       10.209941
       4       13.968975
       5       12.162465
       6       13.449681
       7       14.120641
       8       14.561327
       9       9.4297908
      10       5.9303495
      11       6.1133470
      12       10.148316
      13   126.50
 
       1       8.5219443
       2       6.5466461
       3       11.989255
       4       18.360491
       5       18.264897
       6       17.474027
       7       22.206807
       8       25.506803
       9       23.563097
      10       12.378490
      11       9.0213258
      12       9.5260696
      13   183.36
 
       1       8.1223600
       2       7.0536703
       3       11.883991
       4       19.342231
       5       20.978036
       6       21.896786
       7       17.380829
       8       16.192350
       9       14.569804
      10       8.4174771
      11       6.4787364
      12       7.4282157
      13    13.31
 
       1 0.0
       2 0.0
       3 0.0
       4 0.0
       5 0.0
       6 0.0
       7 0.0
       8 0.0
       9 0.0
      10 0.0
      11 0.0
      12 0.0
      13 0.0
 
       1      0.11105036
       2     0.091954433
       3      0.15400272
       4      0.25212228
       5      0.27578606
       6      0.28810745
       7      0.22069171
       8      0.20550778
       9      0.18733280
      10      0.10733131
      11     0.082749423
      12     0.097455549
      13   0.1728
 
       1      0.88303986
       2      0.88176206
       3      0.87944542
       4      0.88146134
       5      0.88150518
       6      0.88097722
       7      0.88223964
       8      0.88109503
       9      0.88131796
      10      0.88162607
      11      0.88332776
      12      0.88044448
      13   0.8815
 
       1     0.013537126
       2     0.011527772
       3     0.019255280
       4     0.031223494
       5     0.034124070
       6     0.035630765
       7     0.027769049
       8     0.025883907
       9     0.023508982
      10     0.013606859
      11     0.010507699
      12     0.012132829
      13   0.0216
 
       1      0.68141293
       2      0.68524947
       3      0.75262949
       4      0.82281644
       5      0.84403039
       6      0.87364219
       7      0.81708549
       8      0.84327520
       9      0.79873327
      10      0.70125403
      11      0.59150614
      12      0.69325316
      13   0.7587
 
