       1       465.10390
       2       439.20304
       3       504.77537
       4       485.62996
       5       480.81382
       6       482.32156
       7       512.95007
       8       518.98574
       9       457.98887
      10       473.75923
      11       446.40777
      12       475.06446
      13  5743.00
 
       1       280.41843
       2       269.19762
       3       310.14258
       4       300.97591
       5       296.59962
       6       291.83399
       7       310.05325
       8       319.80835
       9       283.65685
      10       294.65501
      11       280.54521
      12       286.73851
      13  3524.63
 
       1       35.888468
       2       33.635957
       3       38.598883
       4       36.243124
       5       35.829846
       6       36.584138
       7       38.997237
       8       39.355616
       9       35.258144
      10       35.528536
      11       33.146206
      12       36.524423
      13   435.59
 
       1       127.13216
       2       117.76183
       3       131.92950
       4       126.11239
       5       124.64145
       6       126.60677
       7       137.35272
       8       134.56631
       9       118.61823
      10       122.27763
      11       114.19558
      12       131.02719
      13  1512.22
 
       1       20.809038
       2       18.829864
       3       23.808131
       4       23.124873
       5       23.800901
       6       25.630563
       7       26.766413
       8       25.722071
       9       21.497428
      10       20.405256
      11       18.727390
      12       22.106199
      13   271.23
 
       1       5.9062155
       2       5.8277267
       3       5.9610302
       4       5.8198678
       5       5.7089621
       6       6.1310935
       7       6.2423477
       8       6.2473902
       9       5.9642242
      10       5.5568747
      11       5.3524771
      12       5.8851407
      13     5.88
 
       1 0.0
       2 0.0
       3 0.0
       4 0.0
       5 0.0
       6 0.0
       7 0.0
       8 0.0
       9 0.0
      10 0.0
      11 0.0
      12 0.0
      13 0.0
 
       1     0.024282740
       2     0.024440566
       3     0.024933305
       4     0.024145448
       5     0.023430490
       6     0.024772868
       7     0.025179255
       8     0.026088372
       9     0.024866603
      10     0.023373073
      11     0.022730949
      12     0.024113097
      13   0.0244
 
       1       1.0000000
       2       1.0000000
       3       1.0000000
       4       1.0000000
       5       1.0000000
       6       1.0000000
       7       1.0000000
       8       1.0000000
       9       1.0000000
      10       1.0000000
      11       1.0000000
      12       1.0000000
      13   1.0000
 
       1       0.0000000
       2       0.0000000
       3       0.0000000
       4       0.0000000
       5       0.0000000
       6       0.0000000
       7       0.0000000
       8       0.0000000
       9       0.0000000
      10       0.0000000
      11       0.0000000
      12       0.0000000
      13   0.0000
 
       1      0.73516712
       2      0.71484007
       3      0.68116470
       4      0.66656990
       5      0.61946406
       6      0.61764042
       7      0.65693027
       8      0.69892590
       9      0.70080984
      10      0.71795317
      11      0.71620162
      12      0.72501791
      13   0.6876
 
