       1       477.94887
       2       468.00221
       3       480.16550
       4       477.38441
       5       546.20561
       6       507.05073
       7       539.41005
       8       513.83650
       9       475.75501
      10       489.46619
      11       458.94656
      12       508.47457
      13  5942.65
 
       1       287.57910
       2       279.94390
       3       292.83538
       4       292.83358
       5       336.97491
       6       308.36247
       7       328.73157
       8       313.78503
       9       291.75489
      10       306.15851
      11       283.60276
      12       308.44228
      13  3631.00
 
       1       37.286800
       2       36.260696
       3       37.190210
       4       35.614292
       5       41.068250
       6       38.252079
       7       40.577594
       8       39.535452
       9       36.430431
      10       36.719353
      11       34.412220
      12       37.830810
      13   451.18
 
       1       131.27766
       2       129.15323
       3       128.25675
       4       126.13851
       5       141.67595
       6       133.59756
       7       145.53688
       8       136.37259
       9       124.58949
      10       126.19623
      11       120.86536
      12       139.24277
      13  1582.90
 
       1       22.406724
       2       21.209637
       3       22.346680
       4       22.309397
       5       25.752454
       6       26.304223
       7       25.372672
       8       25.029777
       9       22.370159
      10       21.079707
      11       19.608706
      12       23.541864
      13   277.33
 
       1       5.9053443
       2       6.3679902
       3       5.8582079
       4       5.7459012
       5       6.5279685
       6       6.4551113
       7       6.6068864
       8       6.4858933
       9       6.1216824
      10       5.8577971
      11       5.6325869
      12       6.0294270
      13     6.13
 
       1 0.0
       2 0.0
       3 0.0
       4 0.0
       5 0.0
       6 0.0
       7 0.0
       8 0.0
       9 0.0
      10 0.0
      11 0.0
      12 0.0
      13 0.0
 
       1     0.024109257
       2     0.026136786
       3     0.024294685
       4     0.023804951
       5     0.027035617
       6     0.026287781
       7     0.027050235
       8     0.026843577
       9     0.025159789
      10     0.024679364
      11     0.023364414
      12     0.024915102
      13   0.0253
 
       1       1.0000000
       2       1.0000000
       3       1.0000000
       4       1.0000000
       5       1.0000000
       6       1.0000000
       7       1.0000000
       8       1.0000000
       9       1.0000000
      10       1.0000000
      11       1.0000000
      12       1.0000000
      13   1.0000
 
       1       0.0000000
       2       0.0000000
       3       0.0000000
       4       0.0000000
       5       0.0000000
       6       0.0000000
       7       0.0000000
       8       0.0000000
       9       0.0000000
      10       0.0000000
      11       0.0000000
      12       0.0000000
      13   0.0000
 
       1      0.69396831
       2      0.71250360
       3      0.65678273
       4      0.62384429
       5      0.58660915
       6      0.60296617
       7      0.64374292
       8      0.65518463
       9      0.66614638
      10      0.69239445
      11      0.69441176
      12      0.71048283
      13   0.6616
 
