       1       8.1073658
       2       12.009536
       3       18.452139
       4       23.625636
       5       34.636535
       6       48.331054
       7       38.795812
       8       30.853802
       9       18.038264
      10       11.369090
      11       7.1685982
      12       5.4141708
      13   256.80
 
       1       5.9525595
       2       7.8012446
       3       12.788031
       4       14.436408
       5       18.483850
       6       24.706972
       7       20.568581
       8       17.111986
       9       10.571905
      10       7.3584567
      11       5.3872748
      12       4.4428532
      13   149.61
 
       1      0.79064795
       2       1.2682511
       3       2.4088200
       4       2.8203600
       5       2.7598084
       6       3.1385463
       7       2.6976825
       8       2.3145077
       9       1.4442455
      10       1.0096603
      11      0.79543168
      12      0.61961632
      13    22.07
 
       1      0.97000202
       2      0.90403612
       3       4.5357703
       4       4.3118190
       5       5.1206338
       6       12.822979
       7       11.308562
       8       9.1335717
       9       3.3526101
      10      0.80931532
      11      0.99349003
      12      0.84028879
      13    55.10
 
       1      0.22546862
       2      0.35114588
       3       2.1660278
       4       3.1739548
       5       3.6880206
       6       7.3548485
       7       5.9851696
       8       5.1124416
       9       2.2281684
      10      0.42819745
      11      0.14996110
      12      0.13086681
      13    30.99
 
       1      0.65825384
       2       1.2331897
       3       3.1364829
       4       3.6008489
       5       3.5564577
       6       3.9857414
       7       3.3075249
       8       2.5366205
       9       1.7310122
      10       1.0688722
      11      0.84494536
      12      0.55424109
      13     2.18
 
       1 0.0
       2 0.0
       3 0.0
       4 0.0
       5 0.0
       6 0.0
       7 0.0
       8 0.0
       9 0.0
      10 0.0
      11 0.0
      12 0.0
      13 0.0
 
       1     0.014446625
       2     0.026737488
       3     0.066941104
       4     0.076272548
       5     0.074019429
       6     0.078569356
       7     0.063598221
       8     0.048544718
       9     0.034162243
      10     0.022847832
      11     0.018727902
      12     0.012345269
      13   0.0448
 
       1      0.83164852
       2      0.83127306
       3      0.82678465
       4      0.82716727
       5      0.82587811
       6      0.82416578
       7      0.82253608
       8      0.82245890
       9      0.82276053
      10      0.82976942
      11      0.82966083
      12      0.83236530
      13   0.8272
 
       1    0.0025413270
       2    0.0047124033
       3     0.011850297
       4     0.013521772
       5     0.013165635
       6     0.014251866
       7     0.011711201
       8    0.0089913052
       9    0.0062743266
      10    0.0040529288
      11    0.0032964170
      12    0.0021656081
      13   0.0080
 
       1      0.83696018
       2      0.86087613
       3      0.92940380
       4      0.95187394
       5      0.97157928
       6      0.98224377
       7      0.96724267
       8      0.96827549
       9      0.98208569
      10      0.94677618
      11      0.93771866
      12      0.87127488
      13   0.9339
 
