       1       147.70972
       2       114.80875
       3       159.38950
       4       148.25986
       5       163.52583
       6       129.10035
       7       164.05602
       8       129.91254
       9       109.09382
      10       90.950263
      11       88.994845
      12       100.29448
      13  1546.10
 
       1       97.860792
       2       80.171188
       3       101.03205
       4       91.454143
       5       99.702683
       6       79.637464
       7       90.608794
       8       76.252611
       9       69.032138
      10       60.992863
      11       61.527261
      12       69.587820
      13   977.86
 
       1       12.294905
       2       11.294560
       3       11.024311
       4       9.4740632
       5       10.170910
       6       7.5560724
       7       7.5422412
       8       7.5059290
       9       7.8959107
      10       7.2316124
      11       7.4936156
      12       8.3440207
      13   107.83
 
       1       13.660133
       2       11.752218
       3       12.835224
       4       12.774732
       5       15.453357
       6       13.053871
       7       17.260857
       8       14.570395
       9       11.145184
      10       6.9172536
      11       8.6129893
      12       9.4425613
      13   147.48
 
       1       11.983438
       2       11.709546
       3       13.206039
       4       15.479287
       5       20.097756
       6       17.782415
       7       22.834275
       8       24.831053
       9       23.819711
      10       18.114450
      11       12.690080
      12       10.872670
      13   203.42
 
       1       9.5029215
       2       11.612866
       3       15.752706
       4       18.252977
       5       22.407479
       6       23.542916
       7       22.470145
       8       19.059246
       9       15.457796
      10       10.899266
      11       8.0926595
      12       7.4878958
      13    15.38
 
       1 0.0
       2 0.0
       3 0.0
       4 0.0
       5 0.0
       6 0.0
       7 0.0
       8 0.0
       9 0.0
      10 0.0
      11 0.0
      12 0.0
      13 0.0
 
       1      0.12706048
       2      0.15785153
       3      0.20920357
       4      0.24105660
       5      0.29467307
       6      0.31325298
       7      0.29151823
       8      0.24602668
       9      0.19924932
      10      0.14013724
      11      0.10650761
      12      0.10026801
      13   0.2022
 
       1      0.88031568
       2      0.88083525
       3      0.88205606
       4      0.88240504
       5      0.88128304
       6      0.88100042
       7      0.88225438
       8      0.88079385
       9      0.88149821
      10      0.88208457
      11      0.88277533
      12      0.88163432
      13   0.8816
 
       1     0.015615139
       2     0.019237255
       3     0.025688799
       4     0.029784783
       5     0.036443639
       6     0.038590353
       7     0.036212901
       8     0.030692440
       9     0.024932544
      10     0.017654442
      11     0.013266056
      12     0.012367329
      13   0.0250
 
       1      0.68703337
       2      0.78240023
       3      0.74889528
       4      0.79672405
       5      0.84775103
       6      0.88582736
       7      0.86294315
       8      0.86306212
       9      0.83596921
      10      0.74827630
      11      0.66182318
      12      0.69382420
      13   0.7845
 
