       1       14.234299
       2       13.871244
       3       18.621913
       4       22.785633
       5       33.757567
       6       48.131014
       7       40.131732
       8       30.485497
       9       19.937319
      10       12.353629
      11       9.5280166
      12       7.2748618
      13   271.11
 
       1       8.6679946
       2       8.4135370
       3       12.058046
       4       13.513523
       5       18.233528
       6       24.147086
       7       20.029653
       8       16.561856
       9       11.103122
      10       7.6579192
      11       6.8916773
      12       5.3360198
      13   152.61
 
       1       1.0247888
       2       1.1198818
       3       2.3084730
       4       2.6183532
       5       2.6132821
       6       2.9347871
       7       2.5813996
       8       2.2594565
       9       1.4292596
      10       1.0650444
      11      0.94218875
      12      0.73187604
      13    21.63
 
       1       1.5755379
       2       1.1499627
       3       2.9946264
       4       4.9702917
       5       4.9121659
       6       12.422619
       7       13.774391
       8       9.1757419
       9       3.5748833
      10      0.96682124
      11       1.1144225
      12      0.76786470
      13    57.40
 
       1      0.43626459
       2      0.51833176
       3       2.2545608
       4       2.9382457
       5       3.2658711
       6       6.3534619
       7       6.5150505
       8       4.5364108
       9       1.9530919
      10      0.54242251
      11      0.46578403
      12      0.10530466
      13    29.88
 
       1      0.88874617
       2       1.4204747
       3       2.7096609
       4       3.3423794
       5       3.0327421
       6       3.8561276
       7       3.0338187
       8       2.5875588
       9       1.6670838
      10       1.0314614
      11       1.0128038
      12      0.66882907
      13     2.10
 
       1 0.0
       2 0.0
       3 0.0
       4 0.0
       5 0.0
       6 0.0
       7 0.0
       8 0.0
       9 0.0
      10 0.0
      11 0.0
      12 0.0
      13 0.0
 
       1     0.018625411
       2     0.030381568
       3     0.058640233
       4     0.070540516
       5     0.060419789
       6     0.074624520
       7     0.056855916
       8     0.049083562
       9     0.032605982
      10     0.021585701
      11     0.021589065
      12     0.015288849
      13   0.0425
 
       1      0.87088003
       2      0.87114107
       3      0.87226094
       4      0.86849501
       5      0.86670787
       6      0.86435650
       7      0.86484564
       8      0.86281843
       9      0.86610502
      10      0.86982307
      11      0.87007977
      12      0.87566803
      13   0.8686
 
       1    0.0025284931
       2    0.0040532781
       3    0.0077633843
       4    0.0094870765
       5    0.0083220906
       6     0.010408349
       7    0.0080861298
       8    0.0069793534
       9    0.0045714797
      10    0.0029209403
      11    0.0029125550
      12    0.0019748810
      13   0.0058
 
       1      0.85070883
       2      0.82138727
       3      0.91555964
       4      0.97266303
       5      0.97916015
       6      0.98264358
       7      0.97118097
       8      0.97032773
       9      0.97797579
      10      0.96144656
      11      0.94812592
      12      0.92354096
      13   0.9396
 
