       1       166.02017
       2       209.35880
       3       203.23431
       4       221.26331
       5       235.54559
       6       232.04773
       7       232.42632
       8       187.11547
       9       130.55065
      10       110.89737
      11       160.63579
      12       183.17584
      13  2272.27
 
       1       113.71135
       2       138.84126
       3       134.36344
       4       135.93753
       5       149.14314
       6       135.69151
       7       131.41567
       8       111.29753
       9       82.620759
      10       72.948600
      11       108.51650
      12       123.63047
      13  1438.12
 
       1       14.609826
       2       17.979954
       3       17.784434
       4       16.061277
       5       18.200511
       6       14.907666
       7       13.920059
       8       13.015452
       9       10.064765
      10       9.3786708
      11       13.486822
      12       15.244462
      13   174.65
 
       1       20.391132
       2       22.163049
       3       26.108314
       4       26.838461
       5       35.263093
       6       44.184527
       7       40.179980
       8       33.567017
       9       17.713364
      10       13.137765
      11       20.179761
      12       21.144339
      13   320.87
 
       1       15.188898
       2       23.604623
       3       24.308566
       4       24.118938
       5       40.391090
       6       41.611014
       7       43.529925
       8       43.353078
       9       24.573699
      10       14.477982
      11       20.919765
      12       20.564511
      13   336.64
 
       1       15.029610
       2       20.464262
       3       25.414826
       4       29.968956
       5       39.548582
       6       36.262208
       7       30.587325
       8       25.925748
       9       17.449183
      10       13.341179
      11       15.567252
      12       13.782450
      13    23.61
 
       1 0.0
       2 0.0
       3 0.0
       4 0.0
       5 0.0
       6 0.0
       7 0.0
       8 0.0
       9 0.0
      10 0.0
      11 0.0
      12 0.0
      13 0.0
 
       1     0.018580238
       2     0.025313418
       3     0.031467838
       4     0.036119802
       5     0.048525997
       6     0.043646668
       7     0.035510197
       8     0.030191623
       9     0.020106772
      10     0.015704848
      11     0.018938252
      12     0.016831845
      13   0.0284
 
       1      0.86209053
       2      0.86462982
       3      0.86264667
       4      0.86089668
       5      0.86027001
       6      0.86185465
       7      0.86292963
       8      0.86280614
       9      0.85997127
      10      0.86097893
      11      0.86286791
      12      0.86298963
      13   0.8621
 
       1    0.0028076759
       2    0.0038081092
       3    0.0047477659
       4    0.0055268256
       5    0.0073498823
       6    0.0066684911
       7    0.0055168872
       8    0.0046888255
       9    0.0031578500
      10    0.0024516131
      11    0.0028907793
      12    0.0025542781
      13   0.0043
 
       1      0.32023795
       2      0.28913380
       3      0.33933702
       4      0.36496617
       5      0.41460088
       6      0.41229039
       7      0.36761388
       8      0.34484006
       9      0.33633601
      10      0.31426696
      11      0.32086725
      12      0.29248934
      13   0.3431
 
