       1       211.03079
       2       109.93839
       3       162.22290
       4       196.44419
       5       239.16875
       6       217.42997
       7       237.60653
       8       192.99337
       9       130.95288
      10       107.09888
      11       118.59035
      12       158.36694
      13  2081.84
 
       1       142.95559
       2       74.788472
       3       104.23968
       4       125.90594
       5       146.04140
       6       129.10327
       7       131.48802
       8       113.32729
       9       82.290020
      10       71.282582
      11       80.190463
      12       107.62787
      13  1309.24
 
       1       18.886472
       2       10.929439
       3       13.633544
       4       17.416622
       5       17.652826
       6       16.156594
       7       14.449639
       8       13.321062
       9       10.474283
      10       9.8764876
      11       10.382948
      12       13.737747
      13   166.92
 
       1       26.064187
       2       13.746278
       3       18.347180
       4       26.289912
       5       32.049094
       6       43.816566
       7       47.256589
       8       32.198716
       9       17.832502
      10       12.462843
      11       13.791189
      12       18.915280
      13   302.77
 
       1       18.452006
       2       10.721795
       3       15.429973
       4       24.582133
       5       33.933884
       6       39.315331
       7       44.026197
       8       39.555495
       9       25.730378
      10       18.260582
      11       14.836067
      12       17.345203
      13   302.19
 
       1       16.250771
       2       11.825224
       3       18.018941
       4       28.632044
       5       34.627735
       6       33.142039
       7       28.370929
       8       24.520084
       9       17.266779
      10       13.263233
      11       11.874718
      12       13.618950
      13    20.95
 
       1 0.0
       2 0.0
       3 0.0
       4 0.0
       5 0.0
       6 0.0
       7 0.0
       8 0.0
       9 0.0
      10 0.0
      11 0.0
      12 0.0
      13 0.0
 
       1     0.015717684
       2     0.011061546
       3     0.016668829
       4     0.027214065
       5     0.032464699
       6     0.030642072
       7     0.025452304
       8     0.022121437
       9     0.015468133
      10     0.011964567
      11     0.011061711
      12     0.013120778
      13   0.0194
 
       1      0.93952845
       2      0.93844273
       3      0.93757023
       4      0.93809848
       5      0.93751715
       6      0.93727951
       7      0.93910191
       8      0.94050929
       9      0.93844173
      10      0.93784772
      11      0.93994274
      12      0.93938441
      13   0.9386
 
       1    0.0010859502
       2   0.00078779447
       3    0.0011947659
       4    0.0019082434
       5    0.0022957096
       6    0.0021868230
       7    0.0018514322
       8    0.0016059687
       9    0.0011349292
      10   0.00087646017
      11   0.00079045722
      12   0.00091104543
      13   0.0014
 
       1      0.27870286
       2      0.28049312
       3      0.29664393
       4      0.33566804
       5      0.36759608
       6      0.39313297
       7      0.33511688
       8      0.30472663
       9      0.29167506
      10      0.27377094
      11      0.27646887
      12      0.27666876
      13   0.3092
 
