       1       8.6344516
       2       12.799639
       3       18.031982
       4       17.831480
       5       43.488659
       6       34.218170
       7       25.104771
       8       24.836406
       9       16.995779
      10       10.001930
      11       6.9896041
      12       6.9200475
      13   225.85
 
       1       5.8286717
       2       7.7634873
       3       11.956795
       4       12.304614
       5       23.734580
       6       19.893876
       7       14.463331
       8       13.617419
       9       9.9434533
      10       6.7643130
      11       5.2403537
      12       5.1707350
      13   136.68
 
       1      0.74110998
       2      0.94569243
       3       2.1429033
       4       2.9456009
       5       3.6016551
       6       3.2269835
       7       2.2213958
       8       1.8883471
       9       1.3075482
      10       1.0500470
      11      0.76226584
      12      0.64613840
      13    21.48
 
       1      0.97042309
       2       1.2176124
       3       3.9856860
       4       4.5145289
       5       5.8479118
       6       6.4434156
       7       5.9518419
       8       6.4053693
       9       2.7460296
      10      0.97241771
      11      0.75853288
      12       1.0952715
      13    40.91
 
       1      0.23869031
       2      0.47044566
       3       1.5150760
       4       3.7737921
       5       5.0866311
       6       6.4213048
       7       4.1278706
       8       4.1267065
       9       2.2217453
      10      0.83895178
      11      0.23390915
      12      0.22470752
      13    29.28
 
       1      0.62078632
       2       1.0374632
       3       3.3733423
       4       4.3818350
       5       4.4661348
       6       4.1618910
       7       2.4546105
       8       1.9924122
       9       1.4849731
      10       1.0846317
      11      0.69613675
      12      0.58908531
      13     2.20
 
       1 0.0
       2 0.0
       3 0.0
       4 0.0
       5 0.0
       6 0.0
       7 0.0
       8 0.0
       9 0.0
      10 0.0
      11 0.0
      12 0.0
      13 0.0
 
       1     0.013034556
       2     0.021086382
       3     0.074352239
       4     0.097933517
       5     0.093051688
       6     0.084788149
       7     0.046094880
       8     0.037423554
       9     0.029049224
      10     0.022387931
      11     0.014699504
      12     0.012561760
      13   0.0455
 
       1      0.82586251
       2      0.82603260
       3      0.82907526
       4      0.83166484
       5      0.82907721
       6      0.82628009
       7      0.82170735
       8      0.81916921
       9      0.82266103
      10      0.82599849
      11      0.82705083
      12      0.82713919
      13   0.8260
 
       1    0.0023548986
       2    0.0038417300
       3     0.012902747
       4     0.016870315
       5     0.016483068
       6     0.015174663
       7    0.0086472675
       8    0.0070230415
       9    0.0053676110
      10    0.0040711852
      11    0.0026520765
      12    0.0022596694
      13   0.0081
 
       1      0.81258061
       2      0.79336868
       3      0.94353876
       4      0.97807123
       5      0.98456827
       6      0.98414875
       7      0.96280751
       8      0.96642615
       9      0.97602371
      10      0.91231855
      11      0.89940694
      12      0.89922441
      13   0.9260
 
