       1       444.75183
       2       445.82467
       3       497.36872
       4       473.61185
       5       481.60659
       6       477.81807
       7       566.83772
       8       527.03789
       9       464.91348
      10       460.98311
      11       465.50233
      12       483.91624
      13  5790.17
 
       1       267.05781
       2       272.79992
       3       304.69226
       4       293.78521
       5       292.24711
       6       290.01042
       7       342.60271
       8       318.91390
       9       289.25928
      10       285.04936
      11       287.30509
      12       291.68520
      13  3535.41
 
       1       34.484047
       2       34.083844
       3       37.845300
       4       35.761032
       5       36.937243
       6       35.526986
       7       42.599130
       8       41.005735
       9       35.637528
      10       34.630366
      11       34.785131
      12       36.712310
      13   440.01
 
       1       121.73147
       2       119.43503
       3       132.00800
       4       122.51663
       5       127.58910
       6       128.57983
       7       152.30274
       8       140.54831
       9       120.21807
      10       120.32724
      11       122.62765
      12       131.63592
      13  1539.52
 
       1       20.927964
       2       19.966050
       3       22.670463
       4       21.540573
       5       24.497482
       6       22.590446
       7       28.008264
       8       28.270644
       9       21.106627
      10       20.177440
      11       21.033214
      12       23.132995
      13   273.92
 
       1       5.5565843
       2       5.6898490
       3       5.9535559
       4       5.6878951
       5       5.9951271
       6       6.0110489
       7       6.8949364
       8       6.6250756
       9       5.8442336
      10       5.4798299
      11       5.7057560
      12       5.8624413
      13     5.94
 
       1 0.0
       2 0.0
       3 0.0
       4 0.0
       5 0.0
       6 0.0
       7 0.0
       8 0.0
       9 0.0
      10 0.0
      11 0.0
      12 0.0
      13 0.0
 
       1     0.022729914
       2     0.023805521
       3     0.024778724
       4     0.023761839
       5     0.024234759
       6     0.024425999
       7     0.028103356
       8     0.027156586
       9     0.024506335
      10     0.022785358
      11     0.023722678
      12     0.024160746
      13   0.0245
 
       1       1.0000000
       2       1.0000000
       3       1.0000000
       4       1.0000000
       5       1.0000000
       6       1.0000000
       7       1.0000000
       8       1.0000000
       9       1.0000000
      10       1.0000000
      11       1.0000000
      12       1.0000000
      13   1.0000
 
       1       0.0000000
       2       0.0000000
       3       0.0000000
       4       0.0000000
       5       0.0000000
       6       0.0000000
       7       0.0000000
       8       0.0000000
       9       0.0000000
      10       0.0000000
      11       0.0000000
      12       0.0000000
      13   0.0000
 
       1      0.70204212
       2      0.70095526
       3      0.65423571
       4      0.63881469
       5      0.61516087
       6      0.60975229
       7      0.65604254
       8      0.67589261
       9      0.67228935
      10      0.68879997
      11      0.69528331
      12      0.71432675
      13   0.6686
 
