       1       506.65597
       2       420.07219
       3       497.97301
       4       478.87945
       5       523.89039
       6       513.83327
       7       561.05837
       8       561.18351
       9       498.27740
      10       471.07149
      11       468.32408
      12       469.47510
      13  5970.69
 
       1       303.86871
       2       252.61754
       3       303.87021
       4       293.79196
       5       322.93381
       6       314.21156
       7       337.31928
       8       344.18547
       9       305.80582
      10       292.43015
      11       288.87057
      12       286.88762
      13  3646.79
 
       1       38.670283
       2       33.039921
       3       37.893338
       4       35.736635
       5       38.636337
       6       38.585845
       7       41.901411
       8       42.204863
       9       38.265419
      10       35.235306
      11       35.070025
      12       35.141060
      13   450.38
 
       1       141.17898
       2       114.91447
       3       131.16848
       4       127.30690
       5       136.23662
       6       135.03526
       7       152.28469
       8       146.50903
       9       131.59620
      10       121.97274
      11       123.67879
      12       125.73766
      13  1587.62
 
       1       24.481158
       2       20.003848
       3       23.897527
       4       22.248741
       5       26.365418
       6       25.976917
       7       30.450536
       8       26.921206
       9       23.478151
      10       21.629375
      11       20.548374
      12       22.507599
      13   288.51
 
       1       6.1949756
       2       5.7491446
       3       5.8274215
       4       5.7249185
       5       6.0826160
       6       6.2891828
       7       6.7611131
       8       6.5644034
       9       6.3824068
      10       5.5193094
      11       5.7084442
      12       5.6020539
      13     6.03
 
       1 0.0
       2 0.0
       3 0.0
       4 0.0
       5 0.0
       6 0.0
       7 0.0
       8 0.0
       9 0.0
      10 0.0
      11 0.0
      12 0.0
      13 0.0
 
       1     0.025306073
       2     0.023708452
       3     0.024209285
       4     0.023823198
       5     0.025235694
       6     0.025696802
       7     0.027282281
       8     0.027303398
       9     0.026229894
      10     0.023145774
      11     0.023725376
      12     0.023128984
      13   0.0249
 
       1       1.0000000
       2       1.0000000
       3       1.0000000
       4       1.0000000
       5       1.0000000
       6       1.0000000
       7       1.0000000
       8       1.0000000
       9       1.0000000
      10       1.0000000
      11       1.0000000
      12       1.0000000
      13   1.0000
 
       1       0.0000000
       2       0.0000000
       3       0.0000000
       4       0.0000000
       5       0.0000000
       6       0.0000000
       7       0.0000000
       8       0.0000000
       9       0.0000000
      10       0.0000000
      11       0.0000000
      12       0.0000000
      13   0.0000
 
       1      0.73358859
       2      0.71795745
       3      0.69844213
       4      0.66135454
       5      0.62819790
       6      0.62950225
       7      0.67356900
       8      0.69448505
       9      0.70065624
      10      0.70640989
      11      0.71543246
      12      0.71180285
      13   0.6893
 
