       1       165.33336
       2       172.22056
       3       231.49035
       4       175.06129
       5       283.55927
       6       243.69327
       7       217.22524
       8       174.17475
       9       130.43837
      10       101.46832
      11       97.859349
      12       161.61748
      13  2154.14
 
       1       111.10145
       2       112.27605
       3       153.25361
       4       110.19184
       5       168.88714
       6       147.68663
       7       126.17973
       8       101.47857
       9       82.118806
      10       68.725825
      11       64.255615
      12       109.53844
      13  1355.69
 
       1       14.397634
       2       15.002348
       3       19.393265
       4       14.629598
       5       18.201581
       6       17.372170
       7       14.299270
       8       11.915670
       9       9.7402619
      10       9.2866072
      11       7.9484225
      12       13.872154
      13   166.06
 
       1       18.818888
       2       21.683270
       3       30.123923
       4       24.779579
       5       36.177876
       6       42.162924
       7       39.809064
       8       29.113177
       9       17.553709
      10       12.184058
      11       11.241344
      12       20.170581
      13   303.82
 
       1       13.655060
       2       17.128832
       3       23.121546
       4       22.542676
       5       41.427521
       6       51.068639
       7       49.096800
       8       36.982078
       9       24.346285
      10       18.712248
      11       11.359392
      12       15.922862
      13   325.36
 
       1       12.629827
       2       16.589398
       3       30.813473
       4       27.404962
       5       39.479312
       6       40.393969
       7       30.455473
       8       22.388137
       9       17.184223
      10       13.110356
      11       9.4970270
      12       12.598427
      13    22.71
 
       1 0.0
       2 0.0
       3 0.0
       4 0.0
       5 0.0
       6 0.0
       7 0.0
       8 0.0
       9 0.0
      10 0.0
      11 0.0
      12 0.0
      13 0.0
 
       1     0.012206656
       2     0.016165413
       3     0.030607723
       4     0.027337285
       5     0.038259333
       6     0.039532157
       7     0.028702646
       8     0.020606244
       9     0.015841210
      10     0.012172788
      11    0.0087966706
      12     0.012139265
      13   0.0219
 
       1      0.84406794
       2      0.84259568
       3      0.84313428
       4      0.84649076
       5      0.84331268
       6      0.84492283
       7      0.84385267
       8      0.84434308
       9      0.84179516
      10      0.84210344
      11      0.84188664
      12      0.84240813
      13   0.8434
 
       1    0.0021412087
       2    0.0028147977
       3    0.0052669406
       4    0.0047085421
       5    0.0066682350
       6    0.0068411795
       7    0.0050762563
       8    0.0037004571
       9    0.0028565045
      10    0.0021972767
      11    0.0015907894
      12    0.0021317896
      13   0.0038
 
       1      0.25939615
       2      0.25908340
       3      0.33777560
       4      0.35043466
       5      0.37464066
       6      0.37563670
       7      0.34888164
       8      0.31262322
       9      0.29897692
      10      0.27660998
      11      0.26580596
      12      0.27682536
      13   0.3114
 
