       1       176.17778
       2       128.00483
       3       168.40769
       4       191.42336
       5       210.17245
       6       210.37234
       7       230.75617
       8       187.11550
       9       144.77220
      10       128.39342
      11       134.17358
      12       140.38295
      13  2050.15
 
       1       118.73757
       2       87.515985
       3       106.92650
       4       123.58482
       5       128.76371
       6       122.35359
       7       128.08098
       8       108.36419
       9       89.215227
      10       87.193192
      11       90.085860
      12       97.054741
      13  1287.88
 
       1       16.675111
       2       12.373130
       3       13.838540
       4       16.665099
       5       15.911279
       6       14.303736
       7       13.887630
       8       12.813915
       9       10.432668
      10       11.893457
      11       11.231249
      12       13.277731
      13   163.30
 
       1       22.259054
       2       14.332072
       3       20.451101
       4       27.837113
       5       30.275145
       6       42.133769
       7       46.057505
       8       35.647365
       9       19.620098
      10       13.879986
      11       16.610404
      12       18.066482
      13   307.17
 
       1       17.214990
       2       12.706096
       3       18.494334
       4       21.374465
       5       29.858397
       6       37.030922
       7       40.034103
       8       39.388136
       9       26.106617
      10       22.162300
      11       15.315407
      12       16.462274
      13   296.15
 
       1       14.023649
       2       13.787822
       3       20.096078
       4       28.989248
       5       31.195282
       6       29.467893
       7       27.922676
       8       23.506626
       9       17.995343
      10       16.146198
      11       13.519973
      12       12.599625
      13    20.77
 
       1 0.0
       2 0.0
       3 0.0
       4 0.0
       5 0.0
       6 0.0
       7 0.0
       8 0.0
       9 0.0
      10 0.0
      11 0.0
      12 0.0
      13 0.0
 
       1     0.016705538
       2     0.016337606
       3     0.023503139
       4     0.034286155
       5     0.036453091
       6     0.033604616
       7     0.031243109
       8     0.026291634
       9     0.020168246
      10     0.018699036
      11     0.015743988
      12     0.015078714
      13   0.0240
 
       1      0.93159213
       2      0.93140055
       3      0.93051605
       4      0.93070739
       5      0.92965948
       6      0.93049409
       7      0.93172292
       8      0.93212706
       9      0.93084706
      10      0.93072918
      11      0.93128236
      12      0.93130294
      13   0.9310
 
       1    0.0012796121
       2    0.0012595503
       3    0.0018244437
       4    0.0026357920
       5    0.0028193251
       6    0.0026318624
       7    0.0024668796
       8    0.0020796614
       9    0.0015997427
      10    0.0014592727
      11    0.0012258158
      12    0.0011533656
      13   0.0019
 
       1      0.29413105
       2      0.26850991
       3      0.32278852
       4      0.36157033
       5      0.39311706
       6      0.40302442
       7      0.33501662
       8      0.31768938
       9      0.31094168
      10      0.29431359
      11      0.30390297
      12      0.30389245
      13   0.3257
 
