       1       175.74040
       2       145.76126
       3       134.14638
       4       173.96280
       5       192.40550
       6       193.97559
       7       210.35278
       8       185.40293
       9       145.97144
      10       112.25188
      11       175.90514
      12       198.86643
      13  2044.74
 
       1       118.28651
       2       95.710176
       3       85.480505
       4       111.59664
       5       117.33620
       6       115.15040
       7       116.11652
       8       108.93974
       9       92.156218
      10       74.506122
      11       113.72950
      12       132.72062
      13  1281.73
 
       1       16.972517
       2       12.220797
       3       11.870030
       4       15.962388
       5       15.250316
       6       14.699874
       7       13.118445
       8       13.318450
       9       11.922017
      10       10.393791
      11       14.014232
      12       17.553952
      13   167.30
 
       1       22.307202
       2       18.745184
       3       17.163755
       4       23.534052
       5       24.550234
       6       39.013522
       7       41.987541
       8       33.733802
       9       20.895576
      10       15.545584
      11       21.214632
      12       28.147884
      13   306.84
 
       1       18.741519
       2       12.710677
       3       13.242638
       4       21.786211
       5       26.849402
       6       35.598809
       7       33.761251
       8       36.496104
       9       26.190286
      10       18.361553
      11       21.176640
      12       21.063392
      13   285.98
 
       1       14.403727
       2       16.933838
       3       15.504291
       4       25.425259
       5       27.993526
       6       28.812088
       7       25.099169
       8       23.398438
       9       18.919394
      10       13.996494
      11       15.502045
      12       16.534077
      13    20.21
 
       1 0.0
       2 0.0
       3 0.0
       4 0.0
       5 0.0
       6 0.0
       7 0.0
       8 0.0
       9 0.0
      10 0.0
      11 0.0
      12 0.0
      13 0.0
 
       1     0.014228080
       2     0.016423845
       3     0.014616892
       4     0.024088980
       5     0.026082964
       6     0.026768017
       7     0.022728083
       8     0.021271631
       9     0.017202150
      10     0.012969646
      11     0.014641623
      12     0.015998308
      13   0.0189
 
       1      0.88383955
       2      0.88260536
       3      0.88284297
       4      0.88122057
       5      0.87874466
       6      0.88043426
       7      0.88106989
       8      0.88337158
       9      0.88132204
      10      0.88147224
      11      0.88530591
      12      0.88450956
      13   0.8822
 
       1    0.0018572260
       2    0.0021737603
       3    0.0019729794
       4    0.0032308486
       5    0.0035345549
       6    0.0036247666
       7    0.0031170132
       8    0.0029124204
       9    0.0023676986
      10    0.0017726760
      11    0.0019653997
      12    0.0021128343
      13   0.0026
 
       1      0.29240708
       2      0.30920145
       3      0.30921762
       4      0.34188641
       5      0.35105542
       6      0.36127284
       7      0.32960716
       8      0.30718212
       9      0.30211909
      10      0.30533284
      11      0.27733013
      12      0.26591594
      13   0.3127
 
