       1       29.328419
       2       26.285805
       3       27.886162
       4       20.833610
       5       20.444149
       6       18.493594
       7       18.380941
       8       15.187434
       9       12.318378
      10       13.113997
      11       15.864256
      12       30.082040
      13   248.22
 
       1       15.014793
       2       13.556925
       3       15.766620
       4       11.865539
       5       12.076601
       6       11.510003
       7       10.951308
       8       9.2410743
       9       7.4963304
      10       7.3891890
      11       8.6037931
      12       15.366962
      13   138.84
 
       1       2.2513045
       2       2.3597029
       3       2.2568032
       4       1.6703106
       5       1.6184541
       6       1.5517289
       7       1.4129791
       8       1.1307097
       9      0.94492681
      10       1.0983697
      11       1.3011244
      12       2.1485871
      13    19.75
 
       1       10.205124
       2       9.0319229
       3       8.4874767
       4       6.0037218
       5       5.9155859
       6       5.3114802
       7       6.0793047
       8       4.9306685
       9       3.7930711
      10       4.2542403
      11       4.9100749
      12       10.048945
      13    78.97
 
       1       1.2260913
       2       1.2608773
       3       1.3493966
       4      0.90971049
       5      0.87553741
       6      0.65409245
       7      0.79596694
       8      0.83968777
       9      0.86686165
      10       1.0131714
      11       1.1605406
      12       1.5207595
      13    12.47
 
       1      0.41711453
       2      0.43504070
       3      0.44530411
       4      0.35506521
       5      0.37079038
       6      0.38527013
       7      0.33552184
       8      0.27113146
       9      0.21662917
      10      0.20143066
      11      0.23492395
      12      0.39122554
      13     0.34
 
       1 0.0
       2 0.0
       3 0.0
       4 0.0
       5 0.0
       6 0.0
       7 0.0
       8 0.0
       9 0.0
      10 0.0
      11 0.0
      12 0.0
      13 0.0
 
       1     0.015108869
       2     0.016336930
       3     0.016954408
       4     0.013606166
       5     0.014837991
       6     0.015725486
       7     0.013857062
       8     0.011388121
       9    0.0091437463
      10    0.0078523986
      11    0.0091491522
      12     0.014368805
      13   0.0132
 
       1       1.0000000
       2       1.0000000
       3       1.0000000
       4       1.0000000
       5       1.0000000
       6       1.0000000
       7       1.0000000
       8       1.0000000
       9       1.0000000
      10       1.0000000
      11       1.0000000
      12       1.0000000
      13   1.0000
 
       1       0.0000000
       2       0.0000000
       3       0.0000000
       4       0.0000000
       5       0.0000000
       6       0.0000000
       7       0.0000000
       8       0.0000000
       9       0.0000000
      10       0.0000000
      11       0.0000000
      12       0.0000000
      13   0.0000
 
       1      0.26387029
       2      0.27558736
       3      0.20959034
       4      0.21421475
       5      0.15308578
       6      0.11587692
       7      0.15265216
       8      0.18432452
       9      0.18297929
      10      0.27149916
      11      0.33020006
      12      0.29534007
      13   0.2208
 
