       1       138.11094
       2       137.02673
       3       114.02393
       4       154.82164
       5       187.64591
       6       129.95460
       7       140.88644
       8       126.96018
       9       111.77700
      10       95.130137
      11       123.01508
      12       143.33950
      13  1602.69
 
       1       94.242657
       2       92.321790
       3       71.737110
       4       96.724405
       5       115.13245
       6       77.977940
       7       79.152560
       8       72.911271
       9       70.358569
      10       62.534405
      11       81.221652
      12       99.482045
      13  1013.80
 
       1       12.022678
       2       11.404072
       3       8.0100891
       4       9.5617027
       5       10.625662
       6       7.6571287
       7       7.2595682
       8       6.8767687
       9       7.7828424
      10       7.3500215
      11       9.5264887
      12       13.382289
      13   111.46
 
       1       13.407662
       2       12.713396
       3       8.8680731
       4       13.035819
       5       15.964444
       6       17.214472
       7       17.692591
       8       14.721159
       9       9.9324582
      10       8.2112818
      11       10.785768
      12       17.580041
      13   160.13
 
       1       11.775799
       2       13.696892
       3       10.212315
       4       15.125001
       5       20.012692
       6       21.153559
       7       22.675151
       8       24.099138
       9       24.296688
      10       16.718548
      11       15.200373
      12       15.558172
      13   210.52
 
       1       10.033982
       2       14.306674
       3       10.545037
       4       19.665033
       5       28.022066
       6       22.686715
       7       18.574077
       8       16.444906
       9       15.494567
      10       10.776220
      11       9.7701699
      12       9.9885169
      13    15.53
 
       1 0.0
       2 0.0
       3 0.0
       4 0.0
       5 0.0
       6 0.0
       7 0.0
       8 0.0
       9 0.0
      10 0.0
      11 0.0
      12 0.0
      13 0.0
 
       1      0.10752621
       2      0.15521271
       3      0.10785194
       4      0.20607656
       5      0.29363758
       6      0.23536170
       7      0.18660283
       8      0.16363259
       9      0.15678085
      10      0.10922319
      11      0.10124529
      12      0.10760111
      13   0.1609
 
       1      0.87302390
       2      0.87440038
       3      0.87234694
       4      0.87195457
       5      0.87328331
       6      0.87190302
       7      0.87309294
       8      0.87234729
       9      0.87237083
      10      0.87355936
      11      0.87443122
      12      0.87331656
      13   0.8730
 
       1     0.014191532
       2     0.020312720
       3     0.014687170
       4     0.027501238
       5     0.039220862
       6     0.031637852
       7     0.025518665
       8     0.022557656
       9     0.021445461
      10     0.014979035
      11     0.013679165
      12     0.014147028
      13   0.0217
 
       1      0.66780412
       2      0.74908000
       3      0.70795973
       4      0.82482123
       5      0.83054852
       6      0.88655714
       7      0.80082829
       8      0.79519549
       9      0.79737879
      10      0.73549971
      11      0.67134210
      12      0.68998907
      13   0.7631
 
