       1       6.6643589
       2       12.721926
       3       16.430730
       4       26.802453
       5       34.669412
       6       42.000080
       7       49.164858
       8       26.667676
       9       18.934368
      10       8.6198168
      11       5.9310209
      12       8.1412472
      13   256.75
 
       1       4.8914734
       2       7.8626097
       3       10.956420
       4       14.403712
       5       17.924129
       6       22.006900
       7       25.288826
       8       14.808261
       9       11.082978
      10       5.7616296
      11       4.7181528
      12       5.9819039
      13   145.69
 
       1      0.62878580
       2      0.97088125
       3       2.0342900
       4       2.5136042
       5       2.5937671
       6       2.6569312
       7       3.4165040
       8       2.1052099
       9       1.5036000
      10      0.86223071
      11      0.69400213
      12      0.87672220
      13    20.86
 
       1       1.0134708
       2       1.4552296
       3       2.5918119
       4       2.8690576
       5       4.6713938
       6       11.558007
       7       17.737017
       8       7.2363342
       9       2.7001108
      10      0.65422968
      11      0.97823509
      12       1.0840784
      13    54.55
 
       1      0.22408217
       2      0.44404034
       3       1.1878269
       4       2.2081312
       5       2.9362831
       6       4.8358041
       7       6.7691079
       8       3.3554133
       9       2.2350176
      10      0.33902542
      11      0.38669921
      12      0.57480626
      13    25.50
 
       1      0.53102716
       2       1.0349973
       3       2.3811646
       4       2.9173716
       5       3.1326222
       6       3.3595593
       7       4.1136666
       8       2.3393389
       9       1.7212749
      10      0.84756024
      11      0.77931131
      12      0.79826460
      13     2.00
 
       1 0.0
       2 0.0
       3 0.0
       4 0.0
       5 0.0
       6 0.0
       7 0.0
       8 0.0
       9 0.0
      10 0.0
      11 0.0
      12 0.0
      13 0.0
 
       1     0.011269859
       2     0.021154407
       3     0.049723633
       4     0.059518498
       5     0.061987359
       6     0.064460223
       7     0.078434924
       8     0.044110222
       9     0.033714118
      10     0.017804475
      11     0.016952172
      12     0.017592390
      13   0.0397
 
       1      0.87045592
       2      0.86745991
       3      0.86643122
       4      0.86588043
       5      0.86676788
       6      0.86598534
       7      0.86635251
       8      0.86426144
       9      0.86678183
      10      0.87101897
      11      0.87032054
      12      0.87370103
      13   0.8680
 
       1    0.0015312218
       2    0.0029179557
       3    0.0067372749
       4    0.0081659943
       5    0.0085882640
       6    0.0090363978
       7     0.011051559
       8    0.0063020926
       9    0.0047364071
      10    0.0024134921
      11    0.0022687129
      12    0.0023231142
      13   0.0055
 
       1      0.84587534
       2      0.86301580
       3      0.94137322
       4      0.95513199
       5      0.97368957
       6      0.97588012
       7      0.97558688
       8      0.97807337
       9      0.96824777
      10      0.96091141
      11      0.93044418
      12      0.91769382
      13   0.9405
 
