       1       29.372430
       2       28.018568
       3       21.896816
       4       17.237217
       5       22.685380
       6       23.246512
       7       19.819671
       8       15.345268
       9       11.911055
      10       16.267476
      11       21.661742
      12       31.398387
      13   258.86
 
       1       15.021793
       2       14.499116
       3       12.462287
       4       9.8368007
       5       13.358294
       6       14.273319
       7       11.917167
       8       9.4730477
       9       7.2346154
      10       8.8822663
      11       11.572342
      12       15.807251
      13   144.34
 
       1       2.3078502
       2       2.3298576
       3       1.9159237
       4       1.4725139
       5       1.8934178
       6       1.9333978
       7       1.4807443
       8       1.1473052
       9      0.95444303
      10       1.3201306
      11       1.6353450
      12       2.4259207
      13    20.82
 
       1       9.7836092
       2       9.3357118
       3       6.8754761
       4       5.0698410
       5       6.2753806
       6       6.4211240
       7       5.9826601
       8       4.5863362
       9       3.5927884
      10       5.3068508
      11       7.0637576
      12       10.976156
      13    81.27
 
       1       1.3508244
       2       1.3032075
       3      0.98519235
       4       1.0191694
       5      0.90347226
       6      0.79562120
       7      0.68348037
       8      0.90909623
       9      0.95495965
      10       1.2261414
      11       1.3628724
      12       1.8125486
      13    13.31
 
       1      0.41735472
       2      0.43545328
       3      0.36637174
       4      0.29095015
       5      0.43481075
       6      0.47853951
       7      0.36146575
       8      0.27119764
       9      0.21262614
      10      0.24133582
      11      0.31032905
      12      0.40862525
      13     0.35
 
       1 0.0
       2 0.0
       3 0.0
       4 0.0
       5 0.0
       6 0.0
       7 0.0
       8 0.0
       9 0.0
      10 0.0
      11 0.0
      12 0.0
      13 0.0
 
       1     0.015172061
       2     0.016308865
       3     0.014294163
       4     0.011259887
       5     0.016842071
       6     0.019651536
       7     0.015223579
       8     0.011658692
       9    0.0087437590
      10    0.0093836166
      11     0.011721016
      12     0.015272316
      13   0.0138
 
       1       1.0000000
       2       1.0000000
       3       1.0000000
       4       1.0000000
       5       1.0000000
       6       1.0000000
       7       1.0000000
       8       1.0000000
       9       1.0000000
      10       1.0000000
      11       1.0000000
      12       1.0000000
      13   1.0000
 
       1       0.0000000
       2       0.0000000
       3       0.0000000
       4       0.0000000
       5       0.0000000
       6       0.0000000
       7       0.0000000
       8       0.0000000
       9       0.0000000
      10       0.0000000
      11       0.0000000
      12       0.0000000
      13   0.0000
 
       1      0.30568983
       2      0.27015335
       3      0.21429185
       4      0.16510765
       5      0.15658028
       6      0.12617589
       7      0.15896091
       8      0.15755405
       9      0.21561094
      10      0.26924509
      11      0.33754785
      12      0.33540417
      13   0.2260
 
