       1       32.668225
       2       24.838905
       3       31.042812
       4       17.924281
       5       24.475607
       6       22.082959
       7       19.412262
       8       16.475486
       9       11.126370
      10       10.990064
      11       18.299721
      12       32.827421
      13   262.16
 
       1       16.709692
       2       13.323472
       3       16.751263
       4       10.225586
       5       14.314838
       6       13.393555
       7       11.559908
       8       9.9867983
       9       7.0274382
      10       6.2667768
      11       9.6677460
      12       17.298417
      13   146.53
 
       1       2.7405272
       2       2.1409074
       3       2.6419833
       4       1.5437213
       5       2.0339902
       6       1.7785235
       7       1.4808253
       8       1.2060929
       9      0.94916732
      10      0.92191572
      11       1.5577045
      12       2.5507451
      13    21.55
 
       1       11.424342
       2       7.8881848
       3       10.001106
       4       5.4679226
       5       6.8959380
       6       6.3575303
       7       6.4215986
       8       5.1477138
       9       3.4051539
      10       3.7230958
      11       6.4289169
      12       12.450247
      13    85.61
 
       1       1.3336502
       2       1.0269327
       3       1.2848387
       4       1.1962092
       5      0.91762242
       6      0.80152926
       7      0.82188415
       8      0.85331282
       9      0.93793300
      10      0.98768937
      11       1.4844998
      12       2.0141702
      13    13.66
 
       1      0.47942722
       2      0.43650628
       3      0.49037545
       4      0.30062470
       5      0.45700593
       6      0.43068755
       7      0.35246926
       8      0.28270370
       9      0.22173043
      10      0.16896233
      11      0.26801321
      12      0.45246117
      13     0.36
 
       1 0.0
       2 0.0
       3 0.0
       4 0.0
       5 0.0
       6 0.0
       7 0.0
       8 0.0
       9 0.0
      10 0.0
      11 0.0
      12 0.0
      13 0.0
 
       1     0.017689160
       2     0.016036010
       3     0.018618100
       4     0.011856720
       5     0.018051634
       6     0.017859046
       7     0.014902654
       8     0.012095459
       9    0.0090923926
      10    0.0067014151
      11     0.010222899
      12     0.017052906
      13   0.0142
 
       1       1.0000000
       2       1.0000000
       3       1.0000000
       4       1.0000000
       5       1.0000000
       6       1.0000000
       7       1.0000000
       8       1.0000000
       9       1.0000000
      10       1.0000000
      11       1.0000000
      12       1.0000000
      13   1.0000
 
       1       0.0000000
       2       0.0000000
       3       0.0000000
       4       0.0000000
       5       0.0000000
       6       0.0000000
       7       0.0000000
       8       0.0000000
       9       0.0000000
      10       0.0000000
      11       0.0000000
      12       0.0000000
      13   0.0000
 
       1      0.31013521
       2      0.22229352
       3      0.23579670
       4      0.24401182
       5      0.18739848
       6      0.17140178
       7      0.22071860
       8      0.20516277
       9      0.18871980
      10      0.30323309
      11      0.35829476
      12      0.42863451
      13   0.2563
 
