       1       6.4642358
       2       16.575653
       3       16.287625
       4       16.796022
       5       32.875597
       6       43.426215
       7       44.015872
       8       30.406284
       9       19.826227
      10       9.3780879
      11       9.0645564
      12       7.5921468
      13   252.71
 
       1       4.8013124
       2       10.341448
       3       10.894591
       4       10.498208
       5       17.803523
       6       22.378538
       7       23.274663
       8       16.189554
       9       11.443301
      10       6.2287155
      11       6.3907549
      12       5.7881326
      13   146.03
 
       1      0.74122790
       2       1.5242783
       3       1.9024276
       4       2.3520178
       5       2.8978974
       6       2.8953616
       7       2.9795665
       8       2.0415377
       9       1.5793894
      10      0.90721677
      11      0.91352548
      12      0.71424349
      13    21.45
 
       1      0.64893654
       2       1.7286641
       3       2.7575112
       4       3.5886049
       5       5.1648896
       6       12.530235
       7       13.987121
       8       8.4118232
       9       3.1924131
      10      0.75440635
      11       1.0286311
      12       1.3399779
      13    55.13
 
       1      0.20881769
       2      0.43780492
       3       1.6953049
       4       2.5339178
       5       3.6493937
       6       5.3759735
       7       5.4982284
       8       3.8016257
       9       2.0319675
      10      0.41687218
      11      0.11211141
      12      0.37128346
      13    26.13
 
       1      0.68927566
       2       1.9476007
       3       2.4362810
       4       3.4512260
       5       3.7233969
       6       3.8168733
       7       3.6592492
       8       2.5394499
       9       1.8907106
      10      0.98948080
      11      0.93545942
      12      0.71977714
      13     2.23
 
       1 0.0
       2 0.0
       3 0.0
       4 0.0
       5 0.0
       6 0.0
       7 0.0
       8 0.0
       9 0.0
      10 0.0
      11 0.0
      12 0.0
      13 0.0
 
       1     0.014808234
       2     0.041212552
       3     0.050698202
       4     0.074403521
       5     0.075339460
       6     0.072781295
       7     0.068400432
       8     0.047586404
       9     0.036840586
      10     0.020227874
      11     0.019615960
      12     0.015472459
      13   0.0448
 
       1      0.93358439
       2      0.93113117
       3      0.93057210
       4      0.93161323
       5      0.93020736
       6      0.92854701
       7      0.92785528
       8      0.92834406
       9      0.92892296
      10      0.93083409
      11      0.93149749
      12      0.93284550
      13   0.9305
 
       1    0.0010418065
       2    0.0029093025
       3    0.0036184092
       4    0.0051751350
       5    0.0054525197
       6    0.0054572605
       7    0.0052031066
       8    0.0036233499
       9    0.0027414612
      10    0.0014713511
      11    0.0013999105
      12    0.0010860229
      13   0.0033
 
       1      0.80067843
       2      0.94080967
       3      0.94360208
       4      0.96964470
       5      0.97525725
       6      0.98272158
       7      0.97186838
       8      0.97432287
       9      0.98382684
      10      0.93818537
      11      0.93074011
      12      0.91757720
      13   0.9441
 
