       1       482.49393
       2       446.29913
       3       515.54190
       4       439.18367
       5       494.29919
       6       504.72908
       7       513.32495
       8       491.76590
       9       477.08666
      10       446.41392
      11       476.36150
      12       495.09209
      13  5782.59
 
       1       293.26579
       2       268.82292
       3       314.55581
       4       271.08202
       5       305.76575
       6       305.89133
       7       312.79147
       8       301.13826
       9       294.22145
      10       279.79661
      11       293.97219
      12       301.39783
      13  3542.70
 
       1       36.877985
       2       34.254757
       3       39.787615
       4       33.075436
       5       37.132354
       6       38.181837
       7       38.731378
       8       36.924889
       9       36.501155
      10       33.351625
      11       36.019176
      12       36.676905
      13   437.52
 
       1       130.61229
       2       121.35352
       3       138.86226
       4       114.15421
       5       127.20590
       6       135.98414
       7       136.37197
       8       131.45144
       9       125.78917
      10       112.62744
      11       125.47176
      12       134.28332
      13  1534.17
 
       1       21.817294
       2       20.296735
       3       23.408925
       4       20.690926
       5       23.973477
       6       24.443390
       7       24.876933
       8       22.912839
       9       20.772294
      10       20.481598
      11       20.953242
      12       21.887834
      13   266.52
 
       1       5.9284624
       2       5.7783188
       3       6.2185893
       4       5.3571875
       5       6.0158559
       6       6.4609184
       7       6.3595434
       8       5.9497640
       9       6.0890424
      10       5.2548480
      11       5.8503036
      12       5.8895389
      13     5.93
 
       1 0.0
       2 0.0
       3 0.0
       4 0.0
       5 0.0
       6 0.0
       7 0.0
       8 0.0
       9 0.0
      10 0.0
      11 0.0
      12 0.0
      13 0.0
 
       1     0.024643050
       2     0.023705496
       3     0.025815970
       4     0.022182793
       5     0.024768226
       6     0.025930847
       7     0.025660005
       8     0.024559610
       9     0.025221621
      10     0.022187883
      11     0.024489798
      12     0.024405518
      13   0.0245
 
       1       1.0000000
       2       1.0000000
       3       1.0000000
       4       1.0000000
       5       1.0000000
       6       1.0000000
       7       1.0000000
       8       1.0000000
       9       1.0000000
      10       1.0000000
      11       1.0000000
      12       1.0000000
      13   1.0000
 
       1       0.0000000
       2       0.0000000
       3       0.0000000
       4       0.0000000
       5       0.0000000
       6       0.0000000
       7       0.0000000
       8       0.0000000
       9       0.0000000
      10       0.0000000
      11       0.0000000
      12       0.0000000
      13   0.0000
 
       1      0.73254152
       2      0.69179080
       3      0.68138799
       4      0.66385314
       5      0.61256215
       6      0.59677536
       7      0.63677402
       8      0.66687891
       9      0.68446400
      10      0.67635138
      11      0.71281483
      12      0.71327569
      13   0.6725
 
