       1       31.684932
       2       23.276124
       3       28.174128
       4       19.831830
       5       18.859487
       6       16.488697
       7       16.673908
       8       14.474761
       9       11.722240
      10       13.242647
      11       20.191678
      12       27.913638
      13   242.53
 
       1       16.021961
       2       12.218923
       3       15.584182
       4       11.595910
       5       11.483065
       6       10.625361
       7       9.9749222
       8       9.0522581
       9       7.1972764
      10       7.4818293
      11       10.453272
      12       14.753918
      13   136.44
 
       1       2.5733603
       2       1.9683318
       3       2.5062834
       4       1.6265660
       5       1.5636710
       6       1.2731533
       7       1.2509301
       8       1.0867766
       9      0.93108601
      10       1.0972130
      11       1.6034017
      12       2.2516454
      13    19.73
 
       1       10.919904
       2       7.5538983
       3       9.0661997
       4       5.2166677
       5       5.1757226
       6       4.0810591
       7       5.0607260
       8       4.4101533
       9       3.4280018
      10       4.3103616
      11       5.9870536
      12       9.8521180
      13    75.06
 
       1       1.8678045
       2       1.1484776
       3       1.7440614
       4      0.75747452
       5      0.74131449
       6      0.57546181
       7      0.63443412
       8      0.92948601
       9      0.91332384
      10       1.1933073
      11       1.2713071
      12       2.0319714
      13    13.81
 
       1      0.45385460
       2      0.38802993
       3      0.46001422
       4      0.34835931
       5      0.35713301
       6      0.30543021
       7      0.29379658
       8      0.25741343
       9      0.21537252
      10      0.19959713
      11      0.28285938
      12      0.39468408
      13     0.33
 
       1 0.0
       2 0.0
       3 0.0
       4 0.0
       5 0.0
       6 0.0
       7 0.0
       8 0.0
       9 0.0
      10 0.0
      11 0.0
      12 0.0
      13 0.0
 
       1     0.016303486
       2     0.014665046
       3     0.017819518
       4     0.013759201
       5     0.014585311
       6     0.013685575
       7     0.012263707
       8     0.011360925
       9    0.0089543643
      10    0.0077582377
      11     0.010498399
      12     0.014652865
      13   0.0130
 
       1       1.0000000
       2       1.0000000
       3       1.0000000
       4       1.0000000
       5       1.0000000
       6       1.0000000
       7       1.0000000
       8       1.0000000
       9       1.0000000
      10       1.0000000
      11       1.0000000
      12       1.0000000
      13   1.0000
 
       1       0.0000000
       2       0.0000000
       3       0.0000000
       4       0.0000000
       5       0.0000000
       6       0.0000000
       7       0.0000000
       8       0.0000000
       9       0.0000000
      10       0.0000000
      11       0.0000000
      12       0.0000000
      13   0.0000
 
       1      0.23332057
       2      0.27241756
       3      0.29349331
       4      0.16485293
       5      0.11473292
       6     0.084771565
       7      0.15496049
       8      0.15152721
       9      0.16998482
      10      0.27464616
      11      0.29058420
      12      0.26912825
      13   0.2062
 
