       1       139.83045
       2       151.11246
       3       135.52523
       4       132.61267
       5       147.63353
       6       154.40606
       7       146.18208
       8       128.05846
       9       114.55224
      10       82.668195
      11       84.888825
      12       108.74374
      13  1526.21
 
       1       94.630032
       2       101.08751
       3       82.029416
       4       83.863173
       5       90.043952
       6       91.470010
       7       80.997239
       8       72.647266
       9       73.809243
      10       53.193051
      11       60.148889
      12       73.975844
      13   957.90
 
       1       12.331117
       2       12.519792
       3       8.9245378
       4       10.362322
       5       8.5561342
       6       8.2814069
       7       7.2691789
       8       7.0604246
       9       8.4131655
      10       6.0772143
      11       7.5201847
      12       9.0822989
      13   106.40
 
       1       12.972985
       2       13.673963
       3       11.501499
       4       13.313662
       5       11.588974
       6       17.536785
       7       17.362686
       8       13.978984
       9       10.917966
      10       6.1306758
      11       8.3675043
      12       12.582334
      13   149.93
 
       1       9.6015492
       2       13.986336
       3       13.737057
       4       17.931348
       5       15.018713
       6       22.506128
       7       24.856735
       8       24.336150
       9       24.534132
      10       12.488246
      11       12.532806
      12       11.123334
      13   202.65
 
       1       9.4526838
       2       13.905934
       3       12.674508
       4       16.636648
       5       20.281344
       6       25.680381
       7       19.260099
       8       15.890439
       9       16.389430
      10       8.2310542
      11       8.2951047
      12       7.8161824
      13    14.54
 
       1 0.0
       2 0.0
       3 0.0
       4 0.0
       5 0.0
       6 0.0
       7 0.0
       8 0.0
       9 0.0
      10 0.0
      11 0.0
      12 0.0
      13 0.0
 
       1      0.10089502
       2      0.15003729
       3      0.13245845
       4      0.17260842
       5      0.20649277
       6      0.26717448
       7      0.19472363
       8      0.15833161
       9      0.16922515
      10     0.081535850
      11     0.086343643
      12     0.082489995
      13   0.1502
 
       1      0.87283196
       2      0.87334534
       3      0.87651221
       4      0.87303665
       5      0.87137417
       6      0.87153775
       7      0.87253087
       8      0.87254492
       9      0.87240278
      10      0.87177269
      11      0.87239541
      12      0.87075615
      13   0.8726
 
       1     0.013328429
       2     0.019656109
       3     0.017708300
       4     0.023191757
       5     0.028141332
       6     0.035810904
       7     0.026545391
       8     0.021794013
       9     0.022807997
      10     0.011385690
      11     0.011671107
      12     0.011018528
      13   0.0203
 
       1      0.68522132
       2      0.74836699
       3      0.66197581
       4      0.78326535
       5      0.80374392
       6      0.87052751
       7      0.83023304
       8      0.81319208
       9      0.79804279
      10      0.67418229
      11      0.69065111
      12      0.68275283
      13   0.7535
 
