       1       10.220251
       2       13.751608
       3       16.313385
       4       27.487839
       5       37.902465
       6       48.839313
       7       52.104377
       8       23.874213
       9       18.060657
      10       11.988021
      11       6.8706608
      12       6.0991035
      13   273.51
 
       1       6.9534607
       2       8.6445728
       3       11.326675
       4       16.180301
       5       20.978321
       6       24.736409
       7       27.338338
       8       13.847369
       9       10.440093
      10       8.0531733
      11       5.3010511
      12       4.6459459
      13   158.45
 
       1      0.85097660
       2       1.0779238
       3       2.1589672
       4       3.0168058
       5       3.1982446
       6       3.0882307
       7       3.4504460
       8       2.0456668
       9       1.3869908
      10       1.2219803
      11      0.75193051
      12      0.58364767
      13    22.83
 
       1      0.64445242
       2      0.70259967
       3       3.8578154
       4       4.5060942
       5       6.1180794
       6       14.039842
       7       18.979535
       8       6.5717110
       9       2.6216917
      10       1.2565929
      11       1.1690584
      12      0.81190797
      13    61.28
 
       1      0.12388179
       2      0.39318051
       3       1.8877898
       4       2.6282580
       5       4.2617423
       6       7.0717179
       7       6.2556218
       8       4.0292356
       9       2.0278574
      10      0.47975851
      11      0.23678159
      12      0.12559138
      13    29.52
 
       1      0.78382167
       2       1.2962836
       3       2.8460409
       4       4.0702434
       5       4.4091919
       6       4.2964239
       7       4.1999364
       8       2.2078512
       9       1.5721594
      10       1.2609906
      11      0.85498027
      12      0.57010208
      13     2.36
 
       1 0.0
       2 0.0
       3 0.0
       4 0.0
       5 0.0
       6 0.0
       7 0.0
       8 0.0
       9 0.0
      10 0.0
      11 0.0
      12 0.0
      13 0.0
 
       1     0.022348673
       2     0.035287832
       3     0.077073963
       4      0.11318983
       5      0.11684138
       6      0.10722896
       7      0.10121094
       8     0.052735548
       9     0.039050249
      10     0.033232974
      11     0.023077939
      12     0.016000413
      13   0.0614
 
       1      0.88332619
       2      0.88131810
       3      0.87819847
       4      0.88080582
       5      0.87919667
       6      0.87733772
       7      0.87769535
       8      0.87693053
       9      0.87585051
      10      0.87896022
      11      0.87941977
      12      0.88288849
      13   0.8793
 
       1    0.0026941225
       2    0.0043472577
       3    0.0095457909
       4     0.013680591
       5     0.014445309
       6     0.013531233
       7     0.012977622
       8    0.0068627467
       9    0.0050080169
      10    0.0041726279
      11    0.0028895323
      12    0.0019647734
      13   0.0077
 
       1      0.91043212
       2      0.90489837
       3      0.95861406
       4      0.98425129
       5      0.99027377
       6      0.98642242
       7      0.98086337
       8      0.97274398
       9      0.98613902
      10      0.96066721
      11      0.93488417
      12      0.87804644
      13   0.9540
 
