       1       161.88758
       2       139.96118
       3       130.99012
       4       113.50923
       5       162.67063
       6       133.12157
       7       105.59237
       8       125.80842
       9       104.88235
      10       76.108643
      11       75.953577
      12       127.77237
      13  1458.26
 
       1       108.61651
       2       90.976641
       3       85.412782
       4       71.136806
       5       102.40752
       6       79.846223
       7       61.646512
       8       72.761077
       9       66.070414
      10       49.225247
      11       50.852031
      12       88.428995
      13   927.38
 
       1       14.272454
       2       11.033308
       3       10.452878
       4       7.6775038
       5       10.582066
       6       8.2050813
       7       6.2544844
       8       6.9309447
       9       7.7935766
      10       5.7915183
      11       5.6816670
      12       11.140975
      13   105.82
 
       1       17.824473
       2       14.764849
       3       10.651592
       4       7.8143758
       5       15.328641
       6       16.079534
       7       12.867468
       8       16.411490
       9       11.484119
      10       6.7699957
      11       6.2320738
      12       14.280233
      13   150.51
 
       1       15.278411
       2       11.698634
       3       10.938930
       4       9.3125075
       5       18.671062
       6       17.125618
       7       16.261406
       8       24.679893
       9       24.019844
      10       13.530839
      11       10.235337
      12       11.749189
      13   183.50
 
       1       11.133458
       2       12.760059
       3       14.211915
       4       13.715652
       5       24.886375
       6       18.900065
       7       13.349626
       8       15.520227
       9       13.529445
      10       7.9252576
      11       6.6817292
      12       9.4018020
      13    13.50
 
       1 0.0
       2 0.0
       3 0.0
       4 0.0
       5 0.0
       6 0.0
       7 0.0
       8 0.0
       9 0.0
      10 0.0
      11 0.0
      12 0.0
      13 0.0
 
       1      0.11790997
       2      0.13233129
       3      0.14675496
       4      0.13737647
       5      0.25523201
       6      0.18941838
       7      0.12981270
       8      0.15156471
       9      0.13238483
      10     0.076553743
      11     0.066132716
      12     0.098313892
      13   0.1361
 
       1      0.93262612
       2      0.93405861
       3      0.93414465
       4      0.93305680
       5      0.93271951
       6      0.93127397
       7      0.93181293
       8      0.93262275
       9      0.93224132
      10      0.93214333
      11      0.93329927
      12      0.93304481
      13   0.9328
 
       1    0.0081897341
       2    0.0093447488
       3     0.010411628
       4    0.0099838186
       5     0.018179921
       6     0.013699765
       7    0.0096114059
       8     0.011167142
       9    0.0097599168
      10    0.0057362318
      11    0.0048709452
      12    0.0069159683
      13   0.0098
 
       1      0.68097472
       2      0.67313948
       3      0.69744033
       4      0.69532846
       5      0.80520185
       6      0.83500993
       7      0.74502509
       8      0.78447754
       9      0.79536786
      10      0.67982729
      11      0.61826664
      12      0.67403535
      13   0.7237
 
