       1       11.492027
       2       15.266563
       3       13.886813
       4       27.069721
       5       31.940387
       6       47.029608
       7       41.040231
       8       27.056009
       9       17.888222
      10 0.0
      11       6.7823069
      12       7.3556673
      13   246.81
 
       1       8.4375643
       2       9.2480817
       3       9.5949088
       4       16.156993
       5       16.935748
       6       24.006570
       7       21.323215
       8       14.916185
       9       10.507088
      10 0.0
      11       4.9690170
      12       5.5372414
      13   141.63
 
       1       1.1559366
       2       1.1809560
       3       1.7813321
       4       3.2455286
       5       2.6066486
       6       2.8199745
       7       2.6591852
       8       1.9504104
       9       1.4456988
      10 0.0
      11      0.68088993
      12      0.64306711
      13    20.17
 
       1       1.4847119
       2       1.8032069
       3       2.1578114
       4       3.8688696
       5       4.2932819
       6       13.229176
       7       13.332828
       8       6.3150342
       9       3.1766294
      10 0.0
      11      0.46261529
      12      0.82740526
      13    50.95
 
       1      0.54179580
       2      0.68899534
       3       1.8212850
       4       3.6744196
       5       3.1185249
       6       5.8260652
       7       6.0973473
       8       3.6264193
       9       1.8416172
      10 0.0
      11     0.092043763
      12      0.10655761
      13    27.44
 
       1      0.96231438
       2       1.3048148
       3       2.1177412
       4       3.7761050
       5       3.1799384
       6       3.8093803
       7       3.2173411
       8       2.2032250
       9       1.6377526
      10 0.0
      11      0.61853634
      12      0.56006908
      13     2.13
 
       1 0.0
       2 0.0
       3 0.0
       4 0.0
       5 0.0
       6 0.0
       7 0.0
       8 0.0
       9 0.0
      10 0.0
      11 0.0
      12 0.0
      13 0.0
 
       1     0.026197172
       2     0.033148467
       3     0.054296860
       4     0.098030976
       5     0.079603298
       6     0.089775100
       7     0.074778048
       8     0.050873722
       9     0.038904164
      10 0.0
      11     0.016670925
      12     0.014883303
      13   0.0525
 
       1      0.92556813
       2      0.92450597
       3      0.92329709
       4      0.92398225
       5      0.92310395
       6      0.92148395
       7      0.92170544
       8      0.92136101
       9      0.92141158
      10 0.0
      11      0.92595643
      12      0.92642057
      13   0.9235
 
       1    0.0019983702
       2    0.0026172044
       3    0.0042642290
       4    0.0076282756
       5    0.0062879111
       6    0.0072780960
       7    0.0061083260
       8    0.0041956081
       9    0.0031758871
      10 0.0
      11    0.0012813565
      12    0.0011561721
      13   0.0042
 
       1      0.88945031
       2      0.88263374
       3      0.94074238
       4      0.96747940
       5      0.98078762
       6      0.98552355
       7      0.98074857
       8      0.97938781
       9      0.98378579
      10 0.0
      11      0.93735683
      12      0.90634708
      13   0.9486
 
