       1       129.49772
       2       192.37928
       3       278.73574
       4       198.79252
       5       222.18987
       6       224.73648
       7       227.71609
       8       188.04164
       9       162.36716
      10       132.55640
      11       130.83969
      12       128.41465
      13  2216.27
 
       1       89.143666
       2       125.28562
       3       182.98460
       4       126.43778
       5       138.47185
       6       131.76933
       7       128.72306
       8       109.46678
       9       103.58501
      10       88.278875
      11       87.926336
      12       88.091485
      13  1400.16
 
       1       11.644794
       2       15.694771
       3       23.105131
       4       16.340482
       5       16.293579
       6       15.229409
       7       13.857804
       8       12.152915
       9       12.873763
      10       10.822711
      11       11.646675
      12       11.966418
      13   171.63
 
       1       14.910813
       2       20.658000
       3       33.916004
       4       27.769083
       5       31.465963
       6       44.868237
       7       43.465765
       8       29.817857
       9       21.559293
      10       14.396225
      11       16.162319
      12       17.104736
      13   316.09
 
       1       10.250441
       2       18.453784
       3       32.881602
       4       24.353929
       5       33.030191
       6       41.523441
       7       43.581637
       8       39.282936
       9       34.079808
      10       19.965211
      11       14.588328
      12       14.132846
      13   326.12
 
       1       10.714582
       2       18.469396
       3       31.747572
       4       31.151165
       5       37.270106
       6       34.605346
       7       30.761570
       8       24.032505
       9       22.812882
      10       16.390547
      11       12.484759
      12       11.037738
      13    23.46
 
       1 0.0
       2 0.0
       3 0.0
       4 0.0
       5 0.0
       6 0.0
       7 0.0
       8 0.0
       9 0.0
      10 0.0
      11 0.0
      12 0.0
      13 0.0
 
       1     0.010392598
       2     0.018220496
       3     0.031853321
       4     0.031088655
       5     0.036655311
       6     0.033372897
       7     0.028918027
       8     0.022347485
       9     0.021653310
      10     0.015525969
      11     0.012021911
      12     0.010691061
      13   0.0227
 
       1      0.84698636
       2      0.84447945
       3      0.84404215
       4      0.84499644
       5      0.84258817
       6      0.84321695
       7      0.84569211
       8      0.84655383
       9      0.84473099
      10      0.84414712
      11      0.84630017
      12      0.84464973
      13   0.8449
 
       1    0.0018228982
       2    0.0031492585
       3    0.0054330438
       4    0.0053403017
       5    0.0063443366
       6    0.0058229127
       7    0.0051110388
       8    0.0039824845
       9    0.0038227830
      10    0.0027586519
      11    0.0021185636
      12    0.0018725449
      13   0.0040
 
       1      0.26086956
       2      0.26937048
       3      0.31288108
       4      0.35554117
       5      0.37889975
       6      0.38951353
       7      0.34166645
       8      0.31824158
       9      0.31769754
      10      0.29222756
      11      0.29857783
      12      0.28062203
      13   0.3180
 
