       1       230.07746
       2       338.50899
       3       283.79319
       4       280.87365
       5       270.06875
       6       314.32076
       7       317.59813
       8       272.26184
       9       234.30088
      10       132.66274
      11       221.28686
      12       255.73662
      13  3151.49
 
       1       156.48094
       2       222.34156
       3       193.88490
       4       180.13815
       5       171.09405
       6       180.94516
       7       179.87036
       8       158.90378
       9       147.53458
      10       87.920277
      11       147.98858
      12       175.41817
      13  2002.52
 
       1       19.590044
       2       28.359658
       3       27.266795
       4       22.171952
       5       21.330185
       6       19.343525
       7       19.964846
       8       17.512228
       9       16.657548
      10       11.522989
      11       16.891713
      12       21.488278
      13   242.10
 
       1       23.719446
       2       34.346072
       3       43.268037
       4       36.679068
       5       39.313545
       6       59.549645
       7       64.381216
       8       45.989384
       9       36.040466
      10       20.303433
      11       22.510364
      12       31.583478
      13   457.68
 
       1       19.328441
       2       27.390043
       3       30.952128
       4       33.928814
       5       39.192558
       6       57.474856
       7       61.028651
       8       50.993001
       9       48.701995
      10       17.257126
      11       27.854821
      12       28.443139
      13   442.55
 
       1       19.225697
       2       30.647132
       3       36.767295
       4       42.710355
       5       46.580089
       6       46.161558
       7       42.099807
       8       35.207957
       9       34.098943
      10       17.516574
      11       20.999463
      12       20.584245
      13    32.72
 
       1 0.0
       2 0.0
       3 0.0
       4 0.0
       5 0.0
       6 0.0
       7 0.0
       8 0.0
       9 0.0
      10 0.0
      11 0.0
      12 0.0
      13 0.0
 
       1     0.023408211
       2     0.037782339
       3     0.046366767
       4     0.052148609
       5     0.058092985
       6     0.055077206
       7     0.049232073
       8     0.040713617
       9     0.040561044
      10     0.020889982
      11     0.025431632
      12     0.025240073
      13   0.0396
 
       1      0.86264218
       2      0.86168030
       3      0.86286798
       4      0.86011713
       5      0.86075360
       6      0.85993407
       7      0.86209543
       8      0.86337653
       9      0.86142335
      10      0.86209023
      11      0.86558459
      12      0.86384674
      13   0.8622
 
       1    0.0035758715
       2    0.0056991827
       3    0.0069138477
       4    0.0079307937
       5    0.0087368809
       6    0.0084433208
       7    0.0076188197
       8    0.0063537707
       9    0.0062438117
      10    0.0032358015
      11    0.0038870842
      12    0.0038262563
      13   0.0060
 
       1      0.33077263
       2      0.34162847
       3      0.39085860
       4      0.40498486
       5      0.42179467
       6      0.43455437
       7      0.40008277
       8      0.37889898
       9      0.38089557
      10      0.37051787
      11      0.34932277
      12      0.33902068
      13   0.3786
 
