       1       9.0339681
       2       11.442997
       3       16.110408
       4       21.954040
       5       31.428558
       6       48.762483
       7       42.885098
       8       32.110834
       9       20.639229
      10       11.946417
      11       6.7873387
      12       7.7258253
      13   260.83
 
       1       6.7037156
       2       7.7314091
       3       11.234550
       4       14.799572
       5       16.653599
       6       24.918654
       7       21.880924
       8       17.431475
       9       11.747622
      10       7.7129707
      11       4.9351324
      12       5.6656810
      13   151.42
 
       1      0.95272734
       2       1.1752871
       3       2.1521643
       4       3.4454979
       5       2.5109024
       6       3.2398094
       7       2.9738316
       8       2.4159023
       9       1.5809353
      10       1.1393013
      11      0.71084757
      12      0.72817441
      13    23.03
 
       1       1.0426901
       2       1.7176951
       3       3.8123581
       4       6.3173902
       5       5.3338613
       6       13.961119
       7       14.765568
       8       8.3878758
       9       4.8059825
      10       1.1588563
      11      0.98665479
      12      0.72284823
      13    63.01
 
       1      0.17345581
       2      0.59602396
       3       2.8102867
       4       4.4823169
       5       3.5116905
       6       6.7687735
       7       5.8693704
       8       4.4149731
       9       2.4527764
      10      0.61074982
      11      0.15747522
      12      0.23485076
      13    32.08
 
       1      0.76550255
       2       1.2547104
       3       2.9761229
       4       4.3618478
       5       2.8739330
       6       4.1417405
       7       3.5412597
       8       2.6134866
       9       1.8405851
      10       1.1358805
      11      0.68664985
      12      0.45931395
      13     2.22
 
       1 0.0
       2 0.0
       3 0.0
       4 0.0
       5 0.0
       6 0.0
       7 0.0
       8 0.0
       9 0.0
      10 0.0
      11 0.0
      12 0.0
      13 0.0
 
       1     0.016988794
       2     0.026604407
       3     0.062717417
       4     0.092379448
       5     0.057059528
       6     0.079981274
       7     0.066947654
       8     0.049373137
       9     0.035922982
      10     0.023928183
      11     0.015045713
      12    0.0099723504
      13   0.0447
 
       1      0.87292675
       2      0.87043205
       3      0.86891602
       4      0.86934745
       5      0.86656845
       6      0.86462070
       7      0.86388534
       8      0.86436024
       9      0.86536806
      10      0.86973184
      11      0.87223521
      12      0.87342231
      13   0.8685
 
       1    0.0022304071
       2    0.0035945645
       3    0.0084711193
       4     0.012391680
       5    0.0078863524
       6     0.011184138
       7    0.0094851958
       8    0.0070206719
       9    0.0050424802
      10    0.0032241618
      11    0.0019927069
      12    0.0013352697
      13   0.0062
 
       1      0.90169779
       2      0.81174000
       3      0.90319963
       4      0.96709676
       5      0.97849212
       6      0.98141428
       7      0.97634883
       8      0.96385474
       9      0.97045760
      10      0.95729422
      11      0.94251882
      12      0.82419765
      13   0.9315
 
