       1       12.274516
       2       10.688208
       3       15.882823
       4       26.038958
       5       36.292449
       6       47.743954
       7       41.748837
       8       26.592777
       9       18.867681
      10       10.333874
      11       6.9968163
      12       7.3367366
      13   260.80
 
       1       7.6446982
       2       7.1571608
       3       10.938805
       4       15.976203
       5       19.826187
       6       24.729321
       7       22.081584
       8       15.309673
       9       11.155469
      10       6.9153192
      11       5.4328872
      12       5.5176809
      13   152.68
 
       1      0.90486425
       2       1.0016343
       3       2.1256334
       4       3.1162140
       5       2.9835245
       6       3.0506903
       7       3.0106488
       8       2.1399129
       9       1.4831016
      10       1.0351794
      11      0.80179191
      12      0.71681580
      13    22.37
 
       1      0.96868822
       2      0.58986666
       3       2.8463357
       4       5.0848585
       5       5.5841249
       6       11.823534
       7       13.304415
       8       6.1112545
       9       3.0229440
      10      0.94523929
      11       1.0429593
      12       1.2018500
      13    52.53
 
       1      0.29952015
       2      0.26478922
       3       1.6148349
       4       3.3723712
       5       3.4917844
       6       6.1354380
       7       5.5127020
       8       3.6011966
       9       2.2090012
      10      0.41878587
      11      0.24887022
      12      0.49519571
      13    27.66
 
       1      0.82545365
       2      0.92786128
       3       2.7360854
       4       4.5030842
       5       3.6843098
       6       3.8947682
       7       3.4891009
       8       2.4096002
       9       1.7451160
      10       1.0984002
      11      0.80586886
      12      0.52778420
      13     2.22
 
       1 0.0
       2 0.0
       3 0.0
       4 0.0
       5 0.0
       6 0.0
       7 0.0
       8 0.0
       9 0.0
      10 0.0
      11 0.0
      12 0.0
      13 0.0
 
       1     0.021515252
       2     0.023994965
       3     0.072254043
       4      0.11753489
       5     0.090458906
       6     0.091823178
       7     0.081188569
       8     0.056249551
       9     0.041411739
      10     0.028558765
      11     0.021041912
      12     0.013951885
      13   0.0550
 
       1      0.92499813
       2      0.92433445
       3      0.92388105
       4      0.92346608
       5      0.92284009
       6      0.92187069
       7      0.92288803
       8      0.92182357
       9      0.92129434
      10      0.92473350
      11      0.92397467
      12      0.92515006
      13   0.9234
 
       1    0.0016762131
       2    0.0018804399
       3    0.0055788932
       4    0.0091153771
       5    0.0072137487
       6    0.0074416764
       7    0.0066486780
       8    0.0046107679
       9    0.0033854668
      10    0.0022363647
      11    0.0016553523
      12    0.0010859090
      13   0.0044
 
       1      0.89380426
       2      0.90985797
       3      0.96720142
       4      0.98606010
       5      0.98143006
       6      0.98306989
       7      0.97954361
       8      0.97405847
       9      0.98037411
      10      0.95082796
      11      0.94252871
      12      0.92259246
      13   0.9559
 
