       1       85.899768
       2       101.14025
       3       187.08886
       4       111.37489
       5       182.83645
       6       142.90101
       7       133.47325
       8       130.25475
       9       104.01230
      10       89.360766
      11       69.874720
      12       112.85987
      13  1451.08
 
       1       62.212447
       2       67.428852
       3       118.97166
       4       70.735045
       5       114.55232
       6       83.639235
       7       74.831146
       8       76.668733
       9       67.176252
      10       58.593722
      11       48.260543
      12       74.765339
      13   917.84
 
       1       8.4387974
       2       7.9220124
       3       12.237394
       4       8.1416002
       5       9.6692239
       6       7.0426340
       7       6.3831728
       8       6.9255743
       9       7.4042405
      10       6.2712724
      11       5.5632881
      12       8.1510870
      13    94.15
 
       1       9.1300680
       2       7.7262297
       3       14.662411
       4       10.644321
       5       15.687632
       6       15.165715
       7       15.189004
       8       15.308859
       9       10.045058
      10       7.0651505
      11       5.7242436
      12       8.2177031
      13   134.57
 
       1       8.7268498
       2       7.8913701
       3       13.781942
       4       12.746781
       5       19.859497
       6       17.561812
       7       19.696750
       8       23.057321
       9       21.731376
      10       13.300616
      11       9.3398176
      12       7.3397738
      13   175.03
 
       1       7.0516745
       2       8.5795004
       3       19.751870
       4       14.694785
       5       28.468746
       6       20.937143
       7       17.192156
       8       18.550590
       9       14.575810
      10       9.3468354
      11       6.1922984
      12       6.9429348
      13    14.36
 
       1 0.0
       2 0.0
       3 0.0
       4 0.0
       5 0.0
       6 0.0
       7 0.0
       8 0.0
       9 0.0
      10 0.0
      11 0.0
      12 0.0
      13 0.0
 
       1     0.094149531
       2      0.11204728
       3      0.26778481
       4      0.19436697
       5      0.37970346
       6      0.27101492
       7      0.21631678
       8      0.23802160
       9      0.18658361
      10      0.11895769
      11     0.079433970
      12     0.089755571
      13   0.1873
 
       1      0.85090539
       2      0.85255285
       3      0.85381950
       4      0.85376766
       5      0.85301973
       6      0.85151608
       7      0.85237895
       8      0.85293121
       9      0.85196947
      10      0.85324312
      11      0.85403948
      12      0.85112363
      13   0.8526
 
       1     0.014461330
       2     0.017355709
       3     0.040327862
       4     0.029799602
       5     0.057854417
       6     0.041891050
       7     0.033989574
       8     0.037039837
       9     0.029127262
      10     0.018727535
      11     0.012509664
      12     0.014016308
      13   0.0289
 
       1      0.67953566
       2      0.67339858
       3      0.85598932
       4      0.80695372
       5      0.90624211
       6      0.89351697
       7      0.83457838
       8      0.84868504
       9      0.81806610
      10      0.67737523
      11      0.62241465
      12      0.64309600
      13   0.7717
 
