       1       209.10678
       2       206.67359
       3       175.78671
       4       193.86638
       5       224.06932
       6       249.60642
       7       237.80557
       8       208.43341
       9       160.62043
      10       112.82776
      11       148.95937
      12       137.55970
      13  2265.32
 
       1       141.49580
       2       139.26398
       3       113.63157
       4       121.38513
       5       138.10577
       6       144.96521
       7       131.44019
       8       119.84871
       9       99.303715
      10       77.472559
      11       98.374431
      12       95.107267
      13  1420.39
 
       1       18.415713
       2       18.222893
       3       15.408377
       4       15.128452
       5       16.954298
       6       15.783863
       7       14.351295
       8       13.428936
       9       11.332061
      10       10.614475
      11       11.282371
      12       13.032864
      13   173.96
 
       1       25.445482
       2       22.905762
       3       24.481510
       4       27.096870
       5       33.092293
       6       46.689505
       7       48.868959
       8       37.463673
       9       21.930989
      10       15.590547
      11       14.988092
      12       18.577652
      13   337.13
 
       1       17.416508
       2       21.081673
       3       21.022551
       4       22.546634
       5       35.155915
       6       47.479190
       7       46.104951
       8       41.851302
       9       28.839355
      10       19.953673
      11       15.328922
      12       18.731053
      13   335.51
 
       1       17.432509
       2       22.751082
       3       22.085189
       4       29.179709
       5       34.347070
       6       36.182684
       7       29.032514
       8       26.439128
       9       21.285717
      10       16.154017
      11       13.463746
      12       11.891480
      13    23.35
 
       1 0.0
       2 0.0
       3 0.0
       4 0.0
       5 0.0
       6 0.0
       7 0.0
       8 0.0
       9 0.0
      10 0.0
      11 0.0
      12 0.0
      13 0.0
 
       1     0.017462388
       2     0.023151862
       3     0.022002940
       4     0.028369976
       5     0.033709001
       6     0.034446097
       7     0.027022863
       8     0.024617701
       9     0.020107391
      10     0.015574626
      11     0.012893711
      12     0.011663901
      13   0.0226
 
       1      0.84625347
       2      0.84542032
       3      0.84555298
       4      0.84290998
       5      0.84280654
       6      0.84243934
       7      0.84539503
       8      0.84586825
       9      0.84456972
      10      0.84542934
      11      0.84665168
      12      0.84572323
      13   0.8449
 
       1    0.0029858957
       2    0.0039199087
       3    0.0037858795
       4    0.0049481412
       5    0.0058324323
       6    0.0060493287
       7    0.0047968626
       8    0.0043760733
       9    0.0035626636
      10    0.0027413478
      11    0.0022784845
      12    0.0020256556
      13   0.0039
 
       1      0.29274791
       2      0.29612903
       3      0.32544583
       4      0.35568936
       5      0.38736502
       6      0.38243580
       7      0.34581612
       8      0.32540256
       9      0.31723091
      10      0.30279506
      11      0.27643534
      12      0.26609996
      13   0.3228
 
