       1       36.802485
       2       28.567069
       3       26.602274
       4       23.025097
       5       20.951051
       6       23.684729
       7       17.490153
       8       16.942757
       9       11.753405
      10       14.161838
      11       18.656402
      12       29.644715
      13   268.28
 
       1       18.986170
       2       15.254733
       3       14.462435
       4       13.059065
       5       12.754608
       6       14.282362
       7       10.468499
       8       10.434870
       9       7.1664856
      10       8.0892006
      11       9.9948083
      12       15.136317
      13   150.09
 
       1       3.0709199
       2       2.2754283
       3       2.2066203
       4       2.0205564
       5       1.6538321
       6       1.9064125
       7       1.2356238
       8       1.2694236
       9      0.93248420
      10       1.1461618
      11       1.4496551
      12       2.2382671
      13    21.41
 
       1       13.300443
       2       9.2496210
       3       8.5366144
       4       6.6269220
       5       5.7577217
       6       6.9521943
       7       5.3811279
       8       5.2132080
       9       3.5212691
      10       4.5805175
      11       6.1825411
      12       9.8531656
      13    85.16
 
       1       2.0494879
       2       1.0490184
       3       1.3589901
       4      0.95798081
       5      0.93332850
       6      0.88928249
       7      0.68629414
       8      0.95076602
       9      0.89007346
      10       1.2292726
      11       1.3325054
      12       1.9672477
      13    14.29
 
       1      0.52783853
       2      0.47430329
       3      0.41250602
       4      0.42072075
       5      0.38155502
       6      0.46443774
       7      0.29861227
       8      0.29906113
       9      0.20818372
      10      0.21236198
      11      0.25507669
      12      0.39479541
      13     0.36
 
       1 0.0
       2 0.0
       3 0.0
       4 0.0
       5 0.0
       6 0.0
       7 0.0
       8 0.0
       9 0.0
      10 0.0
      11 0.0
      12 0.0
      13 0.0
 
       1     0.019514996
       2     0.017386093
       3     0.015619240
       4     0.016182390
       5     0.015711309
       6     0.019483374
       7     0.012557741
       8     0.012815969
       9    0.0087263118
      10    0.0082828273
      11    0.0098482081
      12     0.014370188
      13   0.0142
 
       1       1.0000000
       2       1.0000000
       3       1.0000000
       4       1.0000000
       5       1.0000000
       6       1.0000000
       7       1.0000000
       8       1.0000000
       9       1.0000000
      10       1.0000000
      11       1.0000000
      12       1.0000000
      13   1.0000
 
       1       0.0000000
       2       0.0000000
       3       0.0000000
       4       0.0000000
       5       0.0000000
       6       0.0000000
       7       0.0000000
       8       0.0000000
       9       0.0000000
      10       0.0000000
      11       0.0000000
      12       0.0000000
      13   0.0000
 
       1      0.31453216
       2      0.26677346
       3      0.25297609
       4      0.17545698
       5      0.10784652
       6      0.12218809
       7      0.17437522
       8      0.17185830
       9      0.17965185
      10      0.29833994
      11      0.33358276
      12      0.30182457
      13   0.2250
 
