       1       135.76492
       2       228.36915
       3       213.76201
       4       183.91081
       5       174.50600
       6       192.14966
       7       217.29055
       8       179.95974
       9       177.55415
      10       151.90148
      11       154.77200
      12       186.08401
      13  2196.02
 
       1       92.436399
       2       148.55608
       3       138.01837
       4       116.27461
       5       107.18688
       6       112.88681
       7       120.73452
       8       103.54043
       9       109.80311
      10       99.420456
      11       104.17004
      12       124.79153
      13  1377.82
 
       1       12.725559
       2       19.683500
       3       19.490363
       4       16.878930
       5       14.218719
       6       14.014139
       7       14.092980
       8       12.307044
       9       13.491484
      10       12.827171
      11       13.902834
      12       16.563709
      13   180.20
 
       1       17.833501
       2       27.518687
       3       30.109904
       4       26.488002
       5       24.548910
       6       36.626798
       7       43.369371
       8       31.935588
       9       22.945785
      10       15.851868
      11       20.638720
      12       24.309054
      13   322.18
 
       1       13.470165
       2       21.117214
       3       24.185901
       4       25.206657
       5       27.234913
       6       32.963904
       7       37.827909
       8       37.370489
       9       31.881869
      10       24.634716
      11       22.135807
      12       18.814445
      13   316.84
 
       1       12.264611
       2       22.581404
       3       25.681957
       4       27.259361
       5       25.528735
       6       26.718948
       7       25.818558
       8       21.520702
       9       22.190059
      10       17.535825
      11       15.819213
      12       14.912429
      13    21.49
 
       1 0.0
       2 0.0
       3 0.0
       4 0.0
       5 0.0
       6 0.0
       7 0.0
       8 0.0
       9 0.0
      10 0.0
      11 0.0
      12 0.0
      13 0.0
 
       1     0.011949384
       2     0.022206362
       3     0.025137299
       4     0.026067505
       5     0.023614089
       6     0.024577731
       7     0.023303284
       8     0.019382795
       9     0.020332378
      10     0.016573679
      11     0.015284151
      12     0.014584451
      13   0.0203
 
       1      0.88397910
       2      0.88255737
       3      0.88207578
       4      0.88256620
       5      0.87872719
       6      0.87883033
       7      0.88267793
       8      0.88272713
       9      0.88100265
      10      0.88194938
      11      0.88380574
      12      0.88319915
      13   0.8820
 
       1    0.0015787917
       2    0.0028980844
       3    0.0032959828
       4    0.0034710353
       5    0.0032140247
       6    0.0033492959
       7    0.0031995084
       8    0.0026730622
       9    0.0027749735
      10    0.0022272473
      11    0.0020252624
      12    0.0019128432
      13   0.0027
 
       1      0.26508462
       2      0.27878658
       3      0.33560451
       4      0.34200994
       5      0.35120153
       6      0.35512387
       7      0.32018465
       8      0.29272615
       9      0.30145577
      10      0.28096066
      11      0.27767721
      12      0.28647760
      13   0.3073
 
