       1       180.45404
       2       155.31527
       3       167.49052
       4       166.85813
       5       240.92842
       6       235.90351
       7       239.28441
       8       185.78903
       9       140.24921
      10       114.10230
      11       169.60538
      12       170.61277
      13  2166.59
 
       1       124.54611
       2       104.76880
       3       108.63237
       4       104.91874
       5       146.67588
       6       138.50740
       7       134.46156
       8       107.03328
       9       87.615309
      10       76.622952
      11       111.13227
      12       119.78998
      13  1364.70
 
       1       17.041610
       2       15.083829
       3       13.630480
       4       13.432348
       5       16.979743
       6       15.728943
       7       14.691868
       8       12.158035
       9       10.789965
      10       10.417567
      11       12.654467
      12       15.732231
      13   168.34
 
       1       22.887058
       2       19.799018
       3       21.009672
       4       22.800311
       5       33.494127
       6       44.128934
       7       48.443353
       8       33.521954
       9       18.920970
      10       15.041590
      11       18.548515
      12       21.737559
      13   320.33
 
       1       17.272082
       2       16.145206
       3       17.337479
       4       18.559839
       5       36.324251
       6       44.223048
       7       46.905230
       8       37.618444
       9       26.962911
      10       17.010245
      11       18.608772
      12       20.963004
      13   317.93
 
       1       14.778602
       2       16.767393
       3       21.267280
       4       25.333711
       5       36.261953
       6       36.609980
       7       31.246591
       8       23.158140
       9       18.182374
      10       14.720926
      11       15.541771
      12       14.424954
      13    22.36
 
       1 0.0
       2 0.0
       3 0.0
       4 0.0
       5 0.0
       6 0.0
       7 0.0
       8 0.0
       9 0.0
      10 0.0
      11 0.0
      12 0.0
      13 0.0
 
       1     0.014592990
       2     0.016529180
       3     0.020522632
       4     0.024335945
       5     0.035341875
       6     0.035477929
       7     0.029283392
       8     0.021430554
       9     0.016631981
      10     0.014002936
      11     0.014988897
      12     0.014239957
      13   0.0214
 
       1      0.84508709
       2      0.84348333
       3      0.84245245
       4      0.84268090
       5      0.84145439
       6      0.84346095
       7      0.84501029
       8      0.84452231
       9      0.84110098
      10      0.84277968
      11      0.84483965
      12      0.84409348
      13   0.8434
 
       1    0.0025236895
       2    0.0028601431
       3    0.0036081333
       4    0.0042818687
       5    0.0061483287
       6    0.0061755935
       7    0.0051857251
       8    0.0038337761
       9    0.0030071149
      10    0.0024854087
      11    0.0026315465
      12    0.0024628327
      13   0.0038
 
       1      0.27422900
       2      0.29409226
       3      0.31920810
       4      0.34975524
       5      0.38315662
       6      0.38316877
       7      0.34460273
       8      0.31735380
       9      0.30558638
      10      0.30174347
      11      0.30761008
      12      0.27872320
      13   0.3216
 
