       1       13.549085
       2       14.850501
       3       22.124113
       4       31.782537
       5       33.669899
       6       50.132365
       7       41.912231
       8       35.675688
       9       20.108062
      10       9.0814977
      11       9.0178668
      12       8.4510917
      13   290.35
 
       1       9.1780468
       2       9.4566759
       3       14.835004
       4       17.603839
       5       18.092607
       6       25.832805
       7       22.584771
       8       19.677695
       9       11.618862
      10       5.9625507
      11       6.6068012
      12       6.3779682
      13   167.83
 
       1       1.1788799
       2       1.3585869
       3       3.0256899
       4       3.7116853
       5       3.0652120
       6       3.2207600
       7       3.1658763
       8       2.5275029
       9       1.5678308
      10      0.83934242
      11      0.96730897
      12      0.82174737
      13    25.45
 
       1       1.5145985
       2       2.0644416
       3       3.5920314
       4       5.2511985
       5       6.5158288
       6       12.362756
       7       13.673414
       8       9.4709583
       9       3.3741077
      10      0.61664683
      11      0.84202881
      12      0.93057674
      13    60.21
 
       1      0.51593122
       2       1.2043761
       3       2.9260703
       4       4.5773534
       5       4.3202303
       6       5.5301953
       7       5.8842567
       8       4.2505204
       9       1.6890629
      10      0.31640389
      11      0.12879347
      12      0.11067246
      13    31.45
 
       1       1.0194204
       2       1.3738735
       3       4.2247342
       4       3.9673756
       5       3.7041228
       6       4.2100086
       7       3.8957262
       8       2.9222062
       9       1.8237251
      10      0.79184312
      11      0.82037256
      12      0.68643330
      13     2.45
 
       1 0.0
       2 0.0
       3 0.0
       4 0.0
       5 0.0
       6 0.0
       7 0.0
       8 0.0
       9 0.0
      10 0.0
      11 0.0
      12 0.0
      13 0.0
 
       1     0.022124591
       2     0.029011097
       3     0.092717922
       4     0.084099660
       5     0.075559167
       6     0.082627345
       7     0.074327774
       8     0.055255446
       9     0.035140674
      10     0.016220990
      11     0.017904848
      12     0.015633933
      13   0.0501
 
       1      0.87263928
       2      0.87010542
       3      0.87063368
       4      0.86942085
       5      0.86738979
       6      0.86449154
       7      0.86398972
       8      0.86629779
       9      0.86494741
      10      0.86943786
      11      0.87293278
      12      0.87599550
      13   0.8690
 
       1    0.0029432101
       2    0.0039140148
       3     0.012181059
       4     0.011214084
       5     0.010302797
       6     0.011421886
       7     0.010496974
       8    0.0078598223
       9    0.0049721263
      10    0.0022370844
      11    0.0023738612
      12    0.0020251926
      13   0.0068
 
       1      0.90173191
       2      0.88548290
       3      0.96942093
       4      0.96560627
       5      0.98125673
       6      0.98125765
       7      0.97097148
       8      0.97424926
       9      0.97623044
      10      0.94608060
      11      0.91743232
      12      0.93768023
      13   0.9506
 
