       1       478.24522
       2       423.85782
       3       477.98082
       4       477.60577
       5       514.76833
       6       489.83915
       7       503.91809
       8       542.59012
       9       487.60098
      10       444.78514
      11       425.78660
      12       461.88200
      13  5728.86
 
       1       290.89251
       2       260.62808
       3       294.95783
       4       297.76910
       5       316.96405
       6       298.00222
       7       304.53194
       8       331.47971
       9       303.43669
      10       277.71221
      11       263.83391
      12       278.72976
      13  3518.94
 
       1       36.411818
       2       33.192651
       3       36.937594
       4       35.741493
       5       38.770317
       6       36.911143
       7       38.741526
       8       41.088318
       9       37.456785
      10       33.674644
      11       32.138641
      12       34.739472
      13   435.80
 
       1       129.43540
       2       111.15740
       3       122.88866
       4       124.67968
       5       131.70308
       6       129.21920
       7       135.65174
       8       144.74010
       9       124.84367
      10       115.28019
      11       111.38424
      12       126.07641
      13  1507.06
 
       1       20.932117
       2       19.254593
       3       21.682908
       4       21.509303
       5       26.293404
       6       24.366075
       7       25.419979
       8       25.695988
       9       22.282764
      10       18.574528
      11       18.498732
      12       20.773170
      13   265.28
 
       1       5.7328400
       2       5.9916699
       3       5.8229062
       4       5.7990309
       5       6.0936802
       6       6.1702873
       7       6.3268776
       8       6.6804647
       9       6.2324737
      10       5.3833408
      11       5.3097714
      12       5.4523528
      13     5.92
 
       1 0.0
       2 0.0
       3 0.0
       4 0.0
       5 0.0
       6 0.0
       7 0.0
       8 0.0
       9 0.0
      10 0.0
      11 0.0
      12 0.0
      13 0.0
 
       1     0.023772981
       2     0.025081386
       3     0.024445674
       4     0.024453064
       5     0.025212980
       6     0.025046843
       7     0.025595278
       8     0.027457307
       9     0.026056284
      10     0.022391587
      11     0.022024668
      12     0.022471611
      13   0.0245
 
       1       1.0000000
       2       1.0000000
       3       1.0000000
       4       1.0000000
       5       1.0000000
       6       1.0000000
       7       1.0000000
       8       1.0000000
       9       1.0000000
      10       1.0000000
      11       1.0000000
      12       1.0000000
      13   1.0000
 
       1       0.0000000
       2       0.0000000
       3       0.0000000
       4       0.0000000
       5       0.0000000
       6       0.0000000
       7       0.0000000
       8       0.0000000
       9       0.0000000
      10       0.0000000
      11       0.0000000
      12       0.0000000
      13   0.0000
 
       1      0.74390492
       2      0.72383129
       3      0.67657723
       4      0.65145361
       5      0.63365957
       6      0.60825547
       7      0.63902812
       8      0.68707755
       9      0.69125981
      10      0.71352789
      11      0.70482823
      12      0.70330506
      13   0.6814
 
