       1       181.03047
       2       147.89991
       3       174.36900
       4       160.93323
       5       265.90171
       6       235.22103
       7       235.63256
       8       187.59138
       9       132.39499
      10       93.353874
      11       137.66198
      12       152.47936
      13  2104.47
 
       1       122.79901
       2       102.93108
       3       109.86705
       4       105.94491
       5       159.39286
       6       142.33646
       7       132.26237
       8       110.41500
       9       84.711355
      10       61.953566
      11       94.433682
      12       104.73440
      13  1331.78
 
       1       16.100485
       2       15.132659
       3       13.069191
       4       13.942482
       5       17.538397
       6       16.654183
       7       14.402126
       8       12.550135
       9       10.722761
      10       8.2669649
      11       11.460641
      12       13.370774
      13   163.21
 
       1       21.087853
       2       18.715357
       3       19.677052
       4       22.321636
       5       34.506078
       6       45.282592
       7       48.094204
       8       31.071563
       9       18.010258
      10       12.119564
      11       15.032137
      12       18.369322
      13   304.29
 
       1       17.181255
       2       15.399549
       3       16.691719
       4       17.781545
       5       35.665805
       6       46.302070
       7       45.605337
       8       40.135580
       9       26.360181
      10       12.874056
      11       18.997393
      12       13.641965
      13   306.64
 
       1       14.656546
       2       15.241520
       3       18.516336
       4       26.838835
       5       39.209572
       6       42.369945
       7       31.404312
       8       24.647305
       9       18.976530
      10       11.762029
      11       13.847982
      12       12.461754
      13    22.49
 
       1 0.0
       2 0.0
       3 0.0
       4 0.0
       5 0.0
       6 0.0
       7 0.0
       8 0.0
       9 0.0
      10 0.0
      11 0.0
      12 0.0
      13 0.0
 
       1     0.017848338
       2     0.018641894
       3     0.021874666
       4     0.032608671
       5     0.047701397
       6     0.052814046
       7     0.036538527
       8     0.028554551
       9     0.022104822
      10     0.013767432
      11     0.016794033
      12     0.015136781
      13   0.0270
 
       1      0.86223372
       2      0.86183360
       3      0.85875829
       4      0.86041705
       5      0.85950208
       6      0.86152826
       7      0.86404342
       8      0.86482379
       9      0.86189104
      10      0.86163670
      11      0.86356508
      12      0.86457534
      13   0.8621
 
       1    0.0027167761
       2    0.0028329172
       3    0.0033931541
       4    0.0049875478
       5    0.0072508729
       6    0.0079033674
       7    0.0056626182
       8    0.0044495797
       9    0.0034512157
      10    0.0021568288
      11    0.0025710688
      12    0.0023080039
      13   0.0041
 
       1      0.28515940
       2      0.28831819
       3      0.31803150
       4      0.35905701
       5      0.40909652
       6      0.42635902
       7      0.38063533
       8      0.34450202
       9      0.33182090
      10      0.31596409
      11      0.30207307
      12      0.29552979
      13   0.3380
 
