       1       168.06575
       2       245.10821
       3       159.51727
       4       170.62364
       5       195.40259
       6       210.27176
       7       221.99874
       8       173.13804
       9       140.57664
      10       109.31616
      11       113.54733
      12       174.77004
      13  2082.34
 
       1       115.51294
       2       160.75947
       3       106.09936
       4       106.47892
       5       122.51765
       6       123.94283
       7       123.50652
       8       103.93446
       9       88.650985
      10       72.032205
      11       76.395298
      12       118.41817
      13  1318.25
 
       1       16.175859
       2       21.394108
       3       15.392541
       4       14.090124
       5       16.018854
       6       14.679395
       7       13.995970
       8       12.569645
       9       11.117754
      10       9.3969990
      11       9.4703915
      12       15.075008
      13   169.38
 
       1       23.336603
       2       28.180441
       3       21.179424
       4       22.827305
       5       29.201757
       6       37.028581
       7       47.078966
       8       30.878466
       9       19.983296
      10       14.297566
      11       13.697537
      12       22.558747
      13   310.25
 
       1       16.678698
       2       23.440506
       3       18.537689
       4       17.516946
       5       30.073650
       6       34.947325
       7       39.899729
       8       33.744732
       9       25.413706
      10       16.326705
      11       14.307162
      12       17.441023
      13   288.33
 
       1       14.240279
       2       21.975564
       3       19.996887
       4       24.171584
       5       31.223362
       6       29.242027
       7       26.732487
       8       22.703887
       9       18.110909
      10       13.101725
      11       11.770647
      12       14.117057
      13    20.62
 
       1 0.0
       2 0.0
       3 0.0
       4 0.0
       5 0.0
       6 0.0
       7 0.0
       8 0.0
       9 0.0
      10 0.0
      11 0.0
      12 0.0
      13 0.0
 
       1     0.017062841
       2     0.026486221
       3     0.023927657
       4     0.028108616
       5     0.036677799
       6     0.033387691
       7     0.029831400
       8     0.025409336
       9     0.020267459
      10     0.014915075
      11     0.013648888
      12     0.016750196
      13   0.0239
 
       1      0.93073591
       2      0.93116688
       3      0.93143116
       4      0.93059006
       5      0.92942242
       6      0.92987615
       7      0.93124209
       8      0.93141247
       9      0.93021561
      10      0.93090687
      11      0.93133799
      12      0.93110283
      13   0.9308
 
       1    0.0013013087
       2    0.0020055219
       3    0.0018288092
       4    0.0021878957
       5    0.0028339398
       6    0.0026144490
       7    0.0023596009
       8    0.0020130673
       9    0.0016110351
      10    0.0011796988
      11    0.0010671185
      12    0.0012850897
      13   0.0019
 
       1      0.29637309
       2      0.30158637
       3      0.32678343
       4      0.34953857
       5      0.38533419
       6      0.39298915
       7      0.34048983
       8      0.32174023
       9      0.31975429
      10      0.30754694
      11      0.30367210
      12      0.29190143
      13   0.3281
 
