       1       109.15377
       2       205.58296
       3       181.48196
       4       196.12408
       5       243.31106
       6       236.98414
       7       248.94862
       8       202.32526
       9       159.95192
      10       126.44666
      11       180.87497
      12       204.94927
      13  2296.13
 
       1       74.436836
       2       132.32262
       3       118.15435
       4       122.28551
       5       151.50469
       6       135.84916
       7       135.51302
       8       116.26343
       9       97.662324
      10       85.314672
      11       121.16620
      12       136.64826
      13  1427.12
 
       1       10.041761
       2       17.771383
       3       16.196065
       4       15.954559
       5       18.301814
       6       15.809533
       7       15.148911
       8       13.742261
       9       11.697153
      10       11.596665
      11       14.682188
      12       17.594070
      13   178.54
 
       1       14.402616
       2       23.235684
       3       22.487649
       4       27.771944
       5       38.133848
       6       44.545366
       7       54.637321
       8       36.114007
       9       19.301828
      10       16.934855
      11       19.971202
      12       27.054292
      13   344.59
 
       1       10.472750
       2       17.220093
       3       20.288050
       4       23.557286
       5       39.988721
       6       39.981526
       7       48.609795
       8       42.669556
       9       30.962001
      10       22.080142
      11       21.480012
      12       22.436625
      13   339.75
 
       1       9.7975427
       2       19.893333
       3       22.287038
       4       27.809392
       5       40.815502
       6       34.724041
       7       30.937331
       8       25.974910
       9       20.068581
      10       17.072585
      11       17.145463
      12       15.238826
      13    23.48
 
       1 0.0
       2 0.0
       3 0.0
       4 0.0
       5 0.0
       6 0.0
       7 0.0
       8 0.0
       9 0.0
      10 0.0
      11 0.0
      12 0.0
      13 0.0
 
       1    0.0093500223
       2     0.019517917
       3     0.021687466
       4     0.026805500
       5     0.039801192
       6     0.032982787
       7     0.028608426
       8     0.023966355
       9     0.018372343
      10     0.016268346
      11     0.016632005
      12     0.014888965
      13   0.0224
 
       1      0.88316569
       2      0.88258773
       3      0.88228572
       4      0.88174905
       5      0.88036093
       6      0.88166261
       7      0.88434042
       8      0.88486946
       9      0.88210040
      10      0.88371253
      11      0.88438602
      12      0.88545728
      13   0.8831
 
       1    0.0012539780
       2    0.0025491895
       3    0.0028580042
       4    0.0035526384
       5    0.0052267364
       6    0.0043960505
       7    0.0038643563
       8    0.0032515298
       9    0.0025139092
      10    0.0021797225
      11    0.0021966717
      12    0.0019527857
      13   0.0030
 
       1      0.26952081
       2      0.31169098
       3      0.30983904
       4      0.34758004
       5      0.39007459
       6      0.40728574
       7      0.34656893
       8      0.32611962
       9      0.32073531
      10      0.30536939
      11      0.28683637
      12      0.27200859
      13   0.3245
 
