       1       508.44869
       2       438.79755
       3       483.17272
       4       462.01852
       5       498.42895
       6       501.12096
       7       515.71002
       8       524.17111
       9       490.87547
      10       490.87772
      11       438.01791
      12       464.56480
      13  5816.20
 
       1       307.28838
       2       271.16545
       3       299.60104
       4       286.13472
       5       305.77985
       6       303.23412
       7       312.74648
       8       319.00408
       9       300.00583
      10       308.38560
      11       270.96611
      12       283.93117
      13  3568.24
 
       1       38.454343
       2       33.571775
       3       37.575823
       4       35.077539
       5       36.953602
       6       38.376814
       7       38.430903
       8       39.565310
       9       37.874007
      10       37.008399
      11       32.640814
      12       34.665945
      13   440.20
 
       1       140.01592
       2       116.35313
       3       124.93247
       4       119.78435
       5       129.39973
       6       134.50545
       7       139.25276
       8       138.33299
       9       130.42940
      10       125.46895
      11       115.59312
      12       125.83584
      13  1539.90
 
       1       22.541711
       2       18.294595
       3       20.937320
       4       21.154382
       5       25.136938
       6       25.376107
       7       24.832312
       8       26.021266
       9       24.287291
      10       20.278338
      11       18.725145
      12       20.796506
      13   268.38
 
       1       6.1422889
       2       5.8625915
       3       5.9561793
       4       5.6872506
       5       5.8143493
       6       6.4579438
       7       6.2847746
       8       6.3507529
       9       6.3501484
      10       5.7735082
      11       5.3562080
      12       5.6067064
      13     5.97
 
       1 0.0
       2 0.0
       3 0.0
       4 0.0
       5 0.0
       6 0.0
       7 0.0
       8 0.0
       9 0.0
      10 0.0
      11 0.0
      12 0.0
      13 0.0
 
       1     0.025409700
       2     0.024631087
       3     0.024959816
       4     0.023654271
       5     0.024006169
       6     0.026075119
       7     0.025484585
       8     0.026271787
       9     0.025945280
      10     0.024301659
      11     0.022390557
      12     0.023324359
      13   0.0247
 
       1       1.0000000
       2       1.0000000
       3       1.0000000
       4       1.0000000
       5       1.0000000
       6       1.0000000
       7       1.0000000
       8       1.0000000
       9       1.0000000
      10       1.0000000
      11       1.0000000
      12       1.0000000
      13   1.0000
 
       1       0.0000000
       2       0.0000000
       3       0.0000000
       4       0.0000000
       5       0.0000000
       6       0.0000000
       7       0.0000000
       8       0.0000000
       9       0.0000000
      10       0.0000000
      11       0.0000000
      12       0.0000000
      13   0.0000
 
       1      0.72342498
       2      0.72901795
       3      0.68924378
       4      0.64972315
       5      0.61747845
       6      0.60061442
       7      0.64909183
       8      0.68438732
       9      0.68966801
      10      0.70146435
      11      0.72328649
      12      0.70630979
      13   0.6803
 
