       1       459.10759
       2       455.25118
       3       464.75563
       4       481.39623
       5       504.11618
       6       497.56296
       7       539.06209
       8       511.02957
       9       449.20981
      10       512.22492
      11       441.62619
      12       494.57121
      13  5809.91
 
       1       273.53532
       2       275.23582
       3       286.53884
       4       296.67108
       5       310.22749
       6       300.13393
       7       326.85782
       8       312.05470
       9       275.25881
      10       313.46213
      11       269.56534
      12       300.49601
      13  3540.04
 
       1       35.700398
       2       34.786898
       3       34.953596
       4       36.495777
       5       37.441557
       6       37.428083
       7       40.993796
       8       38.830843
       9       34.234232
      10       38.211194
      11       32.989888
      12       37.287596
      13   439.35
 
       1       127.95518
       2       124.03394
       3       123.50174
       4       125.24539
       5       130.91647
       6       132.69548
       7       145.68002
       8       137.13333
       9       119.89118
      10       136.86407
      11       118.82430
      12       134.37029
      13  1557.11
 
       1       23.429759
       2       19.729157
       3       20.560874
       4       22.874921
       5       25.336509
       6       25.624393
       7       26.436646
       8       23.031970
       9       21.670817
      10       22.688013
      11       20.549166
      12       21.987778
      13   273.92
 
       1       5.6719416
       2       6.0415883
       3       5.5337357
       4       5.9210617
       5       5.8898225
       6       6.1683743
       7       6.6883947
       8       6.2992720
       9       5.6885122
      10       6.0651266
      11       5.4213644
      12       5.9237057
      13     5.94
 
       1 0.0
       2 0.0
       3 0.0
       4 0.0
       5 0.0
       6 0.0
       7 0.0
       8 0.0
       9 0.0
      10 0.0
      11 0.0
      12 0.0
      13 0.0
 
       1     0.023154870
       2     0.024871501
       3     0.023207662
       4     0.024694238
       5     0.024433526
       6     0.025091249
       7     0.027339882
       8     0.025889901
       9     0.023635432
      10     0.025035571
      11     0.022433723
      12     0.024340490
      13   0.0245
 
       1       1.0000000
       2       1.0000000
       3       1.0000000
       4       1.0000000
       5       1.0000000
       6       1.0000000
       7       1.0000000
       8       1.0000000
       9       1.0000000
      10       1.0000000
      11       1.0000000
      12       1.0000000
      13   1.0000
 
       1       0.0000000
       2       0.0000000
       3       0.0000000
       4       0.0000000
       5       0.0000000
       6       0.0000000
       7       0.0000000
       8       0.0000000
       9       0.0000000
      10       0.0000000
      11       0.0000000
      12       0.0000000
      13   0.0000
 
       1      0.72922405
       2      0.71877144
       3      0.66288935
       4      0.63948392
       5      0.60409073
       6      0.60728443
       7      0.64846342
       8      0.67545856
       9      0.67511108
      10      0.69462913
      11      0.70881944
      12      0.73492599
      13   0.6749
 
