       1       25.194923
       2       28.677952
       3       36.416248
       4       17.125017
       5       21.351360
       6       22.200851
       7       18.594569
       8       15.208670
       9       12.563593
      10       14.426350
      11       22.891178
      12       24.052813
      13   258.70
 
       1       12.985608
       2       15.179311
       3       19.564143
       4       10.343724
       5       12.395933
       6       13.542452
       7       11.041211
       8       9.4080233
       9       7.5787403
      10       7.9257744
      11       11.701159
      12       12.310171
      13   143.98
 
       1       2.1240967
       2       2.3810431
       3       3.0502479
       4       1.4284035
       5       1.7194458
       6       1.7639240
       7       1.4132450
       8       1.1825310
       9       1.0150665
      10       1.1838934
      11       1.7538024
      12       1.8933104
      13    20.91
 
       1       7.9871173
       2       9.3382219
       3       10.911484
       4       4.2515020
       5       6.2391929
       6       5.9725050
       7       5.9983885
       8       4.5499226
       9       3.9512657
      10       5.1831302
      11       7.8543206
      12       8.1572345
      13    80.39
 
       1       1.4863172
       2       1.2699987
       3       1.3046231
       4      0.70626801
       5      0.96093858
       6      0.90103818
       7      0.65223294
       8      0.84553786
       9      0.98722675
      10       1.2794504
      11       1.5194984
      12       1.6155886
      13    13.53
 
       1      0.36725584
       2      0.49296466
       3      0.57755729
       4      0.29761872
       5      0.37599445
       6      0.42140825
       7      0.34475235
       8      0.28875424
       9      0.22330473
      10      0.21069302
      11      0.30656295
      12      0.31396231
      13     0.35
 
       1 0.0
       2 0.0
       3 0.0
       4 0.0
       5 0.0
       6 0.0
       7 0.0
       8 0.0
       9 0.0
      10 0.0
      11 0.0
      12 0.0
      13 0.0
 
       1     0.013705475
       2     0.018399330
       3     0.022300378
       4     0.012146891
       5     0.015139423
       6     0.017937601
       7     0.014091040
       8     0.012192854
       9    0.0091487733
      10    0.0080699297
      11     0.011573035
      12     0.011710568
      13   0.0139
 
       1       1.0000000
       2       1.0000000
       3       1.0000000
       4       1.0000000
       5       1.0000000
       6       1.0000000
       7       1.0000000
       8       1.0000000
       9       1.0000000
      10       1.0000000
      11       1.0000000
      12       1.0000000
      13   1.0000
 
       1       0.0000000
       2       0.0000000
       3       0.0000000
       4       0.0000000
       5       0.0000000
       6       0.0000000
       7       0.0000000
       8       0.0000000
       9       0.0000000
      10       0.0000000
      11       0.0000000
      12       0.0000000
      13   0.0000
 
       1      0.32344787
       2      0.27114968
       3      0.21838566
       4      0.11683380
       5      0.16772545
       6      0.15291671
       7      0.18697680
       8      0.18954230
       9      0.18577416
      10      0.32348233
      11      0.39839956
      12      0.34076568
      13   0.2396
 
