       1       117.24314
       2       135.96042
       3       189.47950
       4       276.73223
       5       189.71305
       6       238.95216
       7       249.84771
       8       196.46368
       9       128.97984
      10       135.48023
      11       153.48170
      12       170.92311
      13  2183.26
 
       1       79.311869
       2       90.391027
       3       118.67939
       4       174.09775
       5       114.71279
       6       139.41395
       7       138.16180
       8       112.42795
       9       81.214610
      10       88.497026
      11       101.62178
      12       117.66047
      13  1356.19
 
       1       10.124329
       2       12.174627
       3       14.903092
       4       21.806890
       5       15.028262
       6       15.833057
       7       14.848780
       8       13.125650
       9       10.182279
      10       10.638147
      11       12.812660
      12       15.696477
      13   167.17
 
       1       16.441317
       2       17.613641
       3       22.632358
       4       37.010239
       5       26.253357
       6       45.911456
       7       49.263993
       8       35.351487
       9       19.177808
      10       13.735941
      11       17.190598
      12       23.484184
      13   324.07
 
       1       11.088691
       2       14.785312
       3       19.006608
       4       38.524201
       5       29.468455
       6       45.515454
       7       49.680959
       8       40.648849
       9       28.542295
      10       22.592601
      11       17.607657
      12       22.236287
      13   339.70
 
       1       10.966863
       2       14.726280
       3       20.963370
       4       39.731911
       5       27.828336
       6       37.107909
       7       32.158182
       8       24.246655
       9       17.815205
      10       15.243247
      11       13.725568
      12       13.749062
      13    22.36
 
       1 0.0
       2 0.0
       3 0.0
       4 0.0
       5 0.0
       6 0.0
       7 0.0
       8 0.0
       9 0.0
      10 0.0
      11 0.0
      12 0.0
      13 0.0
 
       1     0.010613198
       2     0.014233886
       3     0.019924187
       4     0.039226578
       5     0.026703521
       6     0.035113445
       7     0.029622175
       8     0.022283405
       9     0.016370719
      10     0.014175949
      11     0.013120756
      12     0.013495866
      13   0.0212
 
       1      0.88269503
       2      0.88262011
       3      0.88209477
       4      0.88247492
       5      0.88252466
       6      0.88146179
       7      0.88304010
       8      0.88487812
       9      0.88227697
      10      0.88256041
      11      0.88393089
      12      0.88425841
      13   0.8829
 
       1    0.0014096304
       2    0.0018895436
       3    0.0026653373
       4    0.0050928134
       5    0.0035454299
       6    0.0046925533
       7    0.0040137515
       8    0.0030318755
       9    0.0022398336
      10    0.0019261856
      11    0.0017511426
      12    0.0017690223
      13   0.0028
 
       1      0.27506359
       2      0.28904840
       3      0.29338579
       4      0.35917275
       5      0.36144217
       6      0.38058313
       7      0.34424332
       8      0.32035467
       9      0.30525222
      10      0.27340128
      11      0.26164381
      12      0.28199546
      13   0.3121
 
