       1       7.3671949
       2       11.342829
       3       19.985421
       4       23.390160
       5       46.267044
       6       51.343829
       7       36.675139
       8       26.362039
       9       16.100120
      10       9.8680645
      11       9.4952573
      12       7.2218474
      13   265.42
 
       1       5.4205463
       2       7.4413754
       3       12.617353
       4       13.815332
       5       25.406441
       6       26.218218
       7       20.868724
       8       15.356253
       9       9.2452879
      10       6.7320191
      11       6.2992550
      12       5.7642395
      13   155.19
 
       1      0.75380125
       2      0.99449107
       3       2.0524455
       4       2.5921334
       5       3.8393369
       6       3.4550802
       7       3.0392634
       8       2.2738899
       9       1.2232640
      10       1.0672210
      11      0.89095684
      12      0.80494930
      13    22.99
 
       1      0.50050900
       2       1.0147318
       3       3.2578369
       4       3.0678886
       5       8.0900102
       6       16.767720
       7       11.579049
       8       7.0929990
       9       2.2542004
      10       1.2041953
      11      0.74693348
      12       1.8231637
      13    57.40
 
       1     0.050761658
       2      0.28367855
       3       1.7294353
       4       2.8006789
       5       5.4518088
       6       7.8523284
       7       5.9273423
       8       4.7934437
       9       1.9738128
      10      0.41295668
      11     0.088933333
      12      0.65269377
      13    32.02
 
       1      0.57359175
       2       1.1389154
       3       2.5925655
       4       3.4260930
       5       5.6460115
       6       4.9408696
       7       3.4791369
       8       2.4315228
       9       1.3845322
      10       1.2596311
      11      0.78889711
      12      0.70245566
      13     2.36
 
       1 0.0
       2 0.0
       3 0.0
       4 0.0
       5 0.0
       6 0.0
       7 0.0
       8 0.0
       9 0.0
      10 0.0
      11 0.0
      12 0.0
      13 0.0
 
       1     0.016469111
       2     0.030693829
       3     0.070495454
       4     0.093392704
       5      0.15185440
       6      0.12593777
       7     0.084653400
       8     0.058745581
       9     0.034109513
      10     0.035484558
      11     0.022938324
      12     0.019482926
      13   0.0620
 
       1      0.89107907
       2      0.88668678
       3      0.88600081
       4      0.88640731
       5      0.88637284
       6      0.88498737
       7      0.88471749
       8      0.88136618
       9      0.88300575
      10      0.88765802
      11      0.89134830
      12      0.88770398
      13   0.8864
 
       1    0.0018824001
       2    0.0036212029
       3    0.0082013049
       4     0.010877375
       5     0.017666768
       6     0.015009892
       7     0.010403195
       8    0.0072773772
       9    0.0042001680
      10    0.0040750013
      11    0.0025934632
      12    0.0022685055
      13   0.0073
 
       1      0.88467111
       2      0.84169401
       3      0.95183496
       4      0.96584333
       5      0.98532106
       6      0.98145616
       7      0.97487824
       8      0.97206500
       9      0.97478534
      10      0.97580369
      11      0.95666040
      12      0.94329014
      13   0.9507
 
