       1       7.0974108
       2       10.943980
       3       15.418037
       4       31.533013
       5       43.727128
       6       56.520038
       7       36.732072
       8       31.282609
       9       20.168558
      10       12.414432
      11       6.4364409
      12       7.9502897
      13   280.22
 
       1       5.2449851
       2       6.9399711
       3       10.653822
       4       18.950773
       5       23.273998
       6       28.863507
       7       20.854380
       8       17.784638
       9       11.440270
      10       8.1920963
      11       4.8927227
      12       5.9054828
      13   163.00
 
       1      0.74286416
       2      0.86148699
       3       1.9307865
       4       3.7308017
       5       3.4229697
       6       3.5704354
       7       3.1314734
       8       2.4670280
       9       1.5202341
      10       1.2145778
      11      0.69690423
      12      0.78541349
      13    24.07
 
       1      0.78989043
       2      0.92376821
       3       3.6844995
       4       5.6517411
       5       7.3238855
       6       15.527299
       7       12.831615
       8       8.4689544
       9       4.0184052
      10       1.0284913
      11      0.83470256
      12      0.33380048
      13    61.42
 
       1      0.18092920
       2      0.29075562
       3       2.3953122
       4       5.0643322
       5       5.8255113
       6       7.5868699
       7       6.3242154
       8       5.0505662
       9       2.8103978
      10      0.35996726
      11      0.12571407
      12     0.078453470
      13    36.09
 
       1      0.55638557
       2      0.88184378
       3       2.4925187
       4       4.4637024
       5       4.4739129
       6       4.8083508
       7       3.5462230
       8       2.7083898
       9       1.7279326
      10       1.1998406
      11      0.73737087
      12      0.53003565
      13     2.34
 
       1 0.0
       2 0.0
       3 0.0
       4 0.0
       5 0.0
       6 0.0
       7 0.0
       8 0.0
       9 0.0
      10 0.0
      11 0.0
      12 0.0
      13 0.0
 
       1     0.012877022
       2     0.017781187
       3     0.052018492
       4     0.094434329
       5     0.094311326
       6     0.095333249
       7     0.068197455
       8     0.051484832
       9     0.033531779
      10     0.025301540
      11     0.016132956
      12     0.011847607
      13   0.0478
 
       1      0.87606683
       2      0.86679798
       3      0.86653238
       4      0.86873289
       5      0.87097890
       6      0.86755582
       7      0.86687704
       8      0.86632669
       9      0.86517600
      10      0.86988108
      11      0.87253870
      12      0.87630915
      13   0.8695
 
       1    0.0016464219
       2    0.0024730176
       3    0.0070641871
       4     0.012646680
       5     0.012561620
       6     0.013100887
       7    0.0095922961
       8    0.0073161818
       9    0.0047254972
      10    0.0034178640
      11    0.0021458158
      12    0.0015529021
      13   0.0065
 
       1      0.91036066
       2      0.84403260
       3      0.94937422
       4      0.96993201
       5      0.98284516
       6      0.98276658
       7      0.97303438
       8      0.95173929
       9      0.97887694
      10      0.93259338
      11      0.94581066
      12      0.84030927
      13   0.9385
 
