       1       8.7370154
       2       10.662885
       3       18.551592
       4       22.302335
       5       41.948405
       6       57.688695
       7       38.076741
       8       28.331360
       9       20.544860
      10       12.458011
      11       6.2373460
      12       8.3846687
      13   273.92
 
       1       6.5116436
       2       7.9428752
       3       11.732289
       4       14.170851
       5       23.169947
       6       30.081095
       7       21.632041
       8       15.481647
       9       11.881034
      10       7.7941857
      11       4.8773980
      12       6.1397546
      13   161.41
 
       1      0.92744662
       2       1.3282605
       3       1.8784172
       4       3.1333749
       5       3.2784918
       6       3.6363776
       7       3.1150775
       8       2.0286844
       9       1.4696219
      10       1.0260020
      11      0.75344048
      12      0.83269806
      13    23.41
 
       1      0.52624544
       2       2.0288022
       3       2.5715288
       4       4.7683117
       5       7.2779619
       6       14.433879
       7       11.919903
       8       7.0089495
       9       3.2995743
      10      0.89223955
      11      0.69416716
      12      0.60671228
      13    56.03
 
       1      0.17648449
       2      0.50093433
       3       1.6699316
       4       3.6105326
       5       4.3268266
       6       7.5739028
       7       7.3263444
       8       4.1718257
       9       2.5683677
      10      0.38967187
      11      0.10045335
      12     0.087348113
      13    32.50
 
       1      0.78036105
       2       1.6546790
       3       2.1478242
       4       4.9672209
       5       4.1834008
       6       4.8904019
       7       3.5849038
       8       2.3972067
       9       1.8107236
      10       1.0349723
      11      0.81561947
      12      0.68754366
      13     2.41
 
       1 0.0
       2 0.0
       3 0.0
       4 0.0
       5 0.0
       6 0.0
       7 0.0
       8 0.0
       9 0.0
      10 0.0
      11 0.0
      12 0.0
      13 0.0
 
       1     0.022493233
       2     0.044907899
       3     0.055693425
       4      0.13963654
       5      0.10827414
       6      0.12084580
       7     0.086738646
       8     0.056444268
       9     0.044277666
      10     0.027186801
      11     0.022660159
      12     0.019260505
      13   0.0624
 
       1      0.85481300
       2      0.84874258
       3      0.84834841
       4      0.85144817
       5      0.84942384
       6      0.84608932
       7      0.84628011
       8      0.84518218
       9      0.84492836
      10      0.85095532
      11      0.85255212
      12      0.85470064
      13   0.8495
 
       1    0.0033635988
       2    0.0069177290
       3    0.0087230536
       4     0.020937525
       5     0.016763561
       6     0.019031729
       7     0.013869584
       8    0.0091906976
       9    0.0071081545
      10    0.0042426170
      11    0.0034640353
      12    0.0029185298
      13   0.0097
 
       1      0.89386958
       2      0.95999016
       3      0.91503559
       4      0.97958981
       5      0.98632913
       6      0.98740380
       7      0.97867703
       8      0.97262080
       9      0.97928132
      10      0.92853929
      11      0.89897971
      12      0.86204493
      13   0.9452
 
