       1       477.78612
       2       445.45377
       3       522.32664
       4       482.44630
       5       504.66136
       6       516.27357
       7       485.06883
       8       487.49427
       9       473.79951
      10       462.47702
      11       450.97346
      12       444.57077
      13  5753.33
 
       1       285.87302
       2       270.88207
       3       316.81960
       4       295.38564
       5       310.37918
       6       316.41582
       7       291.84905
       8       298.80686
       9       293.48610
      10       285.02151
      11       280.47835
      12       267.27489
      13  3512.67
 
       1       37.264439
       2       34.118280
       3       40.628267
       4       36.451924
       5       37.910496
       6       38.872208
       7       36.746496
       8       37.191943
       9       36.293026
      10       34.689892
      11       33.632892
      12       33.570653
      13   437.37
 
       1       132.72506
       2       119.13726
       3       140.70067
       4       126.59685
       5       131.82295
       6       136.66407
       7       131.94818
       8       128.66301
       9       123.93197
      10       122.02709
      11       117.41338
      12       123.22737
      13  1534.86
 
       1       22.267111
       2       20.508982
       3       23.826081
       4       23.705201
       5       25.660598
       6       23.395024
       7       24.481617
       8       23.061278
       9       21.486908
      10       19.712855
      11       19.938471
      12       20.997859
      13   269.04
 
       1       6.0064885
       2       5.9920218
       3       6.2692233
       4       5.8585298
       5       6.0686656
       6       6.5208889
       7       5.9975223
       8       6.1404284
       9       5.9904726
      10       5.4825586
      11       5.4874532
      12       5.3162659
      13     5.93
 
       1 0.0
       2 0.0
       3 0.0
       4 0.0
       5 0.0
       6 0.0
       7 0.0
       8 0.0
       9 0.0
      10 0.0
      11 0.0
      12 0.0
      13 0.0
 
       1     0.024449075
       2     0.024839476
       3     0.025989027
       4     0.024274258
       5     0.025168829
       6     0.026893474
       7     0.024097344
       8     0.025249950
       9     0.025055355
      10     0.022943066
      11     0.023028577
      12     0.021694898
      13   0.0245
 
       1       1.0000000
       2       1.0000000
       3       1.0000000
       4       1.0000000
       5       1.0000000
       6       1.0000000
       7       1.0000000
       8       1.0000000
       9       1.0000000
      10       1.0000000
      11       1.0000000
      12       1.0000000
      13   1.0000
 
       1       0.0000000
       2       0.0000000
       3       0.0000000
       4       0.0000000
       5       0.0000000
       6       0.0000000
       7       0.0000000
       8       0.0000000
       9       0.0000000
      10       0.0000000
      11       0.0000000
      12       0.0000000
      13   0.0000
 
       1      0.68277635
       2      0.69423194
       3      0.65312602
       4      0.61404736
       5      0.57580455
       6      0.56075345
       7      0.57358976
       8      0.62601862
       9      0.66640324
      10      0.67628177
      11      0.68251489
      12      0.68920070
      13   0.6412
 
