       1       498.03520
       2       438.76604
       3       502.99558
       4       479.57443
       5       487.12933
       6       526.34608
       7       512.79030
       8       534.33902
       9       465.30617
      10       472.55672
      11       460.58140
      12       468.51834
      13  5846.94
 
       1       300.21902
       2       265.03356
       3       311.79219
       4       295.32942
       5       295.99090
       6       321.03445
       7       309.38515
       8       327.01765
       9       287.03762
      10       291.24759
      11       286.20792
      12       283.66184
      13  3573.96
 
       1       38.237364
       2       33.488664
       3       38.689856
       4       36.368719
       5       35.983608
       6       39.634102
       7       38.792315
       8       41.181869
       9       35.591292
      10       35.210452
      11       34.744586
      12       35.338416
      13   443.26
 
       1       134.32119
       2       120.20480
       3       132.38731
       4       123.99993
       5       130.31836
       6       139.52486
       7       138.44070
       8       141.12375
       9       120.37388
      10       123.38296
      11       120.39731
      12       128.06818
      13  1552.54
 
       1       23.990949
       2       19.725828
       3       21.634163
       4       22.512635
       5       24.444967
       6       25.976115
       7       27.295410
       8       24.622184
       9       22.726552
      10       21.728137
      11       20.479605
      12       21.026899
      13   276.16
 
       1       6.1991016
       2       5.7242527
       3       6.1026253
       4       5.8405842
       5       5.8467708
       6       6.6584208
       7       6.3192250
       8       6.6322582
       9       5.7916784
      10       5.6173335
      11       5.7296874
      12       5.6089237
      13     6.01
 
       1 0.0
       2 0.0
       3 0.0
       4 0.0
       5 0.0
       6 0.0
       7 0.0
       8 0.0
       9 0.0
      10 0.0
      11 0.0
      12 0.0
      13 0.0
 
       1     0.025367393
       2     0.023616338
       3     0.025625486
       4     0.024261784
       5     0.023777013
       6     0.027331289
       7     0.025668834
       8     0.027414187
       9     0.024160260
      10     0.023204335
      11     0.023872267
      12     0.023074004
      13   0.0248
 
       1       1.0000000
       2       1.0000000
       3       1.0000000
       4       1.0000000
       5       1.0000000
       6       1.0000000
       7       1.0000000
       8       1.0000000
       9       1.0000000
      10       1.0000000
      11       1.0000000
      12       1.0000000
      13   1.0000
 
       1       0.0000000
       2       0.0000000
       3       0.0000000
       4       0.0000000
       5       0.0000000
       6       0.0000000
       7       0.0000000
       8       0.0000000
       9       0.0000000
      10       0.0000000
      11       0.0000000
      12       0.0000000
      13   0.0000
 
       1      0.71656554
       2      0.66705107
       3      0.64066525
       4      0.63039238
       5      0.60407035
       6      0.58941231
       7      0.61856247
       8      0.66335407
       9      0.67026008
      10      0.67784082
      11      0.67798047
      12      0.69853818
      13   0.6546
 
