       1       121.43371
       2       115.17850
       3       113.85071
       4       133.30515
       5       127.75190
       6       122.71268
       7       145.21742
       8       105.28452
       9       102.42936
      10       87.043750
      11       95.384109
      12       81.478541
      13  1351.07
 
       1       83.514219
       2       80.196471
       3       73.967798
       4       81.094394
       5       80.290907
       6       72.670670
       7       79.378635
       8       62.419113
       9       63.801323
      10       59.615302
      11       66.112893
      12       54.783963
      13   857.85
 
       1       10.200207
       2       10.054955
       3       8.6031272
       4       7.3970139
       5       8.0364549
       6       6.5593402
       7       6.6330158
       8       5.9774778
       9       6.9148034
      10       7.2123814
      11       7.6071486
      12       5.9575928
      13    91.15
 
       1       10.293459
       2       9.7384819
       3       10.542611
       4       8.5902762
       5       10.806180
       6       11.906981
       7       16.838411
       8       13.938950
       9       9.9300590
      10       7.6868227
      11       9.3201177
      12       6.4187698
      13   126.01
 
       1       11.047236
       2       9.6466261
       3       11.133732
       4       10.129154
       5       16.132484
       6       15.023046
       7       21.648009
       8       20.424203
       9       20.779513
      10       16.068933
      11       13.486911
      12       6.5140888
      13   172.03
 
       1       8.6875804
       2       12.606166
       3       12.087725
       4       14.650668
       5       19.947241
       6       18.732337
       7       18.482314
       8       14.392784
       9       13.256016
      10       11.007428
      11       8.8505825
      12       5.4770269
      13    13.18
 
       1 0.0
       2 0.0
       3 0.0
       4 0.0
       5 0.0
       6 0.0
       7 0.0
       8 0.0
       9 0.0
      10 0.0
      11 0.0
      12 0.0
      13 0.0
 
       1     0.093524901
       2      0.13729453
       3      0.12815467
       4      0.14961148
       5      0.20886216
       6      0.19308898
       7      0.18652638
       8      0.14455156
       9      0.13402742
      10      0.11332784
      11     0.092373038
      12     0.055897944
      13   0.1364
 
       1      0.83086705
       2      0.83376966
       3      0.83224596
       4      0.83096203
       5      0.83129427
       6      0.82858449
       7      0.83066454
       8      0.83014556
       9      0.82981422
      10      0.83240002
      11      0.83109624
      12      0.83211709
      13   0.8312
 
       1     0.016318850
       2     0.023795596
       3     0.022545759
       4     0.026831529
       5     0.036963558
       6     0.034485956
       7     0.033498706
       8     0.026144927
       9     0.024205811
      10     0.020394614
      11     0.016452866
      12     0.010136730
      13   0.0243
 
       1      0.71164179
       2      0.71985177
       3      0.72277529
       4      0.73296100
       5      0.83291720
       6      0.85634515
       7      0.82727022
       8      0.80158450
       9      0.79838110
      10      0.71831442
      11      0.64277915
      12      0.59554631
      13   0.7467
 
