       1       9.8170255
       2       9.8221431
       3       22.245996
       4       23.461024
       5       34.437660
       6       53.811773
       7       43.997680
       8       27.624616
       9       18.808245
      10       12.630687
      11       7.0386332
      12       7.1863588
      13   270.88
 
       1       6.8806270
       2       6.5902965
       3       13.544218
       4       14.261118
       5       19.208859
       6       27.648977
       7       23.621830
       8       15.233188
       9       10.876899
      10       8.3276949
      11       5.4941831
      12       5.4244729
      13   157.11
 
       1      0.97104736
       2      0.90987825
       3       2.1051391
       4       2.8522762
       5       2.8604945
       6       3.3910928
       7       3.1670587
       8       2.1185095
       9       1.4704227
      10       1.2837200
      11      0.90598425
      12      0.76553698
      13    22.80
 
       1      0.64204094
       2      0.81796783
       3       2.5536950
       4       4.5347303
       5       4.9113537
       6       12.386856
       7       14.865187
       8       7.4134626
       9       3.2814762
      10       1.4389829
      11       1.6744037
      12      0.79024179
      13    55.31
 
       1      0.22535502
       2      0.35430241
       3       1.9645319
       4       3.6079236
       5       4.0284349
       6       7.0200991
       7       7.1362643
       8       4.9441904
       9       2.5281889
      10      0.72093644
      11      0.24352596
      12      0.24044683
      13    33.01
 
       1      0.82361792
       2      0.97012657
       3       2.0615524
       4       3.9737670
       5       3.5917461
       6       4.5886479
       7       3.7604551
       8       2.4189331
       9       1.6763590
      10       1.2990163
      11       1.0747648
      12      0.66091277
      13     2.24
 
       1 0.0
       2 0.0
       3 0.0
       4 0.0
       5 0.0
       6 0.0
       7 0.0
       8 0.0
       9 0.0
      10 0.0
      11 0.0
      12 0.0
      13 0.0
 
       1     0.018624500
       2     0.020175969
       3     0.042192810
       4     0.084323369
       5     0.074200190
       6     0.090063491
       7     0.072455300
       8     0.045579533
       9     0.032708547
      10     0.027235713
      11     0.023894991
      12     0.014725945
      13   0.0455
 
       1      0.87487703
       2      0.86815463
       3      0.86864674
       4      0.86911400
       5      0.86893429
       6      0.86559868
       7      0.86529402
       8      0.86460248
       9      0.86530711
      10      0.86924853
      11      0.87185621
      12      0.87518874
      13   0.8689
 
       1    0.0024206463
       2    0.0027644854
       3    0.0057880829
       4     0.011312046
       5     0.010033274
       6     0.012457340
       7     0.010144520
       8    0.0065204073
       9    0.0045989004
      10    0.0036902127
      11    0.0031549897
      12    0.0019351229
      13   0.0062
 
       1      0.87745181
       2      0.83260933
       3      0.89354030
       4      0.95881806
       5      0.97821845
       6      0.98247963
       7      0.97670396
       8      0.97259836
       9      0.97270158
      10      0.96349507
      11      0.93662065
      12      0.90317605
      13   0.9374
 
