       1       33.355139
       2       21.900810
       3       26.702762
       4       21.628498
       5       19.363260
       6       21.675780
       7       17.746595
       8       16.358509
       9       12.404759
      10       13.963003
      11       20.211171
      12       31.340403
      13   256.65
 
       1       16.867211
       2       11.582589
       3       14.720631
       4       12.331549
       5       11.543136
       6       13.268861
       7       10.781822
       8       9.9689245
       9       7.3843877
      10       7.8272801
      11       10.727442
      12       16.074694
      13   143.08
 
       1       2.7880194
       2       2.0258234
       3       2.2497452
       4       1.8049644
       5       1.5680713
       6       1.7644276
       7       1.3200222
       8       1.2241518
       9      0.96339377
      10       1.1681773
      11       1.5943892
      12       2.4579146
      13    20.93
 
       1       11.437917
       2       7.1850195
       3       8.2740340
       4       6.4101710
       5       5.0469050
       6       6.2505113
       7       5.4873734
       8       5.1512823
       9       3.9041456
      10       4.2864384
      11       6.5028766
      12       11.106298
      13    81.04
 
       1       1.4715722
       2       1.1472498
       3       1.3881720
       4      0.96913649
       5      0.62143345
       6      0.76488465
       7      0.66512077
       8      0.88117884
       9      0.85181997
      10       1.1518090
      11       1.3366584
      12       1.8158187
      13    13.06
 
       1      0.50338291
       2      0.39338429
       3      0.41247115
       4      0.38272319
       5      0.34813939
       6      0.42044819
       7      0.31169852
       8      0.29007382
       9      0.21581131
      10      0.22000369
      11      0.28655279
      12      0.42596523
      13     0.35
 
       1 0.0
       2 0.0
       3 0.0
       4 0.0
       5 0.0
       6 0.0
       7 0.0
       8 0.0
       9 0.0
      10 0.0
      11 0.0
      12 0.0
      13 0.0
 
       1     0.018240392
       2     0.014537469
       3     0.015762765
       4     0.014631619
       5     0.014495035
       6     0.017660987
       7     0.013261715
       8     0.012473142
       9    0.0090078583
      10    0.0085604933
      11     0.010879586
      12     0.015782323
      13   0.0138
 
       1       1.0000000
       2       1.0000000
       3       1.0000000
       4       1.0000000
       5       1.0000000
       6       1.0000000
       7       1.0000000
       8       1.0000000
       9       1.0000000
      10       1.0000000
      11       1.0000000
      12       1.0000000
      13   1.0000
 
       1       0.0000000
       2       0.0000000
       3       0.0000000
       4       0.0000000
       5       0.0000000
       6       0.0000000
       7       0.0000000
       8       0.0000000
       9       0.0000000
      10       0.0000000
      11       0.0000000
      12       0.0000000
      13   0.0000
 
       1      0.28538466
       2      0.21954036
       3      0.24493154
       4      0.22532397
       5      0.12066643
       6      0.14469099
       7      0.18035747
       8      0.18234084
       9      0.20268259
      10      0.30746354
      11      0.31363236
      12      0.31480595
      13   0.2285
 
