       1       199.38839
       2       238.27346
       3       188.24524
       4       226.89228
       5       228.10805
       6       242.69276
       7       224.14288
       8       218.01499
       9       139.06326
      10       122.88736
      11       125.85761
      12       166.43343
      13  2320.00
 
       1       133.95051
       2       160.66468
       3       122.39301
       4       144.69450
       5       142.28613
       6       139.31923
       7       124.84994
       8       126.14021
       9       87.127266
      10       81.911449
      11       83.284228
      12       113.47314
      13  1460.09
 
       1       18.396765
       2       22.528406
       3       16.049783
       4       18.481765
       5       17.505380
       6       15.328908
       7       13.891963
       8       13.751283
       9       10.469167
      10       10.188227
      11       11.101074
      12       15.308162
      13   183.00
 
       1       25.770249
       2       29.697753
       3       21.881322
       4       29.438880
       5       33.217094
       6       44.400041
       7       45.560443
       8       35.710255
       9       20.919085
      10       12.207450
      11       16.606571
      12       24.987506
      13   340.40
 
       1       17.664586
       2       22.666709
       3       20.935614
       4       29.594536
       5       35.099725
       6       43.806018
       7       43.355794
       8       47.359857
       9       29.497276
      10       17.568476
      11       14.026965
      12       20.594306
      13   342.17
 
       1       15.752334
       2       23.871563
       3       22.244869
       4       34.266893
       5       37.918146
       6       36.746312
       7       28.912406
       8       27.812999
       9       19.600161
      10       14.544301
      11       13.068708
      12       13.547978
      13    24.02
 
       1 0.0
       2 0.0
       3 0.0
       4 0.0
       5 0.0
       6 0.0
       7 0.0
       8 0.0
       9 0.0
      10 0.0
      11 0.0
      12 0.0
      13 0.0
 
       1     0.019612945
       2     0.029917462
       3     0.027517965
       4     0.042674649
       5     0.047116418
       6     0.044182574
       7     0.033836509
       8     0.032503340
       9     0.023076154
      10     0.017282253
      11     0.016041315
      12     0.016697864
      13   0.0292
 
       1      0.88878485
       2      0.88934850
       3      0.88926494
       4      0.88811962
       5      0.88823706
       6      0.88717865
       7      0.88905705
       8      0.89037973
       9      0.88761748
      10      0.88835335
      11      0.88935421
      12      0.88943975
      13   0.8888
 
       1    0.0023728151
       2    0.0035995670
       3    0.0033476928
       4    0.0051595261
       5    0.0057031559
       6    0.0054264930
       7    0.0042056236
       8    0.0040522171
       9    0.0028791702
      10    0.0021526322
      11    0.0019664421
      12    0.0020321427
      13   0.0036
 
       1      0.31312865
       2      0.32503425
       3      0.33108263
       4      0.37802095
       5      0.40800912
       6      0.40957836
       7      0.36989379
       8      0.34191917
       9      0.33887198
      10      0.30601229
      11      0.31551362
      12      0.30627628
      13   0.3453
 
