       1       121.21253
       2       199.67400
       3       193.11559
       4       217.89011
       5       248.49580
       6       228.39332
       7       234.01939
       8       189.88097
       9       158.54431
      10       129.86672
      11       117.46865
      12       195.26307
      13  2233.82
 
       1       79.478616
       2       133.92513
       3       125.88970
       4       140.06510
       5       150.02573
       6       136.85610
       7       130.81600
       8       111.36285
       9       99.224123
      10       88.184508
      11       77.885514
      12       134.45559
      13  1408.17
 
       1       9.6704736
       2       17.689319
       3       16.642269
       4       17.741994
       5       17.539014
       6       16.139980
       7       13.962248
       8       12.529955
       9       11.951104
      10       11.828187
      11       9.6185063
      12       17.180078
      13   172.49
 
       1       15.767519
       2       23.773790
       3       24.292962
       4       29.904580
       5       35.264832
       6       41.532553
       7       43.175516
       8       32.475619
       9       21.920091
      10       14.674925
      11       13.560884
      12       22.600896
      13   318.94
 
       1       13.236371
       2       18.432268
       3       19.283868
       4       25.116703
       5       37.245256
       6       45.958807
       7       45.332070
       8       38.916672
       9       32.208840
      10       22.932948
      11       14.870344
      12       21.602056
      13   335.14
 
       1       10.254234
       2       20.579977
       3       23.669178
       4       33.948067
       5       36.563369
       6       36.044130
       7       29.523218
       8       24.114625
       9       21.548143
      10       16.825192
      11       11.736377
      12       15.656809
      13    23.37
 
       1 0.0
       2 0.0
       3 0.0
       4 0.0
       5 0.0
       6 0.0
       7 0.0
       8 0.0
       9 0.0
      10 0.0
      11 0.0
      12 0.0
      13 0.0
 
       1    0.0097935541
       2     0.020181732
       3     0.023156278
       4     0.033987236
       5     0.035523708
       6     0.034965768
       7     0.027390116
       8     0.022272024
       9     0.020116252
      10     0.016111126
      11     0.011093681
      12     0.015718245
      13   0.0225
 
       1      0.84452022
       2      0.84282451
       3      0.84350636
       4      0.84437971
       5      0.84181405
       6      0.84430532
       7      0.84480293
       8      0.84331236
       9      0.84157954
      10      0.84236931
      11      0.84178472
      12      0.84405122
      13   0.8433
 
       1    0.0017328256
       2    0.0035025969
       3    0.0040298215
       4    0.0058295979
       5    0.0061841438
       6    0.0060784323
       7    0.0048736971
       8    0.0039847524
       9    0.0035882636
      10    0.0028474282
      11    0.0019800036
      12    0.0026888665
      13   0.0039
 
       1      0.26396711
       2      0.30101246
       3      0.31995669
       4      0.37268283
       5      0.39143117
       6      0.39069158
       7      0.33945224
       8      0.31680613
       9      0.31768964
      10      0.30333898
      11      0.27374654
      12      0.29219369
      13   0.3236
 
