       1       7.0543197
       2       8.7893039
       3       16.494580
       4       17.562390
       5       36.891876
       6       46.962151
       7       41.688564
       8       31.892852
       9       19.071150
      10       11.832291
      11       8.5914515
      12       6.5961057
      13   253.43
 
       1       5.2326987
       2       6.4088718
       3       10.846023
       4       11.871998
       5       19.741648
       6       25.752171
       7       22.033333
       8       17.200315
       9       11.291246
      10       7.6163860
      11       6.2228368
      12       4.9363917
      13   149.15
 
       1      0.68788894
       2      0.98592869
       3       2.0116830
       4       2.7322439
       5       2.9410511
       6       3.4580258
       7       3.0177796
       8       2.3147331
       9       1.5649773
      10       1.1558011
      11      0.91702528
      12      0.64924809
      13    22.44
 
       1       1.3310219
       2       1.3268550
       3       2.5877516
       4       5.1938511
       5       5.7084142
       6       11.515717
       7       12.855710
       8       7.6017475
       9       3.1727353
      10       1.2525119
      11      0.94755388
      12      0.76790985
      13    54.26
 
       1      0.58210020
       2      0.41682775
       3       1.4951260
       4       3.6008680
       5       3.6349737
       6       6.0641759
       7       6.0302612
       8       4.4761339
       9       1.9927603
      10      0.55927727
      11      0.31730611
      12     0.083701609
      13    29.25
 
       1      0.72837309
       2       1.1467660
       3       2.5388652
       4       3.7663247
       5       3.2834458
       6       4.4111909
       7       3.5270499
       8       2.6191645
       9       1.8550015
      10       1.1876074
      11      0.85144368
      12      0.53751046
      13     2.20
 
       1 0.0
       2 0.0
       3 0.0
       4 0.0
       5 0.0
       6 0.0
       7 0.0
       8 0.0
       9 0.0
      10 0.0
      11 0.0
      12 0.0
      13 0.0
 
       1     0.015600007
       2     0.024501911
       3     0.052670674
       4     0.079106767
       5     0.065566189
       6     0.085771019
       7     0.066026284
       8     0.048418027
       9     0.035863712
      10     0.024414332
      11     0.018041715
      12     0.011726171
      13   0.0440
 
       1      0.93297620
       2      0.93197972
       3      0.93016136
       4      0.93013539
       5      0.93049547
       6      0.92915199
       7      0.92839842
       8      0.92673707
       9      0.92902772
      10      0.93111711
      11      0.93290162
      12      0.93449248
      13   0.9306
 
       1    0.0011017235
       2    0.0017254102
       3    0.0037759544
       4    0.0056065492
       5    0.0047754412
       6    0.0063484494
       7    0.0050239254
       8    0.0037304820
       9    0.0026839911
      10    0.0017619727
      11    0.0012765388
      12   0.00081585441
      13   0.0032
 
       1      0.81974378
       2      0.91620571
       3      0.93409539
       4      0.97336507
       5      0.97796210
       6      0.97903660
       7      0.97242308
       8      0.96862695
       9      0.97047926
      10      0.95349379
      11      0.90793166
      12      0.84736668
      13   0.9351
 
