       1       130.02795
       2       115.01360
       3       121.66283
       4       158.29390
       5       133.36331
       6       101.04591
       7       126.94214
       8       121.64631
       9       97.758585
      10       91.977302
      11       130.55526
      12       99.936282
      13  1428.22
 
       1       90.198415
       2       74.732555
       3       79.601757
       4       98.066185
       5       80.756066
       6       62.270141
       7       70.946564
       8       70.632267
       9       63.528265
      10       60.888195
      11       87.750536
      12       70.096371
      13   909.47
 
       1       11.863179
       2       8.2487695
       3       10.121236
       4       10.392788
       5       7.8098942
       6       6.6972777
       7       6.5193739
       8       7.3088477
       9       7.9032080
      10       7.3832064
      11       9.9975663
      12       9.0215036
      13   103.27
 
       1       13.337735
       2       8.2365098
       3       12.258009
       4       13.929030
       5       10.163271
       6       12.358464
       7       16.513735
       8       14.480745
       9       10.908275
      10       8.4624341
      11       12.426743
      12       11.446227
      13   144.52
 
       1       12.565406
       2       8.4705111
       3       12.433747
       4       15.404799
       5       14.782982
       6       13.160691
       7       19.425694
       8       23.532979
       9       19.152195
      10       16.299123
      11       17.248334
      12       9.7543893
      13   182.23
 
       1       9.9780801
       2       10.887984
       3       12.740985
       4       18.522502
       5       16.677118
       6       15.580126
       7       15.112138
       8       15.328632
       9       13.177897
      10       10.208641
      11       11.290225
      12       7.7088936
      13    13.10
 
       1 0.0
       2 0.0
       3 0.0
       4 0.0
       5 0.0
       6 0.0
       7 0.0
       8 0.0
       9 0.0
      10 0.0
      11 0.0
      12 0.0
      13 0.0
 
       1      0.10577182
       2      0.11273571
       3      0.13121396
       4      0.18895143
       5      0.16647612
       6      0.15349069
       7      0.14685742
       8      0.14949723
       9      0.13107533
      10      0.10040315
      11      0.11592035
      12     0.080341925
      13   0.1319
 
       1      0.93338660
       2      0.93290247
       3      0.93318891
       4      0.93264208
       5      0.93253634
       6      0.93056923
       7      0.93235200
       8      0.93234779
       9      0.93214230
      10      0.93178871
      11      0.93279727
      12      0.93283428
      13   0.9325
 
       1    0.0073599966
       2    0.0079819096
       3    0.0093232744
       4     0.013479713
       5     0.012106948
       6     0.011280881
       7     0.010848536
       8     0.011025135
       9    0.0095492073
      10    0.0074082928
      11    0.0082606862
      12    0.0056771737
      13   0.0095
 
       1      0.68986188
       2      0.67036210
       3      0.73085738
       4      0.79167299
       5      0.77618777
       6      0.83673121
       7      0.76679004
       8      0.77936606
       9      0.79288348
      10      0.73318487
      11      0.69375435
      12      0.67656138
      13   0.7449
 
