       1       8.3408803
       2       15.226762
       3       24.917053
       4       28.064747
       5       28.491248
       6       45.601589
       7       46.442055
       8       29.828409
       9       16.097585
      10       12.365819
      11       8.0829607
      12       9.3169047
      13   272.78
 
       1       5.9964241
       2       9.8978463
       3       15.629243
       4       16.087468
       5       15.818634
       6       23.500813
       7       24.871403
       8       15.706817
       9       9.3788430
      10       8.1198686
      11       5.8655996
      12       6.5399973
      13   157.41
 
       1      0.84687282
       2       1.3974201
       3       3.0028599
       4       3.1353878
       5       2.6057594
       6       2.9116351
       7       3.1418346
       8       2.0253352
       9       1.2165342
      10       1.2553593
      11      0.88384188
      12      0.89264322
      13    23.32
 
       1      0.96112024
       2       2.1756919
       3       4.1780029
       4       5.6479329
       5       5.2864574
       6       12.412388
       7       15.777730
       8       8.7305275
       9       2.9199150
      10       1.1709536
      11       1.7057883
      12      0.97279358
      13    61.94
 
       1      0.38023972
       2      0.80318243
       3       2.2729149
       4       3.6819294
       5       3.7003422
       6       6.0317972
       7       6.3768054
       8       3.8619149
       9       1.4303800
      10      0.62341741
      11      0.40166982
      12      0.21876683
      13    29.78
 
       1      0.83442700
       2       2.0200294
       3       3.3831709
       4       3.7445254
       5       3.3930757
       6       3.7797573
       7       3.9294429
       8       2.3790644
       9       1.4293412
      10       1.2618109
      11       1.0198137
      12      0.74038380
      13     2.33
 
       1 0.0
       2 0.0
       3 0.0
       4 0.0
       5 0.0
       6 0.0
       7 0.0
       8 0.0
       9 0.0
      10 0.0
      11 0.0
      12 0.0
      13 0.0
 
       1     0.017844968
       2     0.043487830
       3     0.073990274
       4     0.080015622
       5     0.068398990
       6     0.072261696
       7     0.073954804
       8     0.044202873
       9     0.027270993
      10     0.026163823
      11     0.021465973
      12     0.016300446
      13   0.0471
 
       1      0.93240290
       2      0.93249848
       3      0.93302334
       4      0.93275619
       5      0.93023709
       6      0.92854005
       7      0.92822760
       8      0.92771746
       9      0.92832930
      10      0.93151386
      11      0.93163417
      12      0.93534638
      13   0.9310
 
       1    0.0012574032
       2    0.0030318445
       3    0.0050937035
       4    0.0055747208
       5    0.0049663662
       6    0.0054046860
       7    0.0055963933
       8    0.0033872541
       9    0.0020640578
      10    0.0018744797
      11    0.0015312408
      12    0.0011218774
      13   0.0034
 
       1      0.84508489
       2      0.92170075
       3      0.91266965
       4      0.97487795
       5      0.97439323
       6      0.97968194
       7      0.97293441
       8      0.96728240
       9      0.96935767
      10      0.93469854
      11      0.92375254
      12      0.87213855
      13   0.9374
 
