       1       23.726630
       2       21.909334
       3       22.763791
       4       19.464281
       5       22.686580
       6       19.190242
       7       18.768468
       8       14.031697
       9       12.010746
      10       15.043816
      11       15.278749
      12       26.374631
      13   231.25
 
       1       12.824360
       2       11.724548
       3       12.425892
       4       11.181579
       5       13.209695
       6       11.427468
       7       10.950186
       8       8.4084548
       9       7.2260976
      10       8.3464616
      11       8.1450283
      12       13.297349
      13   129.17
 
       1       2.0776307
       2       1.7466333
       3       1.9122170
       4       1.5973292
       5       1.8082051
       6       1.4786749
       7       1.4345334
       8      0.99991344
       9      0.97989215
      10       1.2792489
      11       1.2915000
      12       2.0576684
      13    18.66
 
       1       8.0720980
       2       6.9880015
       3       7.0496914
       4       5.5995657
       5       6.2407181
       6       5.6122978
       7       5.9907320
       8       4.4832775
       9       3.5744345
      10       4.5974681
      11       5.2603001
      12       8.7795671
      13    72.25
 
       1       1.5752285
       2       1.0531942
       3       1.2769475
       4      0.79690360
       5      0.82374204
       6      0.89828645
       7      0.78432677
       8      0.80212364
       9      0.92027557
      10       1.2512670
      11       1.4368070
      12       1.5896157
      13    13.21
 
       1      0.36622587
       2      0.34466925
       3      0.34583776
       4      0.31734346
       5      0.39370025
       6      0.34602418
       7      0.32789212
       8      0.22353170
       9      0.21417420
      10      0.23043719
      11      0.22076231
      12      0.34798288
      13     0.31
 
       1 0.0
       2 0.0
       3 0.0
       4 0.0
       5 0.0
       6 0.0
       7 0.0
       8 0.0
       9 0.0
      10 0.0
      11 0.0
      12 0.0
      13 0.0
 
       1     0.013799321
       2     0.012848140
       3     0.013350173
       4     0.012425718
       5     0.015439617
       6     0.014036747
       7     0.013327208
       8    0.0094831004
       9    0.0086321441
      10    0.0086348597
      11    0.0082603425
      12     0.012631728
      13   0.0119
 
       1       1.0000000
       2       1.0000000
       3       1.0000000
       4       1.0000000
       5       1.0000000
       6       1.0000000
       7       1.0000000
       8       1.0000000
       9       1.0000000
      10       1.0000000
      11       1.0000000
      12       1.0000000
      13   1.0000
 
       1       0.0000000
       2       0.0000000
       3       0.0000000
       4       0.0000000
       5       0.0000000
       6       0.0000000
       7       0.0000000
       8       0.0000000
       9       0.0000000
      10       0.0000000
      11       0.0000000
      12       0.0000000
      13   0.0000
 
       1      0.33296172
       2      0.22186692
       3      0.26321747
       4      0.21974508
       5      0.22075195
       6      0.17391789
       7      0.23067495
       8      0.21796549
       9      0.21954545
      10      0.26192856
      11      0.33073301
      12      0.31009522
      13   0.2503
 
