       1       147.49715
       2       192.57094
       3       162.32883
       4       189.82875
       5       206.90754
       6       215.32558
       7       211.63753
       8       196.89385
       9       139.00627
      10       123.24750
      11       116.41434
      12       189.93750
      13  2091.60
 
       1       97.368462
       2       129.18862
       3       108.33383
       4       118.79654
       5       128.20194
       6       126.61191
       7       119.08373
       8       114.79182
       9       88.027044
      10       80.811900
      11       78.699275
      12       127.89593
      13  1317.81
 
       1       12.138661
       2       18.222483
       3       15.546495
       4       15.397326
       5       15.941339
       6       15.407585
       7       13.429156
       8       13.136904
       9       11.117553
      10       10.150677
      11       9.9190544
      12       15.927716
      13   166.33
 
       1       16.438324
       2       23.782104
       3       22.249195
       4       23.273488
       5       26.945078
       6       41.026397
       7       43.505822
       8       34.102528
       9       19.729012
      10       12.328060
      11       14.732427
      12       20.862073
      13   298.97
 
       1       13.762549
       2       17.798865
       3       19.028859
       4       22.558516
       5       31.963009
       6       36.544686
       7       38.344708
       8       40.944994
       9       26.829377
      10       21.007865
      11       15.638465
      12       17.152461
      13   301.57
 
       1       11.349326
       2       18.708561
       3       19.610474
       4       26.611679
       5       31.418094
       6       30.918493
       7       26.092325
       8       24.336960
       9       18.333399
      10       14.628577
      11       12.209777
      12       14.210832
      13    20.70
 
       1 0.0
       2 0.0
       3 0.0
       4 0.0
       5 0.0
       6 0.0
       7 0.0
       8 0.0
       9 0.0
      10 0.0
      11 0.0
      12 0.0
      13 0.0
 
       1     0.013393675
       2     0.022172527
       3     0.023043597
       4     0.031023943
       5     0.036550507
       6     0.035455073
       7     0.029112967
       8     0.027217456
       9     0.020577023
      10     0.016681058
      11     0.014211010
      12     0.016771861
      13   0.0239
 
       1      0.93090840
       2      0.93051261
       3      0.93043968
       4      0.93044264
       5      0.92985299
       6      0.92936556
       7      0.93057511
       8      0.93216009
       9      0.93141124
      10      0.93161662
      11      0.93228716
      12      0.93190866
      13   0.9310
 
       1    0.0010347876
       2    0.0016989883
       3    0.0017806703
       4    0.0024079882
       5    0.0028375021
       6    0.0027683909
       7    0.0023039677
       8    0.0021524138
       9    0.0016315659
      10    0.0013144362
      11    0.0011079259
      12    0.0012899884
      13   0.0019
 
       1      0.26957811
       2      0.28937298
       3      0.32063345
       4      0.34831834
       5      0.38159528
       6      0.39630133
       7      0.35292681
       8      0.33119188
       9      0.31978693
      10      0.30366796
      11      0.28636641
      12      0.27842827
      13   0.3232
 
