       1       9.3686106
       2       9.6284865
       3       24.096317
       4       20.886614
       5       34.894818
       6       48.547221
       7       40.774414
       8       25.054732
       9       18.832017
      10       12.439395
      11       9.4033077
      12       6.8652051
      13   260.79
 
       1       7.0413517
       2       6.4714271
       3       14.769595
       4       12.535933
       5       18.996325
       6       24.132578
       7       21.831899
       8       14.075124
       9       10.924136
      10       8.2883453
      11       6.8008837
      12       5.1121365
      13   150.98
 
       1      0.90196069
       2      0.89567004
       3       2.3633590
       4       2.4209315
       5       2.8217012
       6       2.8824513
       7       2.9526684
       8       2.0419006
       9       1.4524236
      10       1.3044835
      11      0.90360067
      12      0.67008276
      13    21.61
 
       1      0.81426136
       2      0.84620793
       3       2.8468011
       4       4.4264049
       5       5.1532456
       6       13.286733
       7       13.769259
       8       6.4960779
       9       2.7177667
      10       1.1914790
      11      0.56058482
      12      0.71135172
      13    52.82
 
       1      0.22453577
       2      0.22557018
       3       1.6082370
       4       3.1441383
       5       3.6579643
       6       5.9400329
       7       6.3200973
       8       4.2114633
       9       2.3974848
      10      0.54713148
      11      0.13978205
      12      0.16397760
      13    28.58
 
       1      0.67849118
       2       1.0140186
       3       2.5481689
       4       3.2381792
       5       3.5135727
       6       3.8788876
       7       3.4072129
       8       2.1315927
       9       1.6325442
      10       1.4168794
      11      0.79172987
      12      0.54572030
      13     2.07
 
       1 0.0
       2 0.0
       3 0.0
       4 0.0
       5 0.0
       6 0.0
       7 0.0
       8 0.0
       9 0.0
      10 0.0
      11 0.0
      12 0.0
      13 0.0
 
       1     0.019576193
       2     0.027329693
       3     0.068143750
       4     0.088561705
       5     0.092174713
       6     0.094994009
       7     0.081772225
       8     0.050832255
       9     0.040475802
      10     0.038959680
      11     0.022821328
      12     0.015574839
      13   0.0534
 
       1      0.88335271
       2      0.87791197
       3      0.87888455
       4      0.87971153
       5      0.87937307
       6      0.87754029
       7      0.87633646
       8      0.87599943
       9      0.87656188
      10      0.87999428
      11      0.88316852
      12      0.88501206
      13   0.8795
 
       1    0.0023561702
       2    0.0034050269
       3    0.0084251795
       4     0.010827456
       5     0.011432469
       6     0.012087855
       7     0.010519269
       8    0.0066037699
       9    0.0051882498
      10    0.0047813753
      11    0.0027418326
      12    0.0018910142
      13   0.0067
 
       1      0.89422439
       2      0.90125127
       3      0.94601885
       4      0.97012962
       5      0.98605763
       6      0.98224854
       7      0.98282157
       8      0.97297652
       9      0.97569958
      10      0.97801773
      11      0.95140973
      12      0.87465237
      13   0.9513
 
