       1       34.904476
       2       24.790474
       3       23.792532
       4       21.983015
       5       19.900540
       6       22.820418
       7       19.906343
       8       15.207714
       9       15.614864
      10       15.499220
      11       18.047653
      12       20.547648
      13   253.01
 
       1       17.896424
       2       13.213899
       3       13.252592
       4       12.676294
       5       11.581359
       6       13.676344
       7       11.906679
       8       9.2811639
       9       9.0968918
      10       8.5655588
      11       9.5402249
      12       10.956973
      13   141.64
 
       1       2.7596455
       2       2.2755695
       3       2.0745522
       4       1.8998958
       5       1.5674102
       6       1.7428920
       7       1.4914547
       8       1.1404438
       9       1.2522765
      10       1.3366873
      11       1.4144998
      12       1.7023373
      13    20.66
 
       1       12.206190
       2       7.8760216
       3       7.2868496
       4       6.6332108
       5       5.6192601
       6       6.8107455
       7       6.3426240
       8       4.6794626
       9       5.0454798
      10       4.9952912
      11       5.7771587
      12       6.6346465
      13    79.91
 
       1       1.4971772
       2       1.1394566
       3       1.0005038
       4       1.0225558
       5      0.83641646
       6      0.73788585
       7      0.70887237
       8      0.73430969
       9      0.99727914
      10       1.1870124
      11       1.2928343
      12       1.6000033
      13    12.75
 
       1      0.49142885
       2      0.42459746
       3      0.37657402
       4      0.39825670
       5      0.35541181
       6      0.42775387
       7      0.36020600
       8      0.27395847
       9      0.27999075
      10      0.24250076
      11      0.25748358
      12      0.29077002
      13     0.35
 
       1 0.0
       2 0.0
       3 0.0
       4 0.0
       5 0.0
       6 0.0
       7 0.0
       8 0.0
       9 0.0
      10 0.0
      11 0.0
      12 0.0
      13 0.0
 
       1     0.018013263
       2     0.016219807
       3     0.014699021
       4     0.015699779
       5     0.014260492
       6     0.018031634
       7     0.015015818
       8     0.011478469
       9     0.011235925
      10    0.0093344812
      11    0.0095713389
      12     0.011090379
      13   0.0137
 
       1       1.0000000
       2       1.0000000
       3       1.0000000
       4       1.0000000
       5       1.0000000
       6       1.0000000
       7       1.0000000
       8       1.0000000
       9       1.0000000
      10       1.0000000
      11       1.0000000
      12       1.0000000
      13   1.0000
 
       1       0.0000000
       2       0.0000000
       3       0.0000000
       4       0.0000000
       5       0.0000000
       6       0.0000000
       7       0.0000000
       8       0.0000000
       9       0.0000000
      10       0.0000000
      11       0.0000000
      12       0.0000000
      13   0.0000
 
       1      0.30612400
       2      0.23128063
       3      0.21662864
       4      0.21495445
       5      0.16882224
       6      0.14967779
       7      0.16058986
       8      0.15888947
       9      0.22295562
      10      0.31337440
      11      0.32319852
      12      0.29306383
      13   0.2300
 
