       1       153.40339
       2       124.58393
       3       159.10951
       4       149.49314
       5       153.63407
       6       170.06442
       7       144.26725
       8       124.11766
       9       116.01243
      10       97.111101
      11       82.358370
      12       134.11960
      13  1608.27
 
       1       105.83454
       2       82.829167
       3       103.69073
       4       89.092865
       5       94.756998
       6       98.770911
       7       81.007457
       8       72.057441
       9       71.211646
      10       66.157787
      11       56.661588
      12       90.743015
      13  1012.81
 
       1       14.465689
       2       10.001842
       3       13.133454
       4       8.3343520
       5       8.9026065
       6       8.0575972
       7       7.5857209
       8       7.1321395
       9       7.4936509
      10       8.1471935
      11       6.6164719
      12       11.515798
      13   111.39
 
       1       16.953623
       2       10.430268
       3       16.191664
       4       8.8713721
       5       12.783637
       6       15.478368
       7       19.530842
       8       14.383021
       9       10.740989
      10       8.7547953
      11       8.3930786
      12       14.304897
      13   156.82
 
       1       15.519027
       2       10.004720
       3       17.358072
       4       12.622742
       5       16.861965
       6       17.870348
       7       25.067138
       8       24.846956
       9       23.498627
      10       19.056009
      11       12.537605
      12       13.082904
      13   208.33
 
       1       11.011904
       2       11.378723
       3       16.353058
       4       15.446279
       5       21.828642
       6       27.105081
       7       20.100072
       8       17.056258
       9       14.600192
      10       12.470746
      11       7.7835572
      12       9.2398132
      13    15.36
 
       1 0.0
       2 0.0
       3 0.0
       4 0.0
       5 0.0
       6 0.0
       7 0.0
       8 0.0
       9 0.0
      10 0.0
      11 0.0
      12 0.0
      13 0.0
 
       1      0.11936020
       2      0.12205240
       3      0.17383926
       4      0.15732337
       5      0.22627646
       6      0.28335611
       7      0.20507858
       8      0.17127284
       9      0.14563094
      10      0.12721935
      11     0.079154780
      12     0.098187845
      13   0.1591
 
       1      0.87291541
       2      0.87440502
       3      0.87155301
       4      0.87244709
       5      0.87304266
       6      0.87251768
       7      0.87422123
       8      0.87168836
       9      0.87214133
      10      0.87176587
      11      0.87304387
      12      0.87443848
      13   0.8728
 
       1     0.015608348
       2     0.016100049
       3     0.022988885
       4     0.021368523
       5     0.030472161
       6     0.037837492
       7     0.027742937
       8     0.023483194
       9     0.020081636
      10     0.017386421
      11     0.010861245
      12     0.013039246
      13   0.0214
 
       1      0.71908146
       2      0.69317191
       3      0.80795358
       4      0.73022338
       5      0.79262615
       6      0.85967000
       7      0.82938163
       8      0.80886206
       9      0.78733922
      10      0.75935546
      11      0.66010606
      12      0.65985388
      13   0.7590
 
