       1       125.60728
       2       164.64376
       3       186.56229
       4       154.58067
       5       160.38479
       6       125.27992
       7       134.89592
       8       119.24191
       9       77.820573
      10       76.683638
      11       61.225106
      12       116.93811
      13  1503.86
 
       1       86.337096
       2       110.40336
       3       122.48947
       4       97.759580
       5       98.279055
       6       76.460019
       7       75.948321
       8       67.889970
       9       50.514266
      10       50.312407
      11       42.845654
      12       78.674855
      13   957.91
 
       1       10.598207
       2       14.883692
       3       16.171177
       4       10.597586
       5       9.4828444
       6       7.2322978
       7       6.7226111
       8       6.5977743
       9       6.0735348
      10       5.7577639
      11       5.1223467
      12       8.9776400
      13   108.22
 
       1       9.8051186
       2       16.044145
       3       18.597554
       4       12.453775
       5       15.090682
       6       13.401521
       7       16.697186
       8       14.343664
       9       8.2147466
      10       5.6308334
      11       5.4779171
      12       10.435121
      13   146.19
 
       1       8.3085639
       2       12.206757
       3       16.857550
       4       18.295326
       5       21.640843
       6       15.168289
       7       22.539292
       8       21.999228
       9       17.934646
      10       13.331163
      11       8.7067809
      12       10.033450
      13   187.02
 
       1       9.1519063
       2       14.294752
       3       18.743634
       4       20.109510
       5       23.823825
       6       21.370991
       7       18.263898
       8       15.341596
       9       11.495100
      10       8.5410669
      11       5.6921312
      12       7.9513637
      13    14.56
 
       1 0.0
       2 0.0
       3 0.0
       4 0.0
       5 0.0
       6 0.0
       7 0.0
       8 0.0
       9 0.0
      10 0.0
      11 0.0
      12 0.0
      13 0.0
 
       1      0.12440551
       2      0.19492040
       3      0.25599029
       4      0.26683402
       5      0.31767194
       6      0.28049678
       7      0.23235637
       8      0.19457176
       9      0.14648406
      10      0.10795369
      11     0.072353092
      12      0.10474973
      13   0.1916
 
       1      0.88248121
       2      0.88179661
       3      0.88182429
       4      0.88215878
       5      0.88106181
       6      0.88007459
       7      0.88178595
       8      0.88079719
       9      0.88157709
      10      0.88083502
      11      0.88032443
      12      0.88091528
      13   0.8813
 
       1     0.015172530
       2     0.023603438
       3     0.030974369
       4     0.032831967
       5     0.039054372
       6     0.034737351
       7     0.029171590
       8     0.024528602
       9     0.018524292
      10     0.013762473
      11    0.0092253785
      12     0.013012256
      13   0.0237
 
       1      0.70414090
       2      0.79086414
       3      0.84903955
       4      0.83247212
       5      0.88135012
       6      0.90667849
       7      0.82798646
       8      0.83726089
       9      0.77777001
      10      0.68304935
      11      0.67572582
      12      0.69787057
      13   0.7887
 
