       1       62.568886
       2       59.749251
       3       66.457854
       4       32.922493
       5       23.173128
       6       16.806342
       7       15.469886
       8       10.049204
       9       12.125678
      10       24.614798
      11       41.648902
      12       58.757619
      13   424.34
 
       1       31.386102
       2       32.222475
       3       35.912269
       4       20.243045
       5       15.618168
       6       11.053564
       7       10.530024
       8       6.9955166
       9       7.6199927
      10       13.911301
      11       22.447549
      12       32.011372
      13   239.95
 
       1       5.7118160
       2       5.1914595
       3       5.6352974
       4       2.4359574
       5       1.4304819
       6      0.93590133
       7      0.78360265
       8      0.52895403
       9      0.80037256
      10       1.8167552
      11       3.4798038
      12       4.9149897
      13    33.67
 
       1       19.467311
       2       18.235233
       3       18.492588
       4       9.5622357
       5       6.1597260
       6       5.2980354
       7       4.6525212
       8       2.8493696
       9       3.0307129
      10       7.3053949
      11       13.090489
      12       18.720851
      13   126.86
 
       1       3.4011455
       2       3.0017961
       3       2.9263550
       4       1.9586329
       5       1.4804239
       6       1.3951924
       7       1.2746341
       8      0.82177951
       9      0.76744397
      10       1.3882180
      11       2.2630970
      12       2.9458925
      13    23.62
 
       1      0.86627922
       2      0.85793259
       3      0.85874453
       4      0.43837359
       5      0.26992960
       6      0.20122821
       7      0.15051164
       8      0.10023811
       9      0.13821555
      10      0.28465282
      11      0.56046060
      12      0.74432405
      13     0.46
 
       1 0.0
       2 0.0
       3 0.0
       4 0.0
       5 0.0
       6 0.0
       7 0.0
       8 0.0
       9 0.0
      10 0.0
      11 0.0
      12 0.0
      13 0.0
 
       1     0.022201120
       2     0.023176103
       3     0.023047382
       4     0.012060237
       5    0.0076752232
       6    0.0055654348
       7    0.0044181384
       8    0.0029660063
       9    0.0039422123
      10    0.0076162822
      11     0.014724502
      12     0.020031756
      13   0.0123
 
       1       1.0000000
       2       1.0000000
       3       1.0000000
       4       1.0000000
       5       1.0000000
       6       1.0000000
       7       1.0000000
       8       1.0000000
       9       1.0000000
      10       1.0000000
      11       1.0000000
      12       1.0000000
      13   1.0000
 
       1       0.0000000
       2       0.0000000
       3       0.0000000
       4       0.0000000
       5       0.0000000
       6       0.0000000
       7       0.0000000
       8       0.0000000
       9       0.0000000
      10       0.0000000
      11       0.0000000
      12       0.0000000
      13   0.0000
 
       1      0.69537409
       2      0.65885805
       3      0.57019850
       4      0.45620200
       5      0.33319818
       6      0.30373583
       7      0.42099022
       8      0.49696780
       9      0.49402730
      10      0.53246968
      11      0.60118623
      12      0.69026848
      13   0.5211
 
