       1       476.79814
       2       474.36527
       3       491.27354
       4       453.20078
       5       476.18384
       6       522.76174
       7       529.83333
       8       496.72360
       9       453.81966
      10       464.95130
      11       447.50822
      12       460.06998
      13  5747.49
 
       1       285.31863
       2       288.42803
       3       299.84571
       4       281.41885
       5       290.79292
       6       317.01658
       7       321.65276
       8       301.88190
       9       281.84099
      10       285.24667
      11       274.45702
      12       278.61555
      13  3506.52
 
       1       36.619796
       2       36.652602
       3       37.650184
       4       33.967201
       5       35.809702
       6       38.877112
       7       39.595978
       8       38.035649
       9       34.592149
      10       35.748150
      11       33.468856
      12       35.135850
      13   436.15
 
       1       131.89522
       2       127.24721
       3       133.92242
       4       117.51816
       5       123.87076
       6       139.50828
       7       144.41182
       8       132.57472
       9       117.55949
      10       123.22301
      11       119.51142
      12       123.11504
      13  1534.36
 
       1       22.332364
       2       20.566086
       3       21.631193
       4       20.424599
       5       24.767814
       6       26.257467
       7       25.123112
       8       24.100001
       9       20.970740
      10       20.789840
      11       20.179696
      12       22.228674
      13   269.37
 
       1       5.7954244
       2       6.0283970
       3       5.9888465
       4       5.4697251
       5       5.7281204
       6       6.5381819
       7       6.6010240
       8       6.1756820
       9       5.6809803
      10       5.5579280
      11       5.5646598
      12       5.5256036
      13     5.89
 
       1 0.0
       2 0.0
       3 0.0
       4 0.0
       5 0.0
       6 0.0
       7 0.0
       8 0.0
       9 0.0
      10 0.0
      11 0.0
      12 0.0
      13 0.0
 
       1     0.023855872
       2     0.025154896
       3     0.024641941
       4     0.022677479
       5     0.023525268
       6     0.026481304
       7     0.026903110
       8     0.025390019
       9     0.023773727
      10     0.022970290
      11     0.022923769
      12     0.022827896
      13   0.0243
 
       1       1.0000000
       2       1.0000000
       3       1.0000000
       4       1.0000000
       5       1.0000000
       6       1.0000000
       7       1.0000000
       8       1.0000000
       9       1.0000000
      10       1.0000000
      11       1.0000000
      12       1.0000000
      13   1.0000
 
       1       0.0000000
       2       0.0000000
       3       0.0000000
       4       0.0000000
       5       0.0000000
       6       0.0000000
       7       0.0000000
       8       0.0000000
       9       0.0000000
      10       0.0000000
      11       0.0000000
      12       0.0000000
      13   0.0000
 
       1      0.71320964
       2      0.70747584
       3      0.66873084
       4      0.61190814
       5      0.57540180
       6      0.58977004
       7      0.62527745
       8      0.65646510
       9      0.67100422
      10      0.69185391
      11      0.68382143
      12      0.69862902
      13   0.6578
 
