       1       65.740103
       2       56.180502
       3       52.839619
       4       44.366893
       5       21.748237
       6       18.214460
       7       14.705135
       8       9.3857133
       9       10.315751
      10       31.027456
      11       38.565709
      12       74.348826
      13   437.44
 
       1       35.307236
       2       30.659067
       3       29.551471
       4       26.951780
       5       14.483646
       6       12.032328
       7       10.175893
       8       6.3917741
       9       6.7754370
      10       17.761641
      11       20.477969
      12       35.476941
      13   246.05
 
       1       5.8256231
       2       4.9839836
       3       4.1663043
       4       3.3118271
       5       1.3500406
       6      0.96383423
       7      0.72945716
       8      0.51271444
       9      0.63314962
      10       2.3676703
      11       3.2701208
      12       6.4180008
      13    34.53
 
       1       22.551678
       2       17.952641
       3       16.320398
       4       12.479740
       5       6.1250193
       6       5.6112342
       7       4.4171918
       8       2.5989473
       9       2.4848374
      10       9.8238420
      11       11.864052
      12       23.605600
      13   135.84
 
       1       3.2341547
       2       3.0895150
       3       2.3746970
       4       2.0065051
       5       1.4268674
       6       1.3476098
       7       1.1271719
       8      0.78756307
       9      0.60430249
      10       1.7443533
      11       2.3397389
      12       3.6389594
      13    23.72
 
       1      0.91977168
       2      0.86546320
       3      0.65387951
       4      0.51843162
       5      0.25349915
       6      0.20173185
       7      0.13094394
       8     0.092221211
       9      0.11206965
      10      0.36978600
      11      0.51147555
      12      0.94123361
      13     0.46
 
       1 0.0
       2 0.0
       3 0.0
       4 0.0
       5 0.0
       6 0.0
       7 0.0
       8 0.0
       9 0.0
      10 0.0
      11 0.0
      12 0.0
      13 0.0
 
       1     0.023938306
       2     0.022634487
       3     0.017579828
       4     0.014334807
       5    0.0072790695
       6    0.0057431361
       7    0.0039158796
       8    0.0027483601
       9    0.0032727864
      10    0.0097448143
      11     0.013471734
      12     0.023614874
      13   0.0124
 
       1       1.0000000
       2       1.0000000
       3       1.0000000
       4       1.0000000
       5       1.0000000
       6       1.0000000
       7       1.0000000
       8       1.0000000
       9       1.0000000
      10       1.0000000
      11       1.0000000
      12       1.0000000
      13   1.0000
 
       1       0.0000000
       2       0.0000000
       3       0.0000000
       4       0.0000000
       5       0.0000000
       6       0.0000000
       7       0.0000000
       8       0.0000000
       9       0.0000000
      10       0.0000000
      11       0.0000000
      12       0.0000000
      13   0.0000
 
       1      0.69139672
       2      0.67589900
       3      0.59557146
       4      0.48365318
       5      0.36544483
       6      0.36208581
       7      0.45392514
       8      0.52727787
       9      0.51845337
      10      0.56180074
      11      0.62782118
      12      0.66569657
      13   0.5441
 
