       1       121.30438
       2       90.911018
       3       109.06723
       4       122.30624
       5       125.25656
       6       137.86518
       7       117.54258
       8       116.85690
       9       112.15554
      10       141.18186
      11       97.414583
      12       107.12042
      13  1398.98
 
       1       81.499851
       2       58.594693
       3       68.737885
       4       76.030811
       5       76.661619
       6       81.555598
       7       67.032975
       8       67.746522
       9       69.650142
      10       92.666873
      11       65.581509
      12       75.773987
      13   881.53
 
       1       10.591380
       2       6.8663500
       3       8.0793165
       4       8.1670970
       5       8.6391390
       6       8.6181783
       7       7.0515406
       8       7.4695704
       9       8.0255719
      10       11.123475
      11       7.9397194
      12       10.425582
      13   103.00
 
       1       10.423542
       2       6.9999714
       3       9.5985155
       4       8.8323528
       5       10.507104
       6       17.016413
       7       15.142538
       8       15.955214
       9       11.483654
      10       13.498576
      11       9.5045940
      12       11.308092
      13   140.27
 
       1       12.069561
       2       7.6342770
       3       10.489211
       4       11.170168
       5       13.830055
       6       17.159911
       7       19.376043
       8       24.112679
       9       22.264096
      10       26.737494
      11       13.142170
      12       9.3945370
      13   187.38
 
       1       9.3155760
       2       8.6335092
       3       10.731400
       4       14.560327
       5       16.952770
       6       20.236161
       7       14.366254
       8       14.845530
       9       13.967632
      10       15.167221
      11       9.1416456
      12       8.8173241
      13    13.06
 
       1 0.0
       2 0.0
       3 0.0
       4 0.0
       5 0.0
       6 0.0
       7 0.0
       8 0.0
       9 0.0
      10 0.0
      11 0.0
      12 0.0
      13 0.0
 
       1     0.099452229
       2     0.089096469
       3      0.10925893
       4      0.14678632
       5      0.17216725
       6      0.20403358
       7      0.14158006
       8      0.14695454
       9      0.13838977
      10      0.15398244
      11     0.094029568
      12     0.094008205
      13   0.1325
 
       1      0.87512036
       2      0.87398268
       3      0.87204426
       4      0.87107581
       5      0.87209643
       6      0.87051180
       7      0.87173185
       8      0.87132544
       9      0.87162123
      10      0.87160464
      11      0.87452891
      12      0.87454396
      13   0.8725
 
       1     0.013178948
       2     0.012087435
       3     0.014880193
       4     0.020138644
       5     0.023522176
       6     0.027881945
       7     0.019620926
       8     0.020302217
       9     0.019156731
      10     0.021002791
      11     0.012781876
      12     0.012481922
      13   0.0181
 
       1      0.64592447
       2      0.65273071
       3      0.68932136
       4      0.72396837
       5      0.74902017
       6      0.82534720
       7      0.77436902
       8      0.79675023
       9      0.76300372
      10      0.77141779
      11      0.69993248
      12      0.71600730
      13   0.7340
 
