       1       476.66903
       2       441.86922
       3       475.79549
       4       461.18943
       5       509.98684
       6       502.88877
       7       555.52169
       8       510.33897
       9       488.87747
      10       449.78799
      11       452.57904
      12       454.75549
      13  5780.26
 
       1       287.05551
       2       268.93135
       3       290.34165
       4       285.93987
       5       315.47058
       6       302.18921
       7       334.59380
       8       312.91817
       9       304.23045
      10       279.86174
      11       277.74372
      12       280.39019
      13  3539.67
 
       1       36.487320
       2       34.432987
       3       36.522575
       4       34.849860
       5       37.948118
       6       37.810129
       7       42.486537
       8       38.667674
       9       36.957767
      10       34.078778
      11       34.457807
      12       34.028265
      13   438.73
 
       1       130.87824
       2       118.57713
       3       127.97223
       4       119.18161
       5       131.04502
       6       136.20049
       7       149.53229
       8       135.98953
       9       124.06098
      10       116.22480
      11       119.72381
      12       121.01788
      13  1530.40
 
       1       21.534480
       2       19.608025
       3       22.675610
       4       21.065351
       5       24.387826
       6       26.728932
       7       28.515718
       8       23.650524
       9       22.760049
      10       19.844657
      11       20.903679
      12       18.949279
      13   270.62
 
       1       5.8979679
       2       6.0105530
       3       5.8042989
       4       5.6048444
       5       5.9902729
       6       6.3621602
       7       6.8211285
       8       6.2629206
       9       6.0134769
      10       5.4633907
      11       5.6116972
      12       5.4143037
      13     5.94
 
       1 0.0
       2 0.0
       3 0.0
       4 0.0
       5 0.0
       6 0.0
       7 0.0
       8 0.0
       9 0.0
      10 0.0
      11 0.0
      12 0.0
      13 0.0
 
       1     0.024424299
       2     0.025155012
       3     0.024102945
       4     0.023423528
       5     0.024876538
       6     0.025508363
       7     0.027547979
       8     0.025854332
       9     0.025380117
      10     0.023004111
      11     0.023260269
      12     0.022550726
      13   0.0246
 
       1       1.0000000
       2       1.0000000
       3       1.0000000
       4       1.0000000
       5       1.0000000
       6       1.0000000
       7       1.0000000
       8       1.0000000
       9       1.0000000
      10       1.0000000
      11       1.0000000
      12       1.0000000
      13   1.0000
 
       1       0.0000000
       2       0.0000000
       3       0.0000000
       4       0.0000000
       5       0.0000000
       6       0.0000000
       7       0.0000000
       8       0.0000000
       9       0.0000000
      10       0.0000000
      11       0.0000000
      12       0.0000000
      13   0.0000
 
       1      0.74028282
       2      0.69083533
       3      0.67196225
       4      0.66531349
       5      0.63015866
       6      0.60686657
       7      0.65891171
       8      0.66797706
       9      0.68490523
      10      0.72743630
      11      0.74736520
      12      0.72619716
      13   0.6849
 
