       1       8.2938564
       2       11.271037
       3       16.759839
       4       24.104470
       5       25.884804
       6       45.212647
       7       46.362793
       8       28.188607
       9       20.421163
      10       11.371429
      11       5.7454732
      12       5.2622435
      13   248.88
 
       1       6.0123924
       2       7.6587067
       3       10.625761
       4       15.343688
       5       13.647458
       6       22.448224
       7       24.294709
       8       16.481376
       9       11.896741
      10       7.7298202
      11       4.4076557
      12       4.2021898
      13   144.75
 
       1      0.74544903
       2       1.2503646
       3       2.0249011
       4       3.2825935
       5       2.1411918
       6       2.6538166
       7       3.1359483
       8       2.2647702
       9       1.6463114
      10       1.1914110
      11      0.62438461
      12      0.55113711
      13    21.51
 
       1       1.0304407
       2       2.0386337
       3       2.7675537
       4       5.0638977
       5       3.5161084
       6       12.980442
       7       16.079560
       8       7.2548040
       9       2.5095960
      10       1.0191495
      11      0.43079396
      12      0.77002455
      13    55.46
 
       1      0.19441421
       2      0.96412463
       3       1.8711790
       4       3.6050276
       5       2.5344190
       6       5.9375843
       7       5.9227487
       8       4.0116828
       9       1.8948198
      10      0.38191659
      11      0.11599858
      12      0.11709314
      13    27.55
 
       1      0.56923764
       2       1.5203090
       3       2.6280181
       4       4.1805386
       5       2.4594292
       6       3.3790474
       7       3.7648315
       8       2.5335182
       9       1.8405665
      10       1.1554114
      11      0.68214550
      12      0.48556476
      13     2.10
 
       1 0.0
       2 0.0
       3 0.0
       4 0.0
       5 0.0
       6 0.0
       7 0.0
       8 0.0
       9 0.0
      10 0.0
      11 0.0
      12 0.0
      13 0.0
 
       1     0.012038452
       2     0.032282617
       3     0.056994851
       4     0.087917846
       5     0.048094950
       6     0.063326044
       7     0.070787577
       8     0.047911232
       9     0.035457552
      10     0.024623878
      11     0.015020299
      12     0.010502384
      13   0.0421
 
       1      0.93294299
       2      0.93147653
       3      0.93222714
       4      0.93097693
       5      0.92918395
       6      0.92777533
       7      0.92838315
       8      0.92952442
       9      0.92934643
      10      0.93157884
      11      0.93337796
      12      0.93402964
      13   0.9309
 
       1   0.00085627010
       2    0.0022751328
       3    0.0039498487
       4    0.0062140510
       5    0.0035653286
       6    0.0048035525
       7    0.0053574597
       8    0.0036288046
       9    0.0026636266
      10    0.0017300726
      11    0.0010384640
      12   0.00073687645
      13   0.0031
 
       1      0.84299958
       2      0.90231351
       3      0.93970518
       4      0.96698701
       5      0.97629560
       6      0.97762016
       7      0.96996119
       8      0.96494552
       9      0.97142430
      10      0.97659929
      11      0.93564997
      12      0.86824256
      13   0.9411
 
