       1       474.93588
       2       403.62376
       3       439.20037
       4       482.75194
       5       499.20701
       6       515.24297
       7       566.51695
       8       527.44042
       9       505.66214
      10       461.41645
      11       465.69771
      12       484.84034
      13  5826.54
 
       1       285.05193
       2       246.62768
       3       272.44913
       4       294.93592
       5       307.90288
       6       315.35835
       7       344.78283
       8       326.48206
       9       315.04366
      10       284.24807
      11       284.60435
      12       289.89770
      13  3567.38
 
       1       36.657002
       2       31.108365
       3       33.391931
       4       36.398460
       5       37.060723
       6       38.704035
       7       42.362919
       8       39.951187
       9       38.480648
      10       34.273528
      11       35.139321
      12       37.112196
      13   440.64
 
       1       132.49240
       2       107.75494
       3       114.10236
       4       126.95888
       5       129.14058
       6       135.51832
       7       152.95430
       8       137.07267
       9       132.64845
      10       121.29334
      11       125.04515
      12       135.62803
      13  1550.61
 
       1       21.200733
       2       18.167980
       3       20.152670
       4       24.299022
       5       24.403704
       6       24.467332
       7       26.822604
       8       23.595496
       9       21.510769
      10       20.826568
      11       20.991101
      12       21.453921
      13   267.89
 
       1       5.8329652
       2       5.4799438
       3       5.2656579
       4       5.8460033
       5       5.8313422
       6       6.4016462
       7       6.8777793
       8       6.4922814
       9       6.4681544
      10       5.4945033
      11       5.8048852
      12       5.9748783
      13     5.98
 
       1 0.0
       2 0.0
       3 0.0
       4 0.0
       5 0.0
       6 0.0
       7 0.0
       8 0.0
       9 0.0
      10 0.0
      11 0.0
      12 0.0
      13 0.0
 
       1     0.023771067
       2     0.022738247
       3     0.022094771
       4     0.024105988
       5     0.024126400
       6     0.026203993
       7     0.028220476
       8     0.027360902
       9     0.027009919
      10     0.022784527
      11     0.023995851
      12     0.024368285
      13   0.0247
 
       1       1.0000000
       2       1.0000000
       3       1.0000000
       4       1.0000000
       5       1.0000000
       6       1.0000000
       7       1.0000000
       8       1.0000000
       9       1.0000000
      10       1.0000000
      11       1.0000000
      12       1.0000000
      13   1.0000
 
       1       0.0000000
       2       0.0000000
       3       0.0000000
       4       0.0000000
       5       0.0000000
       6       0.0000000
       7       0.0000000
       8       0.0000000
       9       0.0000000
      10       0.0000000
      11       0.0000000
      12       0.0000000
      13   0.0000
 
       1      0.69651074
       2      0.68042841
       3      0.65366034
       4      0.62243315
       5      0.60977648
       6      0.60393878
       7      0.62376820
       8      0.65817776
       9      0.68224480
      10      0.68344383
      11      0.70671064
      12      0.72092630
      13   0.6618
 
