       1       9.7068695
       2       9.5151103
       3       15.191380
       4       23.904331
       5       35.728290
       6       49.055329
       7       40.330355
       8       27.842688
       9       19.827580
      10       12.373325
      11       8.2801734
      12       5.4241595
      13   257.18
 
       1       6.4981355
       2       6.7795910
       3       9.7369118
       4       14.961915
       5       19.336246
       6       24.632632
       7       21.077444
       8       15.220767
       9       11.503412
      10       8.2215257
      11       6.1540214
      12       4.3987959
      13   148.52
 
       1      0.87362982
       2       1.0735836
       3       1.6078478
       4       2.9173541
       5       2.8821003
       6       3.0421945
       7       2.9988669
       8       2.0474025
       9       1.4981821
      10       1.2105243
      11      0.84139894
      12      0.56996207
      13    21.56
 
       1      0.53337109
       2      0.98000142
       3       2.5452625
       4       3.7907600
       5       7.0645938
       6       11.667784
       7       14.878485
       8       6.2621611
       9       3.2689162
      10      0.88917091
      11      0.58511884
      12      0.37515011
      13    52.84
 
       1      0.25119022
       2      0.28177944
       3       1.6588643
       4       3.5563822
       5       3.6150208
       6       5.7186320
       7       7.5804160
       8       4.3966220
       9       2.6903041
      10      0.62300471
      11      0.10177028
      12     0.055811851
      13    30.53
 
       1      0.66343028
       2       1.2085019
       3       2.0162238
       4       4.0036985
       5       4.0617951
       6       4.1444744
       7       3.4350031
       8       2.3092102
       9       1.7385272
      10       1.4166687
      11      0.77112054
      12      0.48566468
      13     2.19
 
       1 0.0
       2 0.0
       3 0.0
       4 0.0
       5 0.0
       6 0.0
       7 0.0
       8 0.0
       9 0.0
      10 0.0
      11 0.0
      12 0.0
      13 0.0
 
       1     0.014334520
       2     0.026388621
       3     0.041679796
       4     0.084152105
       5     0.085062657
       6     0.081322943
       7     0.065613184
       8     0.043416520
       9     0.034223395
      10     0.030803596
      11     0.017139248
      12     0.010723959
      13   0.0446
 
       1      0.87443982
       2      0.86990882
       3      0.86616050
       4      0.86767202
       5      0.86932980
       6      0.86738686
       7      0.86774969
       8      0.86466249
       9      0.86660314
      10      0.87209619
      11      0.87316017
      12      0.87296793
      13   0.8693
 
       1    0.0019217957
       2    0.0034987156
       3    0.0056911781
       4     0.011329055
       5     0.011387041
       6     0.011244733
       7    0.0092476819
       8    0.0062196383
       9    0.0047800610
      10    0.0040761019
      11    0.0022580540
      12    0.0014292475
      13   0.0061
 
       1      0.79158074
       2      0.91774716
       3      0.94697117
       4      0.96972162
       5      0.98582473
       6      0.97969602
       7      0.97626036
       8      0.97254075
       9      0.98086059
      10      0.96497565
      11      0.93763191
      12      0.86113348
      13   0.9404
 
