       1       8.8729852
       2       12.297900
       3       16.570651
       4       25.456205
       5       37.262640
       6       50.599595
       7       54.438823
       8       25.479419
       9       18.979277
      10       12.718136
      11       8.1193159
      12       6.9693443
      13   277.76
 
       1       6.4074307
       2       8.5281895
       3       11.113192
       4       16.646667
       5       20.371762
       6       26.759973
       7       28.176375
       8       14.976986
       9       10.845241
      10       8.2322886
      11       6.1125790
      12       5.4039058
      13   163.57
 
       1      0.80516760
       2       1.2556185
       3       1.9523105
       4       3.4206650
       5       3.0231875
       6       3.2594538
       7       3.5959881
       8       2.2276361
       9       1.3934421
      10       1.2387581
      11      0.83311953
      12      0.69977456
      13    23.71
 
       1      0.54528809
       2      0.95486216
       3       2.7744986
       4       4.0961545
       5       6.6680573
       6       12.289562
       7       19.057374
       8       6.6454492
       9       3.6481449
      10       1.0343098
      11      0.89256444
      12      0.94379488
      13    59.55
 
       1     0.072121354
       2      0.36989878
       3       1.3951942
       4       3.7117107
       5       5.1829953
       6       6.9689246
       7       7.2241270
       8       4.6922510
       9       2.0301160
      10      0.57051700
      11      0.18639054
      12      0.15339795
      13    32.56
 
       1      0.55761601
       2       1.4064258
       3       2.6581952
       4       5.1285981
       5       4.3231409
       6       4.4076270
       7       4.3235232
       8       2.4126127
       9       1.6754395
      10       1.3106676
      11      0.85092308
      12      0.62488128
      13     2.47
 
       1 0.0
       2 0.0
       3 0.0
       4 0.0
       5 0.0
       6 0.0
       7 0.0
       8 0.0
       9 0.0
      10 0.0
      11 0.0
      12 0.0
      13 0.0
 
       1     0.015506748
       2     0.038495838
       3     0.070632892
       4      0.14157118
       5      0.11308229
       6      0.10912871
       7      0.10205291
       8     0.057540871
       9     0.041386581
      10     0.035271583
      11     0.024107195
      12     0.017797773
      13   0.0639
 
       1      0.85474386
       2      0.84932879
       3      0.84721474
       4      0.85059976
       5      0.84913768
       6      0.84912428
       7      0.84642064
       8      0.84635279
       9      0.84901120
      10      0.85084000
      11      0.85467589
      12      0.85402950
      13   0.8501
 
       1    0.0023553029
       2    0.0059069846
       3     0.010944555
       4     0.021448363
       5     0.017491588
       6     0.017185498
       7     0.016449979
       8    0.0093108084
       9    0.0066095956
      10    0.0054507572
      11    0.0036378273
      12    0.0026865561
      13   0.0100
 
       1      0.89184811
       2      0.91500809
       3      0.94185527
       4      0.98200357
       5      0.98936366
       6      0.98595853
       7      0.97945428
       8      0.97333832
       9      0.97224055
      10      0.95361483
      11      0.95413854
      12      0.93075245
      13   0.9558
 
