       1       10.975697
       2       14.084315
       3       16.123319
       4       23.680113
       5       32.143216
       6       47.018264
       7       45.061868
       8       32.686219
       9       23.002393
      10       10.551181
      11       9.1549228
      12       8.8713373
      13   273.35
 
       1       7.5367661
       2       8.9635165
       3       10.113423
       4       14.227951
       5       17.286757
       6       24.147185
       7       23.947445
       8       18.206239
       9       13.172768
      10       6.8983071
      11       6.6424686
      12       6.5004803
      13   157.64
 
       1      0.98085667
       2       1.3113877
       3       1.7020857
       4       2.5725754
       5       2.6996596
       6       2.9934963
       7       3.3652314
       8       2.5055926
       9       1.7183122
      10       1.0002488
      11       1.0787595
      12      0.87869055
      13    22.81
 
       1       1.0919662
       2       1.1317370
       3       2.9771789
       4       3.5802949
       5       5.1539050
       6       14.242361
       7       15.814442
       8       9.1434650
       9       4.4335365
      10      0.77249489
      11       1.1897148
      12       1.4178779
      13    60.95
 
       1      0.28447597
       2      0.62862802
       3       1.4036405
       4       2.3626069
       5       3.9227197
       6       6.2235371
       7       7.0562256
       8       4.3054838
       9       2.2465224
      10      0.30218503
      11      0.21454684
      12      0.37121586
      13    29.32
 
       1      0.82903686
       2       1.3046977
       3       2.0404277
       4       3.1757703
       5       3.2776812
       6       3.8806091
       7       3.8865340
       8       2.7553821
       9       2.0969615
      10      0.99532962
      11       1.0758368
      12      0.79301373
      13     2.18
 
       1 0.0
       2 0.0
       3 0.0
       4 0.0
       5 0.0
       6 0.0
       7 0.0
       8 0.0
       9 0.0
      10 0.0
      11 0.0
      12 0.0
      13 0.0
 
       1     0.018259105
       2     0.027859005
       3     0.042092944
       4     0.065062146
       5     0.066075023
       6     0.075384717
       7     0.074288655
       8     0.052120784
       9     0.040892603
      10     0.020620784
      11     0.024130081
      12     0.017253278
      13   0.0437
 
       1      0.87362036
       2      0.87017050
       3      0.86613483
       4      0.86621610
       5      0.86697274
       6      0.86394044
       7      0.86412374
       8      0.86494212
       9      0.86604668
      10      0.86936946
      11      0.87408239
      12      0.87395886
      13   0.8683
 
       1    0.0024021904
       2    0.0037378911
       3    0.0057421582
       4    0.0088855666
       5    0.0090716651
       6     0.010476993
       7     0.010463374
       8    0.0074245116
       9    0.0057425506
      10    0.0028236227
      11    0.0031427200
      12    0.0023027276
      13   0.0060
 
       1      0.88998398
       2      0.86835339
       3      0.93842640
       4      0.96744695
       5      0.97807248
       6      0.98139823
       7      0.97357280
       8      0.96532961
       9      0.94502380
      10      0.94621343
      11      0.94986258
      12      0.87909232
      13   0.9402
 
