       1       141.53889
       2       97.775413
       3       138.42611
       4       121.32056
       5       162.13026
       6       118.51468
       7       124.39320
       8       119.34148
       9       115.47983
      10       110.98264
      11       71.239522
      12       107.73945
      13  1428.88
 
       1       97.308255
       2       65.477605
       3       89.982712
       4       75.525938
       5       99.780228
       6       70.863950
       7       69.553323
       8       68.478824
       9       72.752368
      10       74.237192
      11       50.110027
      12       75.038047
      13   909.11
 
       1       12.277310
       2       8.2405089
       3       10.163715
       4       7.4994259
       5       8.3824987
       6       6.5761042
       7       5.8947307
       8       6.3963503
       9       7.5069951
      10       8.0056946
      11       6.2425494
      12       9.5989763
      13    96.78
 
       1       13.146887
       2       8.9840070
       3       11.214372
       4       8.3509741
       5       11.827826
       6       14.100514
       7       14.693420
       8       14.121671
       9       11.181617
      10       8.5226378
      11       8.0270363
      12       10.644436
      13   134.82
 
       1       11.812120
       2       9.2820466
       3       11.772770
       4       11.492051
       5       16.974512
       6       17.898930
       7       18.394245
       8       22.293763
       9       22.688620
      10       20.589702
      11       8.5738069
      12       8.1107031
      13   179.88
 
       1       10.066223
       2       9.2548144
       3       15.197096
       4       14.351189
       5       22.333900
       6       18.835073
       7       15.275027
       8       14.607599
       9       15.562661
      10       12.410888
      11       7.1987603
      12       7.5019702
      13    13.55
 
       1 0.0
       2 0.0
       3 0.0
       4 0.0
       5 0.0
       6 0.0
       7 0.0
       8 0.0
       9 0.0
      10 0.0
      11 0.0
      12 0.0
      13 0.0
 
       1      0.13562633
       2      0.12162133
       3      0.20059146
       4      0.18437965
       5      0.29116935
       6      0.24620127
       7      0.19034666
       8      0.18297909
       9      0.19874788
      10      0.16033667
      11     0.093867616
      12     0.098534308
      13   0.1754
 
       1      0.85219809
       2      0.85015976
       3      0.85285189
       4      0.85229029
       5      0.85152777
       6      0.85120018
       7      0.85167093
       8      0.85203780
       9      0.85260647
      10      0.85258750
      11      0.85394062
      12      0.85086863
      13   0.8520
 
       1     0.020594884
       2     0.018792518
       3     0.030835821
       4     0.028775701
       5     0.044949565
       6     0.038026458
       7     0.030047813
       8     0.028834997
       9     0.031033873
      10     0.025005413
      11     0.014630908
      12     0.015251043
      13   0.0272
 
       1      0.69614102
       2      0.73357158
       3      0.76634876
       4      0.75510432
       5      0.85403613
       6      0.88121178
       7      0.82947768
       8      0.83278056
       9      0.81589922
      10      0.75071671
      11      0.67769414
      12      0.70857287
      13   0.7751
 
