       1       119.92109
       2       102.63949
       3       156.68850
       4       146.65508
       5       134.99790
       6       129.00013
       7       131.39263
       8       114.90788
       9       99.022109
      10       80.705870
      11       78.537660
      12       107.30573
      13  1401.77
 
       1       82.980387
       2       70.482497
       3       98.442734
       4       88.091420
       5       88.628321
       6       76.716526
       7       73.912916
       8       67.534820
       9       62.375573
      10       53.743345
      11       54.412531
      12       75.608770
      13   892.93
 
       1       10.463662
       2       8.5111913
       3       11.094050
       4       8.0624190
       5       9.0711485
       6       6.7967570
       7       6.4817317
       8       6.5271430
       9       6.7437441
      10       6.4716252
      11       6.4119619
      12       9.4308884
      13    96.07
 
       1       11.534497
       2       10.874571
       3       14.206229
       4       9.3992989
       5       12.921221
       6       12.176890
       7       15.500122
       8       13.202155
       9       9.2530471
      10       6.4678903
      11       7.3643969
      12       11.522431
      13   134.42
 
       1       12.433836
       2       9.9641588
       3       14.661888
       4       11.271300
       5       15.713069
       6       16.056874
       7       21.070861
       8       22.422041
       9       20.869725
      10       15.138845
      11       10.965160
      12       10.583292
      13   181.15
 
       1       8.6362917
       2       10.638488
       3       14.546378
       4       14.994925
       5       22.820161
       6       19.812504
       7       17.225833
       8       14.968332
       9       12.882974
      10       9.7991333
      11       7.8414370
      12       7.8009642
      13    13.50
 
       1 0.0
       2 0.0
       3 0.0
       4 0.0
       5 0.0
       6 0.0
       7 0.0
       8 0.0
       9 0.0
      10 0.0
      11 0.0
      12 0.0
      13 0.0
 
       1      0.11525412
       2      0.14445744
       3      0.18893281
       4      0.19117410
       5      0.30625986
       6      0.25548867
       7      0.21607500
       8      0.18752935
       9      0.16195062
      10      0.12483838
      11      0.10032283
      12      0.10338491
      13   0.1746
 
       1      0.85197437
       2      0.85324385
       3      0.85101945
       4      0.85202910
       5      0.85322558
       6      0.84992986
       7      0.85087698
       8      0.85124546
       9      0.85047535
      10      0.85216648
      11      0.85477235
      12      0.85149904
      13   0.8519
 
       1     0.017630358
       2     0.021912331
       3     0.029188927
       4     0.029909726
       5     0.046588098
       6     0.039736596
       7     0.034019685
       8     0.029577502
       9     0.025570542
      10     0.019669830
      11     0.015797046
      12     0.015921321
      13   0.0271
 
       1      0.65600405
       2      0.71283400
       3      0.81904828
       4      0.74842964
       5      0.87990651
       6      0.88370262
       7      0.85283316
       8      0.82898405
       9      0.81446440
      10      0.72824713
      11      0.65410375
      12      0.67667531
      13   0.7713
 
