       1       170.72365
       2       73.410665
       3       116.43068
       4       148.43002
       5       157.03746
       6       123.20608
       7       128.95902
       8       128.21851
       9       90.567404
      10       77.738392
      11       88.337541
      12       118.45917
      13  1421.52
 
       1       116.23662
       2       50.984108
       3       74.283692
       4       94.919387
       5       96.495280
       6       76.132896
       7       72.847310
       8       74.685561
       9       57.280451
      10       52.068953
      11       60.355270
      12       81.610968
      13   907.90
 
       1       14.665991
       2       7.0042112
       3       8.4544054
       4       11.534315
       5       9.8590976
       6       8.4282243
       7       6.8537364
       8       7.5567997
       9       6.6107574
      10       6.6738407
      11       7.1870026
      12       10.030098
      13   104.86
 
       1       17.520777
       2       6.4874125
       3       9.1755949
       4       13.851536
       5       13.649733
       6       15.754065
       7       16.197564
       8       15.182942
       9       9.7736484
      10       7.0130190
      11       7.3018413
      12       11.425811
      13   143.33
 
       1       12.304243
       2       5.7387495
       3       10.158988
       4       15.811245
       5       17.452638
       6       16.804102
       7       21.240489
       8       24.491147
       9       18.954779
      10       15.441544
      11       12.089329
      12       13.426628
      13   183.91
 
       1       11.783207
       2       7.3786420
       3       11.136421
       4       18.811359
       5       22.444646
       6       20.791462
       7       16.118964
       8       16.533134
       9       12.258828
      10       9.3054489
      11       8.2576959
      12       9.2523594
      13    13.67
 
       1 0.0
       2 0.0
       3 0.0
       4 0.0
       5 0.0
       6 0.0
       7 0.0
       8 0.0
       9 0.0
      10 0.0
      11 0.0
      12 0.0
      13 0.0
 
       1      0.12529245
       2     0.075279211
       3      0.11227505
       4      0.19582260
       5      0.22910497
       6      0.21049960
       7      0.15730017
       8      0.16316899
       9      0.12010394
      10     0.090798435
      11     0.083282896
      12     0.097982912
      13   0.1384
 
       1      0.93258237
       2      0.93241392
       3      0.93142525
       4      0.93303903
       5      0.93299084
       6      0.93185931
       7      0.93194905
       8      0.93287399
       9      0.93303991
      10      0.93197548
      11      0.93339250
      12      0.93422359
      13   0.9326
 
       1    0.0086741284
       2    0.0054137601
       3    0.0081099068
       4     0.013781108
       5     0.016370497
       6     0.015134328
       7     0.011585501
       8     0.011929812
       9    0.0088734589
      10    0.0067517807
      11    0.0060393638
      12    0.0068244096
      13   0.0100
 
       1      0.70260399
       2      0.68610338
       3      0.70239926
       4      0.80931685
       5      0.78578802
       6      0.85541423
       7      0.80695995
       8      0.80862718
       9      0.72592902
      10      0.69333775
      11      0.68854200
      12      0.69630182
      13   0.7468
 
