       1       201.56618
       2       170.09422
       3       204.02280
       4       206.62609
       5       239.93708
       6       219.77539
       7       239.83832
       8       202.02634
       9       191.01634
      10       143.56933
      11       155.33851
      12       185.57231
      13  2359.38
 
       1       137.49198
       2       110.64336
       3       134.33548
       4       132.27529
       5       144.85919
       6       127.70917
       7       131.13303
       8       118.01071
       9       116.66700
      10       94.785767
      11       105.78615
      12       123.35095
      13  1477.05
 
       1       18.887914
       2       14.289384
       3       18.744461
       4       17.401669
       5       17.612394
       6       15.365011
       7       14.373774
       8       13.533170
       9       12.994638
      10       12.110776
      11       13.188078
      12       16.166795
      13   184.67
 
       1       25.232234
       2       17.802159
       3       27.791485
       4       28.409564
       5       32.140365
       6       49.035987
       7       48.063581
       8       34.557635
       9       23.601230
      10       17.211571
      11       19.849118
      12       24.819808
      13   348.51
 
       1       21.391623
       2       15.737192
       3       22.957222
       4       23.717771
       5       32.897321
       6       42.506572
       7       46.260439
       8       43.239670
       9       38.112331
      10       24.826457
      11       21.311019
      12       19.207180
      13   352.16
 
       1       16.630808
       2       17.147617
       3       24.621796
       4       33.467178
       5       38.194245
       6       34.193182
       7       29.407778
       8       26.838669
       9       24.718218
      10       17.556935
      11       15.912578
      12       14.247843
      13    24.41
 
       1 0.0
       2 0.0
       3 0.0
       4 0.0
       5 0.0
       6 0.0
       7 0.0
       8 0.0
       9 0.0
      10 0.0
      11 0.0
      12 0.0
      13 0.0
 
       1     0.016238839
       2     0.016795478
       3     0.024047213
       4     0.033178787
       5     0.037365729
       6     0.032683794
       7     0.027035859
       8     0.024757995
       9     0.023156521
      10     0.016551828
      11     0.015354834
      12     0.013858865
      13   0.0234
 
       1      0.88231711
       2      0.88333719
       3      0.88218815
       4      0.88307800
       5      0.88155238
       6      0.88193873
       7      0.88481513
       8      0.88592129
       9      0.88327252
      10      0.88365354
      11      0.88614782
      12      0.88646217
      13   0.8837
 
       1    0.0021344246
       2    0.0022059460
       3    0.0031575170
       4    0.0043147115
       5    0.0048934133
       6    0.0043338505
       7    0.0036652932
       8    0.0033588471
       9    0.0031139228
      10    0.0022278089
      11    0.0020372754
      12    0.0018236316
      13   0.0031
 
       1      0.27397652
       2      0.27253520
       3      0.30240252
       4      0.36356290
       5      0.38855628
       6      0.40394748
       7      0.34713621
       8      0.31853946
       9      0.32265046
      10      0.31071624
      11      0.28628546
      12      0.27053583
      13   0.3217
 
