       1       85.352745
       2       122.24738
       3       197.10852
       4       113.29426
       5       154.76272
       6       141.12988
       7       142.00882
       8       133.98042
       9       102.35360
      10       69.305839
      11       108.76658
      12       106.77768
      13  1477.09
 
       1       59.753652
       2       79.262355
       3       124.95131
       4       75.882551
       5       92.746989
       6       82.612484
       7       79.969821
       8       76.771916
       9       64.931427
      10       47.631744
      11       73.961268
      12       74.337372
      13   932.81
 
       1       7.4045151
       2       9.1111046
       3       14.002086
       4       9.9972293
       5       7.8601637
       6       6.9265124
       7       7.0629937
       8       7.0403892
       9       6.7682440
      10       6.1972869
      11       8.7167082
      12       8.8885763
      13    99.98
 
       1       6.7681177
       2       9.0735618
       3       17.529126
       4       12.300303
       5       9.2262716
       6       15.092654
       7       14.986111
       8       15.512512
       9       10.953798
      10       6.3804675
      11       10.546942
      12       10.371454
      13   138.74
 
       1       8.7188787
       2       8.7001338
       3       19.676066
       4       15.770458
       5       13.621084
       6       18.153484
       7       21.473347
       8       25.727576
       9       21.003490
      10       14.632128
      11       13.643704
      12       12.373766
      13   193.49
 
       1       6.9657653
       2       10.472792
       3       19.567063
       4       16.577416
       5       19.384739
       6       21.556978
       7       19.358585
       8       17.457324
       9       14.207264
      10       8.8473980
      11       9.3463630
      12       8.2188173
      13    14.33
 
       1 0.0
       2 0.0
       3 0.0
       4 0.0
       5 0.0
       6 0.0
       7 0.0
       8 0.0
       9 0.0
      10 0.0
      11 0.0
      12 0.0
      13 0.0
 
       1     0.074706010
       2      0.10968652
       3      0.21200472
       4      0.17783394
       5      0.20051608
       6      0.22444926
       7      0.19750071
       8      0.17728638
       9      0.14417951
      10     0.089299756
      11     0.098150435
      12     0.087992657
      13   0.1495
 
       1      0.83329959
       2      0.82858723
       3      0.83236833
       4      0.83320260
       5      0.83047171
       6      0.83031523
       7      0.83158916
       8      0.83093874
       9      0.83034991
      10      0.83086179
      11      0.83111338
      12      0.83263582
      13   0.8313
 
       1     0.013102893
       2     0.019396490
       3     0.036571686
       4     0.030977279
       5     0.035670906
       6     0.039678040
       7     0.035292476
       8     0.031802134
       9     0.025971818
      10     0.016272624
      11     0.017362044
      12     0.015430101
      13   0.0265
 
       1      0.64177273
       2      0.74077285
       3      0.83204467
       4      0.86091327
       5      0.77711817
       6      0.87650529
       7      0.81979560
       8      0.82477783
       9      0.78990090
      10      0.71235545
      11      0.70993875
      12      0.67642107
      13   0.7719
 
