       1       145.21987
       2       99.485154
       3       157.83189
       4       201.88795
       5       227.93556
       6       232.95184
       7       253.44514
       8       185.69586
       9       152.45839
      10       132.82790
      11       194.40152
      12       160.24340
      13  2144.38
 
       1       100.91892
       2       67.075465
       3       100.30524
       4       130.46731
       5       140.25569
       6       134.96182
       7       141.80911
       8       109.90188
       9       95.703206
      10       86.457626
      11       132.86328
      12       113.36601
      13  1354.09
 
       1       13.924623
       2       8.9146985
       3       12.226440
       4       16.030116
       5       15.616395
       6       15.044186
       7       15.176866
       8       12.893319
       9       11.287372
      10       10.248244
      11       15.983521
      12       15.170377
      13   162.52
 
       1       19.783833
       2       11.917241
       3       17.008603
       4       25.527658
       5       30.282689
       6       45.906209
       7       49.756098
       8       32.108272
       9       21.144283
      10       13.262971
      11       21.910737
      12       21.636180
      13   310.24
 
       1       13.746251
       2       8.4034090
       3       15.278893
       4       25.386196
       5       32.165901
       6       41.637592
       7       48.776266
       8       42.239584
       9       30.236068
      10       16.115259
      11       27.717780
      12       18.995725
      13   320.70
 
       1       13.607311
       2       11.692494
       3       17.292620
       4       31.409419
       5       35.391215
       6       36.538658
       7       32.906023
       8       25.250068
       9       20.521006
      10       14.859658
      11       19.032990
      12       14.123402
      13    22.72
 
       1 0.0
       2 0.0
       3 0.0
       4 0.0
       5 0.0
       6 0.0
       7 0.0
       8 0.0
       9 0.0
      10 0.0
      11 0.0
      12 0.0
      13 0.0
 
       1     0.016796629
       2     0.013839743
       3     0.020440618
       4     0.038632877
       5     0.043082691
       6     0.044161075
       7     0.038443359
       8     0.029371703
       9     0.023935303
      10     0.017551913
      11     0.023732598
      12     0.017568561
      13   0.0273
 
       1      0.86176973
       2      0.86073664
       3      0.85917057
       4      0.86065696
       5      0.86005602
       6      0.86074811
       7      0.86211121
       8      0.86402994
       9      0.86219615
      10      0.86206555
      11      0.86521787
      12      0.86497490
      13   0.8620
 
       1    0.0025441833
       2    0.0021539823
       3    0.0031723584
       4    0.0058471827
       5    0.0065578033
       6    0.0067307561
       7    0.0059454966
       8    0.0045649781
       9    0.0037219572
      10    0.0027267498
      11    0.0035636341
      12    0.0026442814
      13   0.0042
 
       1      0.31011696
       2      0.30101330
       3      0.32438577
       4      0.36382907
       5      0.38665921
       6      0.40182076
       7      0.36469922
       8      0.34350538
       9      0.33118642
      10      0.32249021
      11      0.32331763
      12      0.30867664
      13   0.3401
 
