       1       138.68051
       2       162.45465
       3       172.75395
       4       161.54163
       5       203.90858
       6       210.01888
       7       204.66930
       8       187.09157
       9       134.69707
      10       125.49901
      11       147.48289
      12       113.40849
      13  1962.21
 
       1       94.991999
       2       105.49979
       3       113.98957
       4       100.54316
       5       127.71056
       6       120.92997
       7       115.83626
       8       108.67147
       9       84.606388
      10       81.992808
      11       98.618571
      12       77.000572
      13  1230.39
 
       1       13.741631
       2       14.221129
       3       17.030095
       4       13.403018
       5       17.139919
       6       14.672331
       7       13.966453
       8       12.916080
       9       10.903092
      10       10.680253
      11       12.712475
      12       9.7993289
      13   161.19
 
       1       18.799330
       2       16.310754
       3       22.933902
       4       20.879909
       5       29.538519
       6       39.749117
       7       41.483232
       8       33.596927
       9       19.840001
      10       14.925968
      11       19.293929
      12       16.648526
      13   294.00
 
       1       14.733455
       2       13.373189
       3       20.818241
       4       20.533975
       5       29.974906
       6       32.160211
       7       36.469896
       8       36.285016
       9       25.135654
      10       18.016410
      11       19.181844
      12       12.606380
      13   279.29
 
       1       12.425496
       2       15.518100
       3       19.864787
       4       21.515513
       5       31.809216
       6       28.471492
       7       25.459219
       8       22.772149
       9       17.580284
      10       14.918630
      11       14.946217
      12       10.023136
      13    19.61
 
       1 0.0
       2 0.0
       3 0.0
       4 0.0
       5 0.0
       6 0.0
       7 0.0
       8 0.0
       9 0.0
      10 0.0
      11 0.0
      12 0.0
      13 0.0
 
       1     0.012065531
       2     0.014884478
       3     0.019128023
       4     0.020053279
       5     0.030031707
       6     0.026322755
       7     0.023205622
       8     0.020583226
       9     0.016026556
      10     0.013876821
      11     0.014187208
      12    0.0095782704
      13   0.0183
 
       1      0.88287084
       2      0.88204749
       3      0.88259425
       4      0.88100525
       5      0.88057905
       6      0.87966310
       7      0.88271342
       8      0.88379600
       9      0.88204674
      10      0.88251894
      11      0.88442850
      12      0.88402642
      13   0.8824
 
       1    0.0015975331
       2    0.0019791219
       3    0.0025384768
       4    0.0027222026
       5    0.0040308261
       6    0.0035723607
       7    0.0031707158
       8    0.0028285489
       9    0.0022009058
      10    0.0018895390
      11    0.0019026783
      12    0.0012820642
      13   0.0025
 
       1      0.28465117
       2      0.28692969
       3      0.30306206
       4      0.31749518
       5      0.34356945
       6      0.36725103
       7      0.32748031
       8      0.29769889
       9      0.28788045
      10      0.29133449
      11      0.27771268
      12      0.26550264
      13   0.3042
 
