       1       439.74555
       2       430.00881
       3       473.31266
       4       456.32560
       5       491.12659
       6       525.67232
       7       508.96289
       8       527.23811
       9       457.30077
      10       460.21062
      11       456.14866
      12       484.05087
      13  5710.10
 
       1       266.16861
       2       261.34114
       3       288.94571
       4       279.95100
       5       301.32699
       6       322.48272
       7       309.29028
       8       327.34629
       9       284.45906
      10       284.22979
      11       281.81386
      12       289.97427
      13  3497.33
 
       1       34.023879
       2       32.877677
       3       36.322340
       4       34.507701
       5       37.088888
       6       39.230750
       7       38.552825
       8       39.493398
       9       34.970353
      10       34.360543
      11       34.046368
      12       37.000792
      13   432.48
 
       1       121.13637
       2       115.76125
       3       126.82674
       4       119.65927
       5       127.79602
       6       138.24417
       7       137.41630
       8       135.96285
       9       119.23265
      10       119.51860
      11       119.86661
      12       133.46527
      13  1514.89
 
       1       19.239937
       2       19.653991
       3       21.004069
       4       21.331062
       5       24.644318
       6       25.323585
       7       24.932425
       8       23.453972
       9       21.211052
      10       21.030336
      11       20.026330
      12       23.606191
      13   265.46
 
       1       5.3812164
       2       5.5647239
       3       5.7164944
       4       5.4948708
       5       5.9346643
       6       6.6146941
       7       6.3467891
       8       6.3021728
       9       5.8516603
      10       5.2863936
      11       5.5329144
      12       5.9011880
      13     5.83
 
       1 0.0
       2 0.0
       3 0.0
       4 0.0
       5 0.0
       6 0.0
       7 0.0
       8 0.0
       9 0.0
      10 0.0
      11 0.0
      12 0.0
      13 0.0
 
       1     0.022029747
       2     0.023091378
       3     0.023639329
       4     0.022779361
       5     0.024270248
       6     0.027241553
       7     0.025753179
       8     0.026379144
       9     0.024552171
      10     0.022037421
      11     0.023141931
      12     0.024121228
      13   0.0241
 
       1       1.0000000
       2       1.0000000
       3       1.0000000
       4       1.0000000
       5       1.0000000
       6       1.0000000
       7       1.0000000
       8       1.0000000
       9       1.0000000
      10       1.0000000
      11       1.0000000
      12       1.0000000
      13   1.0000
 
       1       0.0000000
       2       0.0000000
       3       0.0000000
       4       0.0000000
       5       0.0000000
       6       0.0000000
       7       0.0000000
       8       0.0000000
       9       0.0000000
      10       0.0000000
      11       0.0000000
      12       0.0000000
      13   0.0000
 
       1      0.72764818
       2      0.71437828
       3      0.66515253
       4      0.63830785
       5      0.62837706
       6      0.60339667
       7      0.64721529
       8      0.67665998
       9      0.69507614
      10      0.69831892
      11      0.73030171
      12      0.72381143
      13   0.6791
 
