       1       225.29107
       2       158.23784
       3       191.15920
       4       206.83530
       5       223.09977
       6       218.63031
       7       259.05810
       8       194.63988
       9       166.09208
      10       108.46149
      11       106.73557
      12       152.19258
      13  2210.43
 
       1       153.81084
       2       106.38552
       3       121.04722
       4       131.77380
       5       139.23280
       6       127.14002
       7       143.38708
       8       112.67468
       9       103.62975
      10       73.948144
      11       73.071245
      12       101.57729
      13  1387.68
 
       1       21.720209
       2       14.791701
       3       15.379834
       4       17.250952
       5       17.578556
       6       14.881152
       7       15.622544
       8       12.834593
       9       11.739437
      10       10.225351
      11       9.6435192
      12       12.645909
      13   174.31
 
       1       33.202691
       2       17.660284
       3       20.467021
       4       28.624782
       5       32.080818
       6       38.463711
       7       54.834492
       8       34.319748
       9       22.250059
      10       12.972669
      11       13.350122
      12       18.290861
      13   326.52
 
       1       23.579309
       2       15.002757
       3       19.139260
       4       24.622833
       5       38.071279
       6       37.632476
       7       49.180868
       8       43.200794
       9       31.905024
      10       18.644040
      11       14.236926
      12       15.083188
      13   330.30
 
       1       17.727769
       2       15.070336
       3       20.318643
       4       31.194386
       5       37.222043
       6       33.100070
       7       34.595106
       8       25.460802
       9       22.950362
      10       13.805244
      11       11.492303
      12       12.160451
      13    22.92
 
       1 0.0
       2 0.0
       3 0.0
       4 0.0
       5 0.0
       6 0.0
       7 0.0
       8 0.0
       9 0.0
      10 0.0
      11 0.0
      12 0.0
      13 0.0
 
       1     0.022041381
       2     0.018498274
       3     0.024493929
       4     0.038325599
       5     0.045956977
       6     0.039965821
       7     0.040893806
       8     0.029762409
       9     0.027315773
      10     0.016793169
      11     0.013992079
      12     0.014918665
      13   0.0277
 
       1      0.88872107
       2      0.88891863
       3      0.88743104
       4      0.88897620
       5      0.88846729
       6      0.88889278
       7      0.88932820
       8      0.89042322
       9      0.88949830
      10      0.88984190
      11      0.89027124
      12      0.88971222
      13   0.8892
 
       1    0.0026631074
       2    0.0022609977
       3    0.0030212311
       4    0.0046771712
       5    0.0055890651
       6    0.0049055799
       7    0.0050503832
       8    0.0037097602
       9    0.0033800130
      10    0.0020679090
      11    0.0017247329
      12    0.0018245369
      13   0.0034
 
       1      0.29540328
       2      0.28083586
       3      0.32964031
       4      0.37823315
       5      0.40217402
       6      0.41112164
       7      0.37470281
       8      0.34710346
       9      0.33666886
      10      0.31458554
      11      0.29562367
      12      0.28801491
      13   0.3378
 
