       1       8.1700600
       2       12.571252
       3       24.947720
       4       23.707496
       5       39.115211
       6       45.120099
       7       42.803935
       8       25.124711
       9       16.547966
      10       16.538110
      11       9.0956378
      12       7.7869913
      13   271.53
 
       1       5.9558142
       2       8.3206629
       3       16.072165
       4       14.441529
       5       20.873792
       6       23.641477
       7       22.798542
       8       13.862219
       9       9.7757318
      10       9.9493065
      11       6.6727139
      12       5.6654543
      13   158.03
 
       1      0.73168429
       2       1.2177785
       3       2.7715211
       4       2.8230731
       5       2.8800525
       6       3.0732900
       7       3.1106031
       8       1.7626107
       9       1.3690826
      10       1.2747542
      11      0.98492825
      12      0.74703990
      13    22.75
 
       1      0.72849516
       2       1.3829099
       3       3.6880434
       4       4.0595666
       5       5.7607391
       6       11.213216
       7       13.216740
       8       5.3057359
       9       3.3103915
      10       1.2959160
      11       1.0834072
      12       1.2325199
      13    52.28
 
       1     0.081776963
       2      0.34751829
       3       1.4955050
       4       2.7445772
       5       4.1521572
       6       5.9025636
       7       6.1815155
       8       3.0800841
       9       1.8805431
      10      0.47065447
      11      0.13697185
      12      0.47245966
      13    26.95
 
       1      0.54798829
       2       1.2955621
       3       3.6296139
       4       3.4208467
       5       3.8618809
       6       3.7806234
       7       3.4877586
       8       2.0316227
       9       1.5652971
      10       1.1756496
      11      0.89794930
      12      0.63951305
      13     2.19
 
       1 0.0
       2 0.0
       3 0.0
       4 0.0
       5 0.0
       6 0.0
       7 0.0
       8 0.0
       9 0.0
      10 0.0
      11 0.0
      12 0.0
      13 0.0
 
       1     0.012055753
       2     0.026604202
       3     0.076683685
       4     0.069806381
       5     0.076589569
       6     0.072436348
       7     0.065468500
       8     0.037268157
       9     0.030123184
      10     0.024727346
      11     0.019589035
      12     0.013208532
      13   0.0437
 
       1      0.93318139
       2      0.92998131
       3      0.93074974
       4      0.93016505
       5      0.92947901
       6      0.92911616
       7      0.92877655
       8      0.92796020
       9      0.92955337
      10      0.93318601
      11      0.93391938
      12      0.93190710
      13   0.9307
 
       1   0.00083347996
       2    0.0019218649
       3    0.0054000616
       4    0.0050413067
       5    0.0056139874
       6    0.0054188715
       7    0.0049608869
       8    0.0028883731
       9    0.0022664851
      10    0.0017487950
      11    0.0013582825
      12   0.00095735607
      13   0.0032
 
       1      0.87104375
       2      0.90003382
       3      0.95902526
       4      0.96793118
       5      0.98460086
       6      0.98391577
       7      0.97335210
       8      0.96178588
       9      0.97753118
      10      0.95354741
      11      0.95487777
      12      0.84699617
      13   0.9446
 
