       1       161.98118
       2       159.83624
       3       191.67386
       4       153.01661
       5       136.80864
       6       129.21564
       7       104.85708
       8       129.91398
       9       132.75552
      10       99.108041
      11       78.938667
      12       94.445348
      13  1572.55
 
       1       108.33471
       2       107.39257
       3       127.13193
       4       95.059339
       5       83.428220
       6       81.063000
       7       60.146992
       8       74.000077
       9       82.682285
      10       68.703091
      11       53.481927
      12       66.408395
      13  1007.83
 
       1       13.692726
       2       14.550065
       3       15.917336
       4       10.547203
       5       8.4556166
       6       8.8576038
       7       5.7895869
       8       7.0102872
       9       8.6123764
      10       9.1351670
      11       6.1764654
      12       8.3232146
      13   117.07
 
       1       15.160031
       2       16.050399
       3       20.242297
       4       14.656053
       5       11.502833
       6       16.437114
       7       13.131409
       8       14.715994
       9       12.684985
      10       10.221952
      11       6.8191223
      12       9.3685130
      13   160.99
 
       1       14.114913
       2       12.854085
       3       18.929364
       4       16.755414
       5       16.421081
       6       18.097049
       7       15.825358
       8       23.563619
       9       25.008554
      10       22.043016
      11       9.8348829
      12       7.5745311
      13   201.02
 
       1       10.931839
       2       14.386167
       3       20.074682
       4       18.559997
       5       18.020823
       6       20.657761
       7       12.676841
       8       15.473125
       9       16.329331
      10       12.204037
      11       7.4292484
      12       7.1022242
      13    14.49
 
       1 0.0
       2 0.0
       3 0.0
       4 0.0
       5 0.0
       6 0.0
       7 0.0
       8 0.0
       9 0.0
      10 0.0
      11 0.0
      12 0.0
      13 0.0
 
       1      0.14358659
       2      0.19045815
       3      0.26457588
       4      0.23842560
       5      0.22484787
       6      0.26207737
       7      0.15240951
       8      0.18843460
       9      0.20363808
      10      0.15447175
      11     0.092754503
      12     0.091931325
      13   0.1840
 
       1      0.92535722
       2      0.92590169
       3      0.92610934
       4      0.92717117
       5      0.92506209
       6      0.92526985
       7      0.92550674
       8      0.92565181
       9      0.92582139
      10      0.92597610
      11      0.92645940
      12      0.92662515
      13   0.9259
 
       1     0.010960255
       2     0.014460098
       3     0.020143347
       4     0.018451991
       5     0.017745991
       6     0.020442694
       7     0.012277249
       8     0.015044001
       9     0.016015555
      10     0.012114178
      11    0.0073727877
      12    0.0071284559
      13   0.0143
 
       1      0.72627905
       2      0.75470524
       3      0.80484872
       4      0.74407608
       5      0.81988688
       6      0.88042796
       7      0.77792316
       8      0.81364232
       9      0.80592867
      10      0.79468594
      11      0.65425353
      12      0.69163514
      13   0.7724
 
