       1       141.81289
       2       96.741675
       3       154.61098
       4       146.30935
       5       163.18718
       6       134.10449
       7       122.63958
       8       132.74865
       9       107.20425
      10       119.32887
      11       90.287307
      12       104.69289
      13  1513.67
 
       1       98.966599
       2       66.075391
       3       97.137154
       4       90.723200
       5       100.50337
       6       80.502134
       7       69.472952
       8       75.808922
       9       66.926964
      10       81.089427
      11       61.172547
      12       74.249215
      13   962.63
 
       1       12.886221
       2       8.8733897
       3       9.9662093
       4       8.7519134
       5       9.4896639
       6       7.4311659
       7       6.6284658
       8       7.3894914
       9       7.1091949
      10       9.7305429
      11       7.0121910
      12       9.2689190
      13   104.54
 
       1       14.316875
       2       9.0560904
       3       11.727310
       4       10.837085
       5       13.456211
       6       14.657242
       7       13.926127
       8       14.454089
       9       10.451450
      10       11.059935
      11       7.9863647
      12       11.271176
      13   143.20
 
       1       12.107768
       2       10.396855
       3       13.285699
       4       13.385068
       5       18.220661
       6       16.575806
       7       21.128181
       8       25.759931
       9       22.421531
      10       23.813249
      11       12.264868
      12       12.253217
      13   201.61
 
       1       10.583087
       2       9.2907506
       3       15.468297
       4       18.785771
       5       24.026600
       6       21.867072
       7       15.914906
       8       17.705129
       9       14.159472
      10       14.293675
      11       8.3195794
      12       8.6592772
      13    14.92
 
       1 0.0
       2 0.0
       3 0.0
       4 0.0
       5 0.0
       6 0.0
       7 0.0
       8 0.0
       9 0.0
      10 0.0
      11 0.0
      12 0.0
      13 0.0
 
       1      0.14642036
       2      0.12701835
       3      0.20652655
       4      0.24916877
       5      0.32502294
       6      0.28967194
       7      0.20443165
       8      0.22769263
       9      0.18235526
      10      0.19130248
      11      0.10986898
      12      0.11988286
      13   0.1983
 
       1      0.88917623
       2      0.88906556
       3      0.89002986
       4      0.88881216
       5      0.89000986
       6      0.88729743
       7      0.88942207
       8      0.88903547
       9      0.88853758
      10      0.89106006
      11      0.88958702
      12      0.89131527
      13   0.8894
 
       1     0.016731261
       2     0.014639222
       3     0.024071928
       4     0.029163565
       5     0.037585612
       6     0.033911112
       7     0.024340299
       8     0.027095301
       9     0.021726748
      10     0.022312262
      11     0.012987568
      12     0.013729874
      13   0.0232
 
       1      0.74344210
       2      0.76729105
       3      0.73661783
       4      0.78417250
       5      0.84195304
       6      0.88790526
       7      0.80403441
       8      0.83670331
       9      0.81006203
      10      0.77865730
      11      0.68512496
      12      0.65671445
      13   0.7777
 
