       1       9.6103386
       2       12.737749
       3       21.852377
       4       21.550709
       5       41.255253
       6       45.313268
       7       31.715161
       8       21.706280
       9       18.891755
      10       11.066287
      11       12.485050
      12       7.4529163
      13   255.64
 
       1       6.8439415
       2       8.6973003
       3       13.545364
       4       12.693823
       5       22.153338
       6       23.224427
       7       17.556203
       8       12.596712
       9       11.251768
      10       7.2469636
      11       8.1332220
      12       5.6715030
      13   149.61
 
       1      0.87707509
       2       1.2916209
       3       1.9815941
       4       2.5291906
       5       3.1884552
       6       2.8739122
       7       2.5742329
       8       1.8131756
       9       1.4856561
      10       1.0565546
      11       1.1277918
      12      0.72544183
      13    21.52
 
       1      0.95371391
       2       1.5980565
       3       2.3884249
       4       3.5917158
       5       5.5480949
       6       13.612457
       7       11.213082
       8       4.4538894
       9       2.8075063
      10       1.0179216
      11      0.80792308
      12      0.88488936
      13    48.88
 
       1      0.29295452
       2      0.42006098
       3       1.6353828
       4       2.4425179
       5       3.9535755
       6       6.2733484
       7       5.4447677
       8       3.4702915
       9       2.5034457
      10      0.29836293
      11      0.19421140
      12      0.32459034
      13    27.25
 
       1      0.64388079
       2       1.5400230
       3       2.4659035
       4       3.5577356
       5       4.3751797
       6       3.8062920
       7       3.0162182
       8       1.7908875
       9       1.7489886
      10       1.1309878
      11      0.97241102
      12      0.55786627
      13     2.13
 
       1 0.0
       2 0.0
       3 0.0
       4 0.0
       5 0.0
       6 0.0
       7 0.0
       8 0.0
       9 0.0
      10 0.0
      11 0.0
      12 0.0
      13 0.0
 
       1     0.014234793
       2     0.033513094
       3     0.052010830
       4     0.078274132
       5     0.093298218
       6     0.074708531
       7     0.057655839
       8     0.033742081
       9     0.034776504
      10     0.024809679
      11     0.022001059
      12     0.012099430
      13   0.0443
 
       1      0.82923940
       2      0.82891637
       3      0.82733526
       4      0.82924612
       5      0.82984917
       6      0.82599165
       7      0.82379317
       8      0.82186218
       9      0.82527615
      10      0.82995802
      11      0.83391052
      12      0.83052773
      13   0.8280
 
       1    0.0024919508
       2    0.0058806984
       3    0.0092191075
       4     0.013576467
       5     0.016314019
       6     0.013547744
       7     0.010664932
       8    0.0063156969
       9    0.0063608693
      10    0.0043337589
      11    0.0037745839
      12    0.0021452278
      13   0.0079
 
       1      0.85606878
       2      0.90741863
       3      0.90697345
       4      0.97263297
       5      0.97996761
       6      0.97538092
       7      0.96410825
       8      0.96160709
       9      0.97019315
      10      0.96925634
      11      0.94145832
      12      0.85491805
      13   0.9383
 
