       1       7.8363877
       2       14.407561
       3       18.711359
       4       23.654185
       5       38.884252
       6       50.309670
       7       39.240166
       8       28.555350
       9       16.156627
      10       13.678918
      11       8.7083898
      12       8.5153587
      13   268.66
 
       1       5.4156573
       2       9.9978368
       3       12.547016
       4       15.286520
       5       20.930137
       6       24.846870
       7       21.684965
       8       16.134984
       9       9.3423313
      10       8.9296076
      11       6.1261707
      12       6.3505514
      13   157.59
 
       1      0.70084360
       2       1.5585061
       3       2.2943192
       4       3.1924390
       5       3.2198615
       6       3.1130526
       7       3.0330714
       8       2.3294194
       9       1.2347409
      10       1.3162314
      11      0.78618454
      12      0.77133683
      13    23.55
 
       1      0.59566610
       2       1.5137962
       3       3.5560315
       4       5.0539081
       5       7.7121545
       6       13.886903
       7       12.348291
       8       7.9006006
       9       2.1353122
      10       1.2062318
      11      0.83179637
      12      0.71106478
      13    57.45
 
       1      0.15885062
       2      0.65576832
       3       1.5097512
       4       3.7185161
       5       4.5459472
       6       6.4193281
       7       6.0185283
       8       5.1403278
       9       1.6694760
      10      0.55160825
      11      0.16608611
      12      0.11099603
      13    30.67
 
       1      0.55514077
       2       1.9554702
       3       3.0458647
       4       4.4444408
       5       4.5267099
       6       4.1212100
       7       3.6322699
       8       2.4849026
       9       1.3509577
      10       1.3015552
      11      0.79365185
      12      0.64359626
      13     2.40
 
       1 0.0
       2 0.0
       3 0.0
       4 0.0
       5 0.0
       6 0.0
       7 0.0
       8 0.0
       9 0.0
      10 0.0
      11 0.0
      12 0.0
      13 0.0
 
       1     0.015229924
       2     0.055710608
       3     0.082976484
       4      0.11983562
       5      0.12031632
       6      0.10138375
       7     0.088378614
       8     0.059832699
       9     0.033729096
      10     0.036042741
      11     0.022832253
      12     0.018126342
      13   0.0629
 
       1      0.88110965
       2      0.88205496
       3      0.87870433
       4      0.87873995
       5      0.87888252
       6      0.87836771
       7      0.87839243
       8      0.87742529
       9      0.87740466
      10      0.88073387
      11      0.88333888
      12      0.88226973
      13   0.8798
 
       1    0.0018813473
       2    0.0067212354
       3     0.010215906
       4     0.014783824
       5     0.014834546
       6     0.012884246
       7     0.011317051
       8    0.0077402286
       9    0.0043068405
      10    0.0043929654
      11    0.0027450767
      12    0.0022096623
      13   0.0078
 
       1      0.85390387
       2      0.91346053
       3      0.96603642
       4      0.97556921
       5      0.98473016
       6      0.98207072
       7      0.97942584
       8      0.97940000
       9      0.98271714
      10      0.96816391
      11      0.93968007
      12      0.89297395
      13   0.9515
 
