       1       193.76444
       2       202.81926
       3       249.86777
       4       156.86584
       5       220.18202
       6       233.71205
       7       247.39244
       8       191.88423
       9       150.00452
      10       133.29276
      11       112.61083
      12       202.10039
      13  2294.50
 
       1       130.80453
       2       134.87070
       3       164.01547
       4       99.014037
       5       138.71991
       6       136.83896
       7       139.45689
       8       113.74028
       9       93.002848
      10       87.869986
      11       75.324662
      12       135.05409
      13  1448.71
 
       1       16.847512
       2       17.984567
       3       21.517247
       4       12.713987
       5       16.306093
       6       15.214093
       7       15.135258
       8       13.342429
       9       11.165047
      10       10.686277
      11       9.2562179
      12       16.637050
      13   176.81
 
       1       21.804159
       2       25.943417
       3       30.405475
       4       19.753143
       5       30.947576
       6       43.054480
       7       46.316123
       8       34.344115
       9       19.926577
      10       14.626559
      11       14.015553
      12       24.237581
      13   325.37
 
       1       17.914357
       2       19.817457
       3       30.727370
       4       18.178175
       5       31.110715
       6       41.182425
       7       48.509574
       8       41.063489
       9       28.262327
      10       22.077523
      11       13.748048
      12       21.693636
      13   334.29
 
       1       15.356281
       2       19.542572
       3       27.405707
       4       22.447610
       5       35.332052
       6       36.625094
       7       34.342273
       8       25.979828
       9       19.984454
      10       15.945726
      11       12.067037
      12       14.976924
      13    23.33
 
       1 0.0
       2 0.0
       3 0.0
       4 0.0
       5 0.0
       6 0.0
       7 0.0
       8 0.0
       9 0.0
      10 0.0
      11 0.0
      12 0.0
      13 0.0
 
       1     0.015122047
       2     0.019208332
       3     0.027300623
       4     0.021527487
       5     0.034434810
       6     0.035377161
       7     0.032640373
       8     0.024294079
       9     0.018648737
      10     0.015035285
      11     0.011597053
      12     0.014554545
      13   0.0225
 
       1      0.84332184
       2      0.84380652
       3      0.84361873
       4      0.84205199
       5      0.83999899
       6      0.84208172
       7      0.84441106
       8      0.84647085
       9      0.84344818
      10      0.84336659
      11      0.84624751
      12      0.84428963
      13   0.8436
 
       1    0.0026146910
       2    0.0033206797
       3    0.0046786761
       4    0.0037972744
       5    0.0059950526
       6    0.0061685922
       7    0.0057354648
       8    0.0043165339
       9    0.0033323399
      10    0.0026776040
      11    0.0020491119
      12    0.0025331503
      13   0.0039
 
       1      0.27089142
       2      0.28699210
       3      0.31747383
       4      0.33217850
       5      0.38003107
       6      0.39793629
       7      0.37437567
       8      0.33981130
       9      0.31662031
      10      0.30353784
      11      0.28213273
      12      0.26568303
      13   0.3223
 
