       1       114.36985
       2       84.348619
       3       117.27332
       4       126.92467
       5       184.75721
       6       137.72051
       7       128.37150
       8       104.16317
       9       119.32706
      10       117.18905
      11       108.16590
      12       149.65288
      13  1492.26
 
       1       79.360841
       2       57.488595
       3       74.346321
       4       80.609030
       5       112.92700
       6       82.646839
       7       73.317993
       8       60.922515
       9       74.939310
      10       77.736505
      11       74.935290
      12       103.54881
      13   952.78
 
       1       10.379528
       2       7.0794916
       3       8.1284101
       4       8.6158378
       5       8.7224374
       6       7.2481374
       7       6.6563397
       8       6.1205505
       9       7.3023134
      10       8.5944699
      11       9.0113882
      12       13.199031
      13   101.06
 
       1       10.827271
       2       6.4569495
       3       9.1167247
       4       10.971687
       5       12.182021
       6       14.377053
       7       15.585169
       8       11.729252
       9       11.071066
      10       9.6355591
      11       10.805135
      12       15.234262
      13   137.99
 
       1       11.113215
       2       6.1503924
       3       9.4643987
       4       13.830308
       5       17.295871
       6       18.579008
       7       19.905177
       8       19.089683
       9       22.474293
      10       22.555063
      11       14.671109
      12       16.537231
      13   191.67
 
       1       8.5639528
       2       8.2615267
       3       11.490928
       4       16.199515
       5       25.213100
       6       24.029849
       7       17.639184
       8       13.399883
       9       16.269863
      10       13.048548
      11       9.9921955
      12       10.316679
      13    14.54
 
       1 0.0
       2 0.0
       3 0.0
       4 0.0
       5 0.0
       6 0.0
       7 0.0
       8 0.0
       9 0.0
      10 0.0
      11 0.0
      12 0.0
      13 0.0
 
       1      0.11650462
       2      0.10799588
       3      0.14772475
       4      0.21157710
       5      0.33131346
       6      0.32494078
       7      0.22452009
       8      0.16757215
       9      0.20846309
      10      0.17005646
      11      0.13220460
      12      0.13848476
      13   0.1901
 
       1      0.85463403
       2      0.85163898
       3      0.85029289
       4      0.85154347
       5      0.85133351
       6      0.85350954
       7      0.85239154
       8      0.85276372
       9      0.85242819
      10      0.85320937
      11      0.85495967
      12      0.85248767
      13   0.8526
 
       1     0.017656926
       2     0.016759387
       3     0.023028892
       4     0.032673408
       5     0.050821060
       6     0.049207846
       7     0.035059738
       8     0.026489066
       9     0.032508042
      10     0.026345472
      11     0.020362493
      12     0.021092555
      13   0.0293
 
       1      0.74983713
       2      0.69790696
       3      0.77066358
       4      0.82826086
       5      0.86501187
       6      0.89724050
       7      0.85453283
       8      0.81698114
       9      0.82647871
      10      0.77134880
      11      0.70671371
      12      0.72900840
      13   0.7928
 
