       1       184.73624
       2       123.47496
       3       193.31754
       4       163.02327
       5       137.89746
       6       82.016770
       7       103.94706
       8       113.87470
       9       104.33893
      10       84.231006
      11       95.927987
      12       117.26453
      13  1504.05
 
       1       124.86075
       2       83.667018
       3       120.79203
       4       100.49462
       5       87.217315
       6       52.108942
       7       59.443085
       8       66.479989
       9       65.893677
      10       55.849898
      11       66.427327
      12       80.191886
      13   963.43
 
       1       18.180283
       2       11.649806
       3       14.339997
       4       12.100444
       5       10.427794
       6       6.4613967
       7       6.0275788
       8       7.0885706
       9       7.9144063
      10       7.3225112
      11       8.0133328
      12       10.244145
      13   119.77
 
       1       22.199488
       2       12.615125
       3       16.627920
       4       15.559733
       5       14.052069
       6       10.727604
       7       12.677584
       8       16.085900
       9       10.353250
      10       6.4910582
      11       7.6374228
      12       12.617080
      13   157.64
 
       1       12.718214
       2       12.621337
       3       17.831515
       4       18.376424
       5       19.355419
       6       11.911523
       7       14.323106
       8       20.702351
       9       20.279323
      10       15.468106
      11       12.812033
      12       10.416529
      13   186.82
 
       1       12.856317
       2       12.444051
       3       18.890136
       4       19.050411
       5       19.858965
       6       12.222246
       7       12.397059
       8       14.550568
       9       13.490728
      10       9.6124055
      11       9.4344774
      12       8.9131929
      13    13.64
 
       1 0.0
       2 0.0
       3 0.0
       4 0.0
       5 0.0
       6 0.0
       7 0.0
       8 0.0
       9 0.0
      10 0.0
      11 0.0
      12 0.0
      13 0.0
 
       1      0.14074159
       2      0.13179838
       3      0.19906634
       4      0.19807966
       5      0.20476964
       6      0.12174147
       7      0.12029720
       8      0.14343349
       9      0.13339547
      10     0.096687832
      11     0.098221744
      12     0.094680883
      13   0.1402
 
       1      0.87371996
       2      0.87126354
       3      0.87249824
       4      0.87250906
       5      0.87243258
       6      0.86842937
       7      0.87009560
       8      0.87273178
       9      0.87090107
      10      0.87154929
      11      0.87402689
      12      0.87379118
      13   0.8720
 
       1     0.018210976
       2     0.017542620
       3     0.026442514
       4     0.026522271
       5     0.027672616
       6     0.016907843
       7     0.016873379
       8     0.019844565
       9     0.018522171
      10     0.013331406
      11     0.013261790
      12     0.012576574
      13   0.0190
 
       1      0.73699332
       2      0.70327055
       3      0.78287393
       4      0.79525786
       5      0.79345505
       6      0.80994887
       7      0.73859012
       8      0.78084945
       9      0.79252450
      10      0.72924052
      11      0.69516993
      12      0.71953550
      13   0.7565
 
