       1       218.69392
       2       158.22174
       3       183.14482
       4       210.04683
       5       239.11335
       6       250.66326
       7       238.61681
       8       208.46894
       9       145.35849
      10       116.99401
      11       175.84060
      12       222.18341
      13  2367.35
 
       1       148.49265
       2       107.05413
       3       118.80905
       4       130.90968
       5       149.52596
       6       144.85657
       7       134.89290
       8       121.45477
       9       92.444100
      10       77.145520
      11       117.15197
      12       149.62741
      13  1492.36
 
       1       21.012625
       2       14.908742
       3       16.265658
       4       16.052267
       5       18.106555
       6       15.908117
       7       15.074334
       8       13.417026
       9       12.122209
      10       9.9529257
      11       13.784984
      12       19.086107
      13   185.69
 
       1       26.690763
       2       18.958355
       3       21.568923
       4       25.884483
       5       36.489683
       6       45.756966
       7       44.083464
       8       34.698435
       9       21.262060
      10       13.208441
      11       19.844647
      12       27.991011
      13   336.44
 
       1       20.736121
       2       16.094579
       3       19.948865
       4       24.453577
       5       35.141437
       6       46.290834
       7       47.493171
       8       46.282702
       9       29.757132
      10       16.668244
      11       24.349633
      12       21.010873
      13   348.23
 
       1       17.085996
       2       15.935822
       3       20.819523
       4       30.445349
       5       40.580149
       6       39.015686
       7       32.726062
       8       27.502287
       9       20.536237
      10       13.266535
      11       15.606081
      12       16.550176
      13    24.17
 
       1 0.0
       2 0.0
       3 0.0
       4 0.0
       5 0.0
       6 0.0
       7 0.0
       8 0.0
       9 0.0
      10 0.0
      11 0.0
      12 0.0
      13 0.0
 
       1     0.021494399
       2     0.019634954
       3     0.025627183
       4     0.037272668
       5     0.050872607
       6     0.047947123
       7     0.038959299
       8     0.032330396
       9     0.024395944
      10     0.015839908
      11     0.019119929
      12     0.020701030
      13   0.0295
 
       1      0.89829416
       2      0.89736806
       3      0.89704376
       4      0.89688444
       5      0.89598755
       6      0.89655985
       7      0.89922361
       8      0.89863239
       9      0.89547715
      10      0.89683567
      11      0.89775626
      12      0.89878876
      13   0.8974
 
       1    0.0024447836
       2    0.0022700153
       3    0.0029619453
       4    0.0043165816
       5    0.0058036369
       6    0.0055198312
       7    0.0045653126
       8    0.0038219869
       9    0.0028768919
      10    0.0018736208
      11    0.0022128267
      12    0.0023610465
      13   0.0034
 
       1      0.29528879
       2      0.27332961
       3      0.32410980
       4      0.36531436
       5      0.41255399
       6      0.41875104
       7      0.37713505
       8      0.33568508
       9      0.33706834
      10      0.31234490
      11      0.28998249
      12      0.28255609
      13   0.3353
 
