       1       56.764887
       2       54.187774
       3       55.203691
       4       30.034926
       5       25.564226
       6       15.618540
       7       14.524930
       8       11.854112
       9       11.386857
      10       30.801333
      11       69.567242
      12       76.093420
      13   451.60
 
       1       31.935703
       2       29.517350
       3       30.626111
       4       18.978606
       5       16.965377
       6       10.378752
       7       10.387006
       8       8.2752256
       9       7.2613302
      10       16.654089
      11       35.288493
      12       38.135962
      13   254.40
 
       1       4.9540717
       2       4.9600432
       3       4.9028774
       4       2.1064603
       5       1.5943077
       6      0.87852407
       7      0.75290232
       8      0.63681827
       9      0.69688987
      10       2.2326729
      11       5.8882880
      12       6.5502047
      13    36.15
 
       1       18.823375
       2       17.664558
       3       16.444034
       4       8.4118947
       5       6.8543161
       6       4.9980882
       7       4.3381453
       8       3.1356287
       9       2.7559865
      10       9.1545919
      11       20.370271
      12       23.260260
      13   136.21
 
       1       2.9644551
       2       2.6464068
       3       2.7385789
       4       1.5585624
       5       1.3653630
       6       1.3086328
       7       1.1323149
       8      0.95380138
       9      0.68327729
      10       1.8445328
      11       3.4967299
      12       4.0053261
      13    24.70
 
       1      0.78594826
       2      0.85399340
       3      0.76254453
       4      0.38310519
       5      0.28438751
       6      0.18657380
       7      0.14881423
       8      0.11557593
       9      0.11914540
      10      0.34297099
      11      0.85600385
      12      0.98549954
      13     0.49
 
       1 0.0
       2 0.0
       3 0.0
       4 0.0
       5 0.0
       6 0.0
       7 0.0
       8 0.0
       9 0.0
      10 0.0
      11 0.0
      12 0.0
      13 0.0
 
       1     0.021641638
       2     0.023452103
       3     0.020560757
       4     0.010650505
       5    0.0082418213
       6    0.0051551792
       7    0.0045850177
       8    0.0035962337
       9    0.0034616411
      10    0.0089794885
      11     0.021972416
      12     0.025308679
      13   0.0131
 
       1       1.0000000
       2       1.0000000
       3       1.0000000
       4       1.0000000
       5       1.0000000
       6       1.0000000
       7       1.0000000
       8       1.0000000
       9       1.0000000
      10       1.0000000
      11       1.0000000
      12       1.0000000
      13   1.0000
 
       1       0.0000000
       2       0.0000000
       3       0.0000000
       4       0.0000000
       5       0.0000000
       6       0.0000000
       7       0.0000000
       8       0.0000000
       9       0.0000000
      10       0.0000000
      11       0.0000000
      12       0.0000000
      13   0.0000
 
       1      0.67339363
       2      0.70180318
       3      0.55221558
       4      0.43600372
       5      0.33853272
       6      0.31647203
       7      0.42098677
       8      0.48564561
       9      0.49579758
      10      0.53335826
      11      0.56327055
      12      0.65443918
      13   0.5143
 
