       1       198.42415
       2       109.66567
       3       150.81208
       4       150.11017
       5       171.44140
       6       143.97426
       7       103.25775
       8       123.15854
       9       95.278614
      10       101.61129
      11       138.65505
      12       165.79519
      13  1652.18
 
       1       132.59000
       2       74.018715
       3       92.482823
       4       90.952966
       5       105.68590
       6       88.626955
       7       59.095196
       8       70.218350
       9       59.394142
      10       65.920745
      11       91.068907
      12       112.12620
      13  1042.18
 
       1       17.480221
       2       9.8978280
       3       10.663604
       4       9.7829931
       5       12.089801
       6       10.152458
       7       6.2028477
       8       7.4250125
       9       7.0541210
      10       7.9875024
      11       10.358711
      12       14.423803
      13   123.52
 
       1       19.216315
       2       10.540921
       3       10.987818
       4       12.056218
       5       16.673756
       6       20.724464
       7       13.605772
       8       15.920145
       9       10.831579
      10       11.030216
      11       14.230123
      12       19.828486
      13   175.65
 
       1       16.261844
       2       11.443637
       3       12.685419
       4       14.667354
       5       20.355980
       6       19.948429
       7       16.698034
       8       24.983132
       9       20.907633
      10       19.317386
      11       17.166892
      12       16.353894
      13   210.79
 
       1       13.504144
       2       11.039592
       3       13.002639
       4       16.980635
       5       23.596482
       6       21.044923
       7       12.707553
       8       15.139441
       9       12.641937
      10       11.497549
      11       11.220876
      12       11.997130
      13    14.53
 
       1 0.0
       2 0.0
       3 0.0
       4 0.0
       5 0.0
       6 0.0
       7 0.0
       8 0.0
       9 0.0
      10 0.0
      11 0.0
      12 0.0
      13 0.0
 
       1      0.14660187
       2      0.11829826
       3      0.13316858
       4      0.17435569
       5      0.24856957
       6      0.21482437
       7      0.12491756
       8      0.14987820
       9      0.12471758
      10      0.11561806
      11      0.11634389
      12      0.12878816
      13   0.1497
 
       1      0.87541657
       2      0.87438602
       3      0.87228761
       4      0.87372333
       5      0.87263346
       6      0.87107738
       7      0.87120720
       8      0.87296148
       9      0.87100018
      10      0.87285114
      11      0.87262939
      12      0.87351143
      13   0.8728
 
       1     0.019086862
       2     0.015628694
       3     0.018016586
       4     0.023540098
       5     0.033013285
       6     0.029080727
       7     0.017345408
       8     0.020697747
       9     0.017340720
      10     0.015908709
      11     0.015662085
      12     0.016931457
      13   0.0202
 
       1      0.73762795
       2      0.68104255
       3      0.68644040
       4      0.71042469
       5      0.86235273
       6      0.86679994
       7      0.76113934
       8      0.75760297
       9      0.77835739
      10      0.73642649
      11      0.72593242
      12      0.72919635
      13   0.7528
 
