       1       7.8528062
       2       12.448081
       3       19.107590
       4       26.607703
       5       35.384905
       6       46.057795
       7       43.891251
       8       32.866926
       9       18.587677
      10       12.306683
      11       7.2779311
      12       8.7200291
      13   271.11
 
       1       5.8681182
       2       7.9104978
       3       12.720805
       4       14.811039
       5       19.017808
       6       23.552172
       7       22.467496
       8       17.224086
       9       10.808027
      10       7.8754294
      11       5.5165667
      12       6.6407732
      13   154.41
 
       1      0.83400015
       2       1.1417126
       3       2.1528100
       4       2.4396609
       5       2.9754858
       6       2.8409824
       7       2.9633051
       8       2.2373126
       9       1.4648763
      10       1.0940158
      11      0.89460673
      12      0.86119092
      13    21.90
 
       1      0.94718776
       2       1.2607537
       3       3.4351806
       4       2.8823290
       5       4.8398636
       6       11.234231
       7       16.304759
       8       9.9327954
       9       3.4989859
      10      0.89622511
      11      0.96414967
      12       1.3880492
      13    57.58
 
       1      0.25914398
       2      0.82149272
       3       1.6183180
       4       2.5114434
       5       3.5559261
       6       5.2102343
       7       5.9426526
       8       4.3859055
       9       1.9716622
      10      0.67563988
      11      0.19068182
      12      0.15082607
      13    27.29
 
       1      0.81714251
       2       1.3510154
       3       2.5929146
       4       3.0774868
       5       3.8933585
       6       3.8975257
       7       3.6631159
       8       2.5763129
       9       1.7448754
      10       1.1113478
      11      0.89228326
      12      0.79009747
      13     2.20
 
       1 0.0
       2 0.0
       3 0.0
       4 0.0
       5 0.0
       6 0.0
       7 0.0
       8 0.0
       9 0.0
      10 0.0
      11 0.0
      12 0.0
      13 0.0
 
       1     0.017972729
       2     0.028238003
       3     0.053880815
       4     0.062416898
       5     0.078581715
       6     0.076006207
       7     0.070075464
       8     0.048407786
       9     0.033942978
      10     0.022626150
      11     0.019750976
      12     0.017311912
      13   0.0441
 
       1      0.87099436
       2      0.86872478
       3      0.86672777
       4      0.86650234
       5      0.86586911
       6      0.86669688
       7      0.86603361
       8      0.86442749
       9      0.86455780
      10      0.86887693
      11      0.87262773
      12      0.87223995
      13   0.8679
 
       1    0.0023837694
       2    0.0038350017
       3    0.0073375437
       4    0.0085732356
       5     0.010767819
       6     0.010553862
       7    0.0098450155
       8    0.0069106537
       9    0.0047743945
      10    0.0031222265
      11    0.0025976496
      12    0.0022938984
      13   0.0061
 
       1      0.88763782
       2      0.86929365
       3      0.94585047
       4      0.94925100
       5      0.98106676
       6      0.97874911
       7      0.97763564
       8      0.96547298
       9      0.98045464
      10      0.93179885
      11      0.91884566
      12      0.88700378
      13   0.9394
 
