       1       6.7683123
       2       12.872031
       3       18.495329
       4       25.484140
       5       35.867149
       6       42.506555
       7       46.485516
       8       30.428188
       9       16.872388
      10       12.852451
      11       6.1667536
      12       7.6898474
      13   262.49
 
       1       5.1382293
       2       8.4814278
       3       12.789515
       4       14.672826
       5       19.104021
       6       21.807651
       7       25.393638
       8       16.610738
       9       9.9307860
      10       8.2899713
      11       4.6215124
      12       5.5915783
      13   152.43
 
       1      0.63792227
       2       1.1097233
       3       2.2077605
       4       2.3524251
       5       2.7167845
       6       2.5988527
       7       3.4000182
       8       2.2209762
       9       1.2724313
      10       1.1854618
      11      0.68011646
      12      0.69749517
      13    21.08
 
       1      0.38443320
       2      0.74950378
       3       3.2179940
       4       3.6155479
       5       5.3387414
       6       10.548599
       7       16.282590
       8       9.2120693
       9       2.8251665
      10       1.1157790
      11      0.76739620
      12      0.70929170
      13    54.77
 
       1     0.044204102
       2      0.39281599
       3       1.3078312
       4       2.3700424
       5       3.2853511
       6       5.1603529
       7       6.1649210
       8       3.8239907
       9       1.5828425
      10      0.68496204
      11      0.11791443
      12      0.11605016
      13    25.05
 
       1      0.44178575
       2       1.1996587
       3       3.1415929
       4       3.6086891
       5       3.7177883
       6       3.5943629
       7       4.2410212
       8       2.6564783
       9       1.4802033
      10       1.1412760
      11      0.67146388
      12      0.62015198
      13     2.21
 
       1 0.0
       2 0.0
       3 0.0
       4 0.0
       5 0.0
       6 0.0
       7 0.0
       8 0.0
       9 0.0
      10 0.0
      11 0.0
      12 0.0
      13 0.0
 
       1     0.012389166
       2     0.031557137
       3     0.081537819
       4     0.092326200
       5     0.092736124
       6     0.084859889
       7     0.099151877
       8     0.061606155
       9     0.034868573
      10     0.028900419
      11     0.017586210
      12     0.016221221
      13   0.0545
 
       1      0.92772743
       2      0.92435014
       3      0.92340644
       4      0.92294530
       5      0.92329661
       6      0.92169636
       7      0.92142114
       8      0.92134741
       9      0.92054305
      10      0.92414600
      11      0.92498294
      12      0.92520168
      13   0.9234
 
       1   0.00093077900
       2    0.0024408905
       3    0.0063574132
       4    0.0072352758
       5    0.0073229399
       6    0.0068770313
       7    0.0080909317
       8    0.0050635497
       9    0.0028589794
      10    0.0022841503
      11    0.0013793821
      12    0.0012740597
      13   0.0043
 
       1      0.88999421
       2      0.91070607
       3      0.94519544
       4      0.97421037
       5      0.98425291
       6      0.98338654
       7      0.98105800
       8      0.97889487
       9      0.98533144
      10      0.96328604
      11      0.92082795
      12      0.85991427
      13   0.9481
 
