       1       209.41758
       2       239.31027
       3       218.66744
       4       180.75510
       5       224.80285
       6       219.49377
       7       237.28316
       8       182.09898
       9       137.66069
      10       108.85056
      11       104.54929
      12       126.26541
      13  2189.16
 
       1       139.59847
       2       160.93016
       3       145.60120
       4       112.69559
       5       139.69922
       6       130.39189
       7       131.94767
       8       108.08148
       9       85.621496
      10       72.739047
      11       70.302071
      12       85.290201
      13  1382.90
 
       1       17.913390
       2       21.339410
       3       20.236894
       4       13.959511
       5       16.793054
       6       14.828597
       7       14.321761
       8       12.653401
       9       10.338840
      10       9.8891202
      11       8.7849190
      12       10.644307
      13   171.70
 
       1       24.369269
       2       28.024723
       3       31.744312
       4       22.411238
       5       32.311247
       6       37.839180
       7       46.181135
       8       32.909139
       9       17.859951
      10       14.059195
      11       13.472764
      12       17.126461
      13   318.31
 
       1       17.365521
       2       24.010616
       3       27.453746
       4       18.734495
       5       33.859449
       6       42.139408
       7       46.922706
       8       38.829230
       9       24.616736
      10       19.145498
      11       13.159163
      12       13.340218
      13   319.58
 
       1       16.579606
       2       24.739814
       3       25.740171
       4       25.258825
       5       36.005839
       6       34.849706
       7       29.721286
       8       25.238574
       9       17.944363
      10       14.127571
      11       11.505365
      12       10.631683
      13    22.70
 
       1 0.0
       2 0.0
       3 0.0
       4 0.0
       5 0.0
       6 0.0
       7 0.0
       8 0.0
       9 0.0
      10 0.0
      11 0.0
      12 0.0
      13 0.0
 
       1     0.016420701
       2     0.025146396
       3     0.025857611
       4     0.024240245
       5     0.035196230
       6     0.033584567
       7     0.027704034
       8     0.023518653
       9     0.016563268
      10     0.013318347
      11     0.010875132
      12     0.010168831
      13   0.0219
 
       1      0.84354345
       2      0.84296653
       3      0.84496960
       4      0.84277776
       5      0.84074348
       6      0.84242850
       7      0.84242496
       8      0.84384944
       9      0.84162884
      10      0.84227710
      11      0.84389276
      12      0.84292403
      13   0.8429
 
       1    0.0028274054
       2    0.0042573014
       3    0.0044150634
       4    0.0042650599
       5    0.0061173507
       6    0.0058694487
       7    0.0049233893
       8    0.0041873160
       9    0.0029795180
      10    0.0023782109
      11    0.0019427224
      12    0.0017968241
      13   0.0038
 
       1      0.29373535
       2      0.31647343
       3      0.32755090
       4      0.34227867
       5      0.39716389
       6      0.37930790
       7      0.36324025
       8      0.32981597
       9      0.30548582
      10      0.29582788
      11      0.29989480
      12      0.27856311
      13   0.3274
 
