       1       465.56887
       2       433.31981
       3       478.35023
       4       476.70360
       5       489.65264
       6       547.64820
       7       542.78245
       8       521.11832
       9       470.02516
      10       421.37135
      11       432.84863
      12       480.38397
      13  5759.77
 
       1       281.62083
       2       264.78284
       3       292.13377
       4       293.07929
       5       303.20656
       6       336.22093
       7       326.60981
       8       313.99554
       9       289.17530
      10       262.55276
      11       266.05060
      12       285.58980
      13  3515.02
 
       1       36.142121
       2       33.205100
       3       37.217264
       4       36.099642
       5       36.905382
       6       40.585656
       7       41.100707
       8       39.759844
       9       35.579951
      10       31.823356
      11       32.276545
      12       36.593252
      13   437.29
 
       1       127.08819
       2       116.00881
       3       127.02035
       4       122.68187
       5       124.95027
       6       145.75127
       7       146.51090
       8       140.17749
       9       124.17023
      10       108.69357
      11       115.30886
      12       133.08197
      13  1531.44
 
       1       21.250007
       2       19.018115
       3       22.192749
       4       23.698533
       5       24.214154
       6       25.670895
       7       28.677023
       8       26.591270
       9       22.272471
      10       18.696583
      11       19.882434
      12       22.608559
      13   274.77
 
       1       5.7024775
       2       5.7700662
       3       5.9111151
       4       5.7421947
       5       5.8365472
       6       6.7584323
       7       6.6378370
       8       6.4504325
       9       5.9365134
      10       5.0767320
      11       5.3807897
      12       5.8563092
      13     5.92
 
       1 0.0
       2 0.0
       3 0.0
       4 0.0
       5 0.0
       6 0.0
       7 0.0
       8 0.0
       9 0.0
      10 0.0
      11 0.0
      12 0.0
      13 0.0
 
       1     0.023616626
       2     0.024194605
       3     0.024586201
       4     0.023968034
       5     0.024083205
       6     0.027705318
       7     0.026895256
       8     0.026090102
       9     0.024523853
      10     0.021191289
      11     0.022235923
      12     0.023645953
      13   0.0244
 
       1       1.0000000
       2       1.0000000
       3       1.0000000
       4       1.0000000
       5       1.0000000
       6       1.0000000
       7       1.0000000
       8       1.0000000
       9       1.0000000
      10       1.0000000
      11       1.0000000
      12       1.0000000
      13   1.0000
 
       1       0.0000000
       2       0.0000000
       3       0.0000000
       4       0.0000000
       5       0.0000000
       6       0.0000000
       7       0.0000000
       8       0.0000000
       9       0.0000000
      10       0.0000000
      11       0.0000000
      12       0.0000000
      13   0.0000
 
       1      0.70250488
       2      0.73399598
       3      0.69235895
       4      0.66280951
       5      0.64262240
       6      0.62693625
       7      0.67036563
       8      0.69222683
       9      0.70102854
      10      0.71201987
      11      0.72191178
      12      0.72787084
      13   0.6906
 
