       1       176.04796
       2       161.21946
       3       202.53720
       4       177.93744
       5       230.14199
       6       242.24893
       7       229.86145
       8       188.90821
       9       149.60643
      10       100.82766
      11       147.42510
      12       183.76304
      13  2190.52
 
       1       119.44256
       2       106.10686
       3       131.74101
       4       113.68181
       5       139.03325
       6       142.15905
       7       127.94786
       8       111.58112
       9       92.849789
      10       68.657673
      11       99.928386
      12       124.45058
      13  1377.58
 
       1       15.456814
       2       13.371485
       3       16.325294
       4       14.841949
       5       15.045376
       6       16.146812
       7       13.983544
       8       12.927849
       9       10.453779
      10       9.4101908
      11       12.380253
      12       15.471713
      13   165.82
 
       1       20.313876
       2       17.835894
       3       23.547743
       4       25.346023
       5       26.873263
       6       52.150429
       7       47.441838
       8       33.073335
       9       19.623500
      10       14.480605
      11       17.452665
      12       21.917756
      13   320.06
 
       1       16.422841
       2       16.149091
       3       21.842996
       4       24.323114
       5       28.100986
       6       50.291811
       7       43.671910
       8       41.255440
       9       26.571862
      10       15.975296
      11       19.386104
      12       20.435364
      13   324.43
 
       1       13.948758
       2       16.704533
       3       24.638381
       4       28.171114
       5       31.325203
       6       39.959516
       7       29.963141
       8       26.002200
       9       18.849359
      10       14.030692
      11       13.831914
      12       13.977622
      13    22.62
 
       1 0.0
       2 0.0
       3 0.0
       4 0.0
       5 0.0
       6 0.0
       7 0.0
       8 0.0
       9 0.0
      10 0.0
      11 0.0
      12 0.0
      13 0.0
 
       1     0.016976651
       2     0.020202665
       3     0.030348550
       4     0.034539392
       5     0.037311272
       6     0.048750835
       7     0.034947150
       8     0.030300995
       9     0.021768078
      10     0.016700364
      11     0.016643997
      12     0.017048124
      13   0.0271
 
       1      0.86230623
       2      0.86226502
       3      0.86289259
       4      0.86211765
       5      0.85984096
       6      0.86049510
       7      0.86313931
       8      0.86453993
       9      0.86252981
      10      0.86220206
      11      0.86456041
      12      0.86554523
      13   0.8627
 
       1    0.0025861212
       2    0.0030926987
       3    0.0045934200
       4    0.0052445432
       5    0.0057389016
       6    0.0073783479
       7    0.0054116469
       8    0.0047012363
       9    0.0034118379
      10    0.0025897581
      11    0.0025514587
      12    0.0025890088
      13   0.0042
 
       1      0.29243064
       2      0.30271019
       3      0.34114832
       4      0.37307024
       5      0.38005184
       6      0.40916257
       7      0.37868276
       8      0.34524874
       9      0.32568667
      10      0.33104327
      11      0.31062754
      12      0.26863222
      13   0.3382
 
