       1       499.13634
       2       471.69906
       3       448.44983
       4       473.74721
       5       510.26504
       6       523.24501
       7       515.68700
       8       512.10438
       9       467.27842
      10       470.79804
      11       449.49079
      12       460.15213
      13  5802.05
 
       1       301.81783
       2       283.58063
       3       273.81365
       4       290.29525
       5       315.11119
       6       316.33315
       7       317.52588
       8       312.10095
       9       290.87881
      10       292.57909
      11       277.43390
      12       277.07470
      13  3548.55
 
       1       38.040130
       2       37.319707
       3       34.202149
       4       35.760190
       5       38.031934
       6       38.840363
       7       38.901889
       8       38.792297
       9       35.813280
      10       35.111250
      11       34.189191
      12       35.126102
      13   440.13
 
       1       136.98230
       2       128.08072
       3       120.16264
       4       124.85905
       5       131.79957
       6       141.12443
       7       132.87972
       8       138.74010
       9       119.81121
      10       123.87079
      11       119.24749
      12       127.07329
      13  1544.63
 
       1       22.752392
       2       21.509365
       3       21.251456
       4       22.489891
       5       25.197045
       6       26.507629
       7       24.717241
       8       24.208422
       9       20.659558
      10       19.664958
      11       18.996060
      12       20.280770
      13   268.23
 
       1       6.0849224
       2       6.4885638
       3       5.3607664
       4       5.7980638
       5       6.1216097
       6       6.4316968
       7       6.2475925
       8       6.3893220
       9       5.8592680
      10       5.6193041
      11       5.5853822
      12       5.6193762
      13     5.97
 
       1 0.0
       2 0.0
       3 0.0
       4 0.0
       5 0.0
       6 0.0
       7 0.0
       8 0.0
       9 0.0
      10 0.0
      11 0.0
      12 0.0
      13 0.0
 
       1     0.025124717
       2     0.026507239
       3     0.022145593
       4     0.023873842
       5     0.025185598
       6     0.026207125
       7     0.025893039
       8     0.026138563
       9     0.024690350
      10     0.023424148
      11     0.023201555
      12     0.023164353
      13   0.0246
 
       1       1.0000000
       2       1.0000000
       3       1.0000000
       4       1.0000000
       5       1.0000000
       6       1.0000000
       7       1.0000000
       8       1.0000000
       9       1.0000000
      10       1.0000000
      11       1.0000000
      12       1.0000000
      13   1.0000
 
       1       0.0000000
       2       0.0000000
       3       0.0000000
       4       0.0000000
       5       0.0000000
       6       0.0000000
       7       0.0000000
       8       0.0000000
       9       0.0000000
      10       0.0000000
      11       0.0000000
      12       0.0000000
      13   0.0000
 
       1      0.72817499
       2      0.73727049
       3      0.69893585
       4      0.64998748
       5      0.61405277
       6      0.60884653
       7      0.64401481
       8      0.68745087
       9      0.68866516
      10      0.69496373
      11      0.71820124
      12      0.73811518
      13   0.6841
 
