       1       515.60921
       2       416.81688
       3       467.06845
       4       495.16743
       5       492.81576
       6       476.53335
       7       502.33518
       8       514.69347
       9       465.69365
      10       423.53355
      11       453.62434
      12       478.85471
      13  5702.75
 
       1       308.78806
       2       253.82794
       3       288.79360
       4       304.59240
       5       303.88514
       6       286.69028
       7       306.12410
       8       311.58199
       9       285.74486
      10       262.92646
      11       278.42504
      12       290.90941
      13  3482.29
 
       1       39.532967
       2       32.113110
       3       35.179997
       4       37.043349
       5       36.967685
       6       35.704273
       7       38.389417
       8       38.658061
       9       35.827235
      10       31.675280
      11       34.142432
      12       35.925075
      13   431.16
 
       1       142.52243
       2       113.33919
       3       122.39326
       4       130.47100
       5       126.31764
       6       127.91061
       7       134.64812
       8       136.74875
       9       124.29336
      10       109.87138
      11       120.44188
      12       132.23906
      13  1521.20
 
       1       24.747097
       2       18.399245
       3       20.461428
       4       23.164715
       5       25.722234
       6       24.888304
       7       24.183401
       8       26.126092
       9       21.754561
      10       18.852539
      11       20.204370
      12       20.136311
      13   268.64
 
       1       6.3837839
       2       5.6851371
       3       5.5784669
       4       5.9669543
       5       5.9042472
       6       6.0124468
       7       6.4292760
       8       6.3478371
       9       5.9486519
      10       5.0532214
      11       5.5400963
      12       5.7631610
      13     5.88
 
       1 0.0
       2 0.0
       3 0.0
       4 0.0
       5 0.0
       6 0.0
       7 0.0
       8 0.0
       9 0.0
      10 0.0
      11 0.0
      12 0.0
      13 0.0
 
       1     0.025875592
       2     0.023529495
       3     0.023382384
       4     0.024867001
       5     0.024413914
       6     0.024186550
       7     0.026087542
       8     0.025732538
       9     0.024400129
      10     0.020999262
      11     0.022959504
      12     0.023769432
      13   0.0242
 
       1       1.0000000
       2       1.0000000
       3       1.0000000
       4       1.0000000
       5       1.0000000
       6       1.0000000
       7       1.0000000
       8       1.0000000
       9       1.0000000
      10       1.0000000
      11       1.0000000
      12       1.0000000
      13   1.0000
 
       1       0.0000000
       2       0.0000000
       3       0.0000000
       4       0.0000000
       5       0.0000000
       6       0.0000000
       7       0.0000000
       8       0.0000000
       9       0.0000000
      10       0.0000000
      11       0.0000000
      12       0.0000000
      13   0.0000
 
       1      0.69683337
       2      0.69209827
       3      0.64612491
       4      0.62477962
       5      0.59101166
       6      0.57678105
       7      0.62347301
       8      0.64894699
       9      0.66376747
      10      0.68119222
      11      0.68680825
      12      0.70962476
      13   0.6535
 
