       1       490.94640
       2       466.85702
       3       470.13724
       4       458.09790
       5       533.85597
       6       505.35883
       7       498.56690
       8       518.50163
       9       482.57328
      10       481.46111
      11       472.17844
      12       470.37314
      13  5848.91
 
       1       294.60018
       2       281.46144
       3       289.52862
       4       280.93992
       5       325.59275
       6       308.30185
       7       301.28267
       8       317.85302
       9       299.56474
      10       296.65799
      11       289.58588
      12       280.01045
      13  3565.38
 
       1       37.152687
       2       36.503088
       3       36.403310
       4       34.396014
       5       39.755332
       6       37.806386
       7       37.472248
       8       39.807192
       9       36.762650
      10       36.475542
      11       35.412857
      12       36.066604
      13   444.01
 
       1       134.56945
       2       128.55692
       3       124.57724
       4       120.31397
       5       139.14235
       6       135.98441
       7       133.40328
       8       136.47066
       9       126.20582
      10       127.22722
      11       126.50252
      12       130.63903
      13  1563.59
 
       1       23.120631
       2       20.999410
       3       20.739825
       4       22.591902
       5       26.836690
       6       25.050230
       7       26.099790
       8       23.958306
       9       21.023847
      10       20.496020
      11       21.268546
      12       22.217372
      13   274.40
 
       1       5.9801981
       2       6.4532142
       3       5.7877971
       4       5.5218175
       5       6.2238579
       6       6.3179672
       7       5.9898179
       8       6.4861042
       9       6.0615341
      10       5.8618873
      11       5.7631638
      12       5.6811415
      13     6.01
 
       1 0.0
       2 0.0
       3 0.0
       4 0.0
       5 0.0
       6 0.0
       7 0.0
       8 0.0
       9 0.0
      10 0.0
      11 0.0
      12 0.0
      13 0.0
 
       1     0.024461468
       2     0.026558932
       3     0.024123511
       4     0.022990013
       5     0.025445882
       6     0.025723303
       7     0.024359032
       8     0.026717692
       9     0.025461966
      10     0.024198955
      11     0.023756406
      12     0.022974116
      13   0.0247
 
       1       1.0000000
       2       1.0000000
       3       1.0000000
       4       1.0000000
       5       1.0000000
       6       1.0000000
       7       1.0000000
       8       1.0000000
       9       1.0000000
      10       1.0000000
      11       1.0000000
      12       1.0000000
      13   1.0000
 
       1       0.0000000
       2       0.0000000
       3       0.0000000
       4       0.0000000
       5       0.0000000
       6       0.0000000
       7       0.0000000
       8       0.0000000
       9       0.0000000
      10       0.0000000
      11       0.0000000
      12       0.0000000
      13   0.0000
 
       1      0.70783014
       2      0.69897013
       3      0.65545755
       4      0.61465778
       5      0.60457231
       6      0.58594158
       7      0.60742219
       8      0.65136898
       9      0.65966294
      10      0.68910988
      11      0.70097170
      12      0.70315679
      13   0.6566
 
