       1       521.36824
       2       415.13265
       3       476.22447
       4       465.62744
       5       500.66852
       6       513.92528
       7       554.96099
       8       521.09357
       9       453.76522
      10       452.86449
      11       458.47009
      12       473.01254
      13  5807.11
 
       1       310.21968
       2       255.51116
       3       291.45520
       4       286.23004
       5       306.24914
       6       308.94917
       7       335.67240
       8       320.85447
       9       281.48623
      10       281.08468
      11       280.40427
      12       285.55424
      13  3543.67
 
       1       40.174511
       2       31.784552
       3       36.335564
       4       34.800918
       5       37.424516
       6       38.761337
       7       41.818858
       8       39.800593
       9       34.321565
      10       34.626850
      11       33.943024
      12       36.246863
      13   440.04
 
       1       146.91077
       2       109.95347
       3       125.93789
       4       121.69025
       5       131.03841
       6       139.28577
       7       150.09858
       8       137.61532
       9       116.72218
      10       118.23668
      11       124.18294
      12       129.83144
      13  1551.50
 
       1       24.638524
       2       19.152637
       3       22.151885
       4       22.301540
       5       25.466706
       6       27.419538
       7       27.495740
       8       22.665341
       9       21.027780
      10       19.709547
      11       19.713309
      12       20.549873
      13   272.29
 
       1       6.4006852
       2       5.6029043
       3       5.7020790
       4       5.6916557
       5       5.8329951
       6       6.4965563
       7       6.7634946
       8       6.5584040
       9       5.7082048
      10       5.4825034
      11       5.6500789
      12       5.8047985
      13     5.97
 
       1 0.0
       2 0.0
       3 0.0
       4 0.0
       5 0.0
       6 0.0
       7 0.0
       8 0.0
       9 0.0
      10 0.0
      11 0.0
      12 0.0
      13 0.0
 
       1     0.026040665
       2     0.023479673
       3     0.023703763
       4     0.023489103
       5     0.024026152
       6     0.025970527
       7     0.027622570
       8     0.027097719
       9     0.023820232
      10     0.022850145
      11     0.023141747
      12     0.023822310
      13   0.0246
 
       1       1.0000000
       2       1.0000000
       3       1.0000000
       4       1.0000000
       5       1.0000000
       6       1.0000000
       7       1.0000000
       8       1.0000000
       9       1.0000000
      10       1.0000000
      11       1.0000000
      12       1.0000000
      13   1.0000
 
       1       0.0000000
       2       0.0000000
       3       0.0000000
       4       0.0000000
       5       0.0000000
       6       0.0000000
       7       0.0000000
       8       0.0000000
       9       0.0000000
      10       0.0000000
      11       0.0000000
      12       0.0000000
      13   0.0000
 
       1      0.73867321
       2      0.74609661
       3      0.69210449
       4      0.65673324
       5      0.62558388
       6      0.65160233
       7      0.68219464
       8      0.69587841
       9      0.68900984
      10      0.70195847
      11      0.71212661
      12      0.71827830
      13   0.6925
 
