       1       516.51762
       2       447.31248
       3       481.42451
       4       470.79824
       5       492.56080
       6       495.17601
       7       528.78601
       8       541.56673
       9       484.42105
      10       487.46871
      11       474.80173
      12       473.52741
      13  5894.36
 
       1       306.28023
       2       268.59089
       3       295.46591
       4       289.31977
       5       301.44566
       6       296.73715
       7       321.94759
       8       332.90601
       9       298.49090
      10       300.06311
      11       291.73903
      12       286.27312
      13  3589.26
 
       1       39.990795
       2       35.121819
       3       36.358800
       4       35.487534
       5       37.235044
       6       37.132439
       7       39.956494
       8       40.959337
       9       36.902306
      10       36.496476
      11       35.331477
      12       36.105465
      13   447.08
 
       1       143.93107
       2       122.46443
       3       129.06785
       4       122.49986
       5       127.63092
       6       133.82985
       7       142.29871
       8       142.43357
       9       127.54682
      10       127.48270
      11       128.21338
      12       128.99078
      13  1576.39
 
       1       25.644762
       2       21.006275
       3       21.741579
       4       23.550328
       5       25.794029
       6       25.850734
       7       25.865702
       8       24.448100
       9       21.822657
      10       22.281761
      11       21.438880
      12       21.470610
      13   280.92
 
       1       6.4267624
       2       6.1281132
       3       5.7916556
       4       5.6953888
       5       5.8533122
       6       6.1811552
       7       6.4761044
       8       6.5627975
       9       6.0606634
      10       5.7727815
      11       5.7336195
      12       5.8121245
      13     6.04
 
       1 0.0
       2 0.0
       3 0.0
       4 0.0
       5 0.0
       6 0.0
       7 0.0
       8 0.0
       9 0.0
      10 0.0
      11 0.0
      12 0.0
      13 0.0
 
       1     0.025951608
       2     0.025183944
       3     0.023994631
       4     0.023648501
       5     0.024033690
       6     0.024871429
       7     0.026287378
       8     0.027443718
       9     0.025222138
      10     0.024065769
      11     0.023772036
      12     0.023797146
      13   0.0249
 
       1       1.0000000
       2       1.0000000
       3       1.0000000
       4       1.0000000
       5       1.0000000
       6       1.0000000
       7       1.0000000
       8       1.0000000
       9       1.0000000
      10       1.0000000
      11       1.0000000
      12       1.0000000
      13   1.0000
 
       1       0.0000000
       2       0.0000000
       3       0.0000000
       4       0.0000000
       5       0.0000000
       6       0.0000000
       7       0.0000000
       8       0.0000000
       9       0.0000000
      10       0.0000000
      11       0.0000000
      12       0.0000000
      13   0.0000
 
       1      0.73015237
       2      0.71707462
       3      0.68487843
       4      0.65989167
       5      0.63986226
       6      0.62222026
       7      0.67081694
       8      0.70376771
       9      0.69799270
      10      0.70247908
      11      0.70754949
      12      0.72573739
      13   0.6885
 
