       1       8.2247837
       2       10.191237
       3       20.750183
       4       20.814001
       5       35.641509
       6       50.806506
       7       41.252209
       8       24.834597
       9       16.981574
      10       11.433741
      11       6.7287880
      12       5.7958329
      13   253.45
 
       1       5.7300501
       2       6.7759009
       3       12.699513
       4       13.677248
       5       19.830922
       6       25.482816
       7       22.281700
       8       14.803050
       9       10.134679
      10       7.7035176
      11       5.1536382
      12       4.7619483
      13   149.03
 
       1      0.68146187
       2      0.96599015
       3       1.8964668
       4       3.0029291
       5       3.3118421
       6       3.2138893
       7       3.0837661
       8       2.2154965
       9       1.4531816
      10       1.2036859
      11      0.81874459
      12      0.71522595
      13    22.56
 
       1      0.55999301
       2      0.89417152
       3       2.3178051
       4       4.4949094
       5       6.9973805
       6       14.083261
       7       14.702205
       8       5.2282976
       9       2.2912383
      10       1.3884135
      11      0.77550861
      12       1.7301104
      13    55.46
 
       1     0.086923190
       2      0.25698281
       3       1.5289749
       4       2.5077527
       5       5.4447121
       6       6.8746772
       7       6.9423767
       8       3.6906939
       9       2.0816206
      10      0.54068856
      11      0.21498785
      12      0.42071214
      13    30.59
 
       1      0.46199533
       2      0.94753360
       3       2.5157118
       4       4.4617136
       5       4.9500000
       6       4.1165815
       7       3.5933569
       8       2.3990589
       9       1.6524535
      10       1.2846778
      11      0.78562477
      12      0.73303554
      13     2.33
 
       1 0.0
       2 0.0
       3 0.0
       4 0.0
       5 0.0
       6 0.0
       7 0.0
       8 0.0
       9 0.0
      10 0.0
      11 0.0
      12 0.0
      13 0.0
 
       1     0.012625601
       2     0.024951355
       3     0.066745314
       4      0.12191187
       5      0.13574819
       6      0.10201182
       7     0.086885130
       8     0.058201335
       9     0.041507396
      10     0.035099553
      11     0.021861360
      12     0.020711769
      13   0.0607
 
       1      0.88126235
       2      0.87830402
       3      0.87837672
       4      0.87837136
       5      0.88053985
       6      0.87864365
       7      0.87848690
       8      0.87679469
       9      0.87761547
      10      0.88000780
      11      0.88063128
      12      0.88067964
      13   0.8791
 
       1    0.0015662282
       2    0.0031285141
       3    0.0083269024
       4     0.014990419
       5     0.016506941
       6     0.012899787
       7     0.011158509
       8    0.0075160100
       9    0.0052936077
      10    0.0043251503
      11    0.0026875522
      12    0.0025310075
      13   0.0076
 
       1      0.81853039
       2      0.88476500
       3      0.92350899
       4      0.98192301
       5      0.98722766
       6      0.98643352
       7      0.97688557
       8      0.97024500
       9      0.98611953
      10      0.95766889
      11      0.95700612
      12      0.90039528
      13   0.9442
 
