       1       249.28326
       2       207.46632
       3       159.81430
       4       172.77680
       5       193.70255
       6       214.85434
       7       212.29363
       8       197.05566
       9       133.35641
      10       115.87766
      11       141.54370
      12       206.97546
      13  2205.00
 
       1       163.86004
       2       140.66531
       3       102.68405
       4       109.46479
       5       119.21606
       6       123.74310
       7       116.67959
       8       113.42938
       9       85.693056
      10       74.461715
      11       94.126771
      12       137.85184
      13  1381.88
 
       1       22.605300
       2       21.581864
       3       13.640809
       4       15.890401
       5       15.735468
       6       15.356458
       7       13.482601
       8       13.276869
       9       11.709144
      10       9.5199314
      11       12.359300
      12       18.734543
      13   183.89
 
       1       30.785350
       2       29.036769
       3       21.017933
       4       23.637791
       5       25.497159
       6       43.057661
       7       46.669092
       8       32.086886
       9       21.355536
      10       12.459925
      11       20.987219
      12       29.121080
      13   335.71
 
       1       23.583935
       2       25.030173
       3       17.471878
       4       21.326078
       5       31.359562
       6       36.673132
       7       38.419797
       8       36.397054
       9       26.160914
      10       15.613976
      11       17.384753
      12       21.424173
      13   310.85
 
       1       20.078127
       2       22.102547
       3       19.941572
       4       25.064811
       5       26.383104
       6       28.293583
       7       25.140678
       8       23.354010
       9       18.273966
      10       13.164606
      11       14.624756
      12       15.825897
      13    21.02
 
       1 0.0
       2 0.0
       3 0.0
       4 0.0
       5 0.0
       6 0.0
       7 0.0
       8 0.0
       9 0.0
      10 0.0
      11 0.0
      12 0.0
      13 0.0
 
       1     0.019946091
       2     0.022089812
       3     0.018981622
       4     0.023821070
       5     0.024483851
       6     0.026205722
       7     0.022710352
       8     0.021225362
       9     0.016795900
      10     0.012142699
      11     0.014003578
      12     0.015404233
      13   0.0198
 
       1      0.88375626
       2      0.88332572
       3      0.88233083
       4      0.88146971
       5      0.87991616
       6      0.88182977
       7      0.88095568
       8      0.88557147
       9      0.88378389
      10      0.88416552
      11      0.88495084
      12      0.88566845
      13   0.8831
 
       1    0.0025828850
       2    0.0028518128
       3    0.0025432384
       4    0.0031917924
       5    0.0033224395
       6    0.0035483085
       7    0.0031150948
       8    0.0029052827
       9    0.0022944512
      10    0.0016637645
      11    0.0018690634
      12    0.0020223044
      13   0.0027
 
       1      0.29583130
       2      0.30599461
       3      0.31310639
       4      0.33675055
       5      0.34322298
       6      0.34475701
       7      0.31958076
       8      0.31279689
       9      0.30441647
      10      0.27602182
      11      0.29012688
      12      0.27355275
      13   0.3097
 
