       1       132.85810
       2       127.18695
       3       145.97221
       4       139.57249
       5       151.80725
       6       109.72081
       7       120.65009
       8       112.57315
       9       91.396834
      10       82.766516
      11       113.94480
      12       107.27128
      13  1435.72
 
       1       89.270008
       2       81.381203
       3       95.891887
       4       86.147881
       5       92.307089
       6       67.314367
       7       68.196679
       8       66.333171
       9       58.043792
      10       53.591526
      11       77.714959
      12       75.229838
      13   911.42
 
       1       11.479264
       2       9.4410707
       3       12.275012
       4       8.9945108
       5       9.3358597
       6       7.2130325
       7       6.3856012
       8       6.5992074
       9       6.7182654
      10       6.2141575
      11       8.7925621
      12       9.7489234
      13   103.20
 
       1       12.995791
       2       9.5328058
       3       14.356819
       4       10.412048
       5       13.216371
       6       14.186741
       7       14.304929
       8       13.379293
       9       11.636870
      10       5.6844739
      11       10.284965
      12       12.266807
      13   142.26
 
       1       12.030778
       2       10.035790
       3       16.415642
       4       12.215114
       5       16.379010
       6       13.900031
       7       16.641326
       8       21.151145
       9       20.832950
      10       12.586504
      11       16.027602
      12       11.685580
      13   179.90
 
       1       9.4687872
       2       10.436186
       3       15.769655
       4       16.207579
       5       19.699860
       6       16.685593
       7       14.377865
       8       14.526774
       9       12.432926
      10       9.3233470
      11       10.538537
      12       8.0544296
      13    13.13
 
       1 0.0
       2 0.0
       3 0.0
       4 0.0
       5 0.0
       6 0.0
       7 0.0
       8 0.0
       9 0.0
      10 0.0
      11 0.0
      12 0.0
      13 0.0
 
       1     0.099432297
       2      0.10810604
       3      0.16519219
       4      0.16390685
       5      0.19928853
       6      0.16617791
       7      0.13832216
       8      0.14138518
       9      0.12171843
      10     0.091488852
      11      0.10784288
      12     0.084609655
      13   0.1323
 
       1      0.93287272
       2      0.93288028
       3      0.93315745
       4      0.93289617
       5      0.93264028
       6      0.93154053
       7      0.93193421
       8      0.93255915
       9      0.93226202
      10      0.93316298
      11      0.93408813
      12      0.93385783
      13   0.9328
 
       1    0.0069687101
       2    0.0076430387
       3     0.011553180
       4     0.011790797
       5     0.014326445
       6     0.012094817
       7     0.010297663
       8     0.010452571
       9    0.0089764400
      10    0.0067621257
      11    0.0077197707
      12    0.0059447589
      13   0.0095
 
       1      0.66680967
       2      0.71865401
       3      0.79979640
       4      0.71904912
       5      0.77914391
       6      0.84378920
       7      0.76448707
       8      0.76210569
       9      0.76479667
      10      0.66789652
      11      0.65989056
      12      0.65612216
      13   0.7335
 
