       1       74.676556
       2       57.885229
       3       49.770506
       4       37.852685
       5       26.771553
       6       18.854695
       7       19.247380
       8       9.0294743
       9       12.766022
      10       28.921583
      11       39.821737
      12       65.698124
      13   441.30
 
       1       37.443350
       2       29.140953
       3       28.804122
       4       23.041466
       5       17.923113
       6       12.773653
       7       12.539222
       8       6.5774647
       9       8.1121875
      10       16.775822
      11       21.438063
      12       33.909518
      13   248.48
 
       1       7.0276002
       2       5.2736737
       3       4.1083232
       4       2.7125341
       5       1.6373885
       6       1.0240953
       7       1.0328162
       8      0.46977497
       9      0.86759011
      10       2.2862228
      11       3.4143916
      12       5.6118639
      13    35.47
 
       1       22.749727
       2       18.437123
       3       14.755501
       4       10.811924
       5       7.3360644
       6       5.5643427
       7       6.0497949
       8       2.4839323
       9       3.5043604
      10       8.7153166
      11       12.054477
      12       20.151874
      13   132.61
 
       1       4.1848577
       2       2.9202584
       3       2.4905806
       4       1.7999822
       5       1.5099683
       6       1.4068628
       7       1.6219179
       8      0.71903906
       9      0.83122664
      10       1.6220217
      11       2.2816186
      12       3.5309653
      13    24.92
 
       1       1.0229758
       2      0.85762574
       3      0.67771973
       4      0.45445847
       5      0.30221431
       6      0.21794612
       7      0.19499921
       8     0.087503459
       9      0.15892031
      10      0.35999619
      11      0.54891678
      12      0.82992849
      13     0.48
 
       1 0.0
       2 0.0
       3 0.0
       4 0.0
       5 0.0
       6 0.0
       7 0.0
       8 0.0
       9 0.0
      10 0.0
      11 0.0
      12 0.0
      13 0.0
 
       1     0.026745090
       2     0.021925862
       3     0.018375316
       4     0.012626249
       5    0.0085321005
       6    0.0061727624
       7    0.0055925085
       8    0.0026990208
       9    0.0044394757
      10    0.0096182880
      11     0.014666963
      12     0.021709242
      13   0.0128
 
       1       1.0000000
       2       1.0000000
       3       1.0000000
       4       1.0000000
       5       1.0000000
       6       1.0000000
       7       1.0000000
       8       1.0000000
       9       1.0000000
      10       1.0000000
      11       1.0000000
      12       1.0000000
      13   1.0000
 
       1       0.0000000
       2       0.0000000
       3       0.0000000
       4       0.0000000
       5       0.0000000
       6       0.0000000
       7       0.0000000
       8       0.0000000
       9       0.0000000
      10       0.0000000
      11       0.0000000
      12       0.0000000
      13   0.0000
 
       1      0.67348426
       2      0.59929260
       3      0.57009777
       4      0.44147247
       5      0.35814858
       6      0.29004641
       7      0.43698841
       8      0.46422893
       9      0.50280659
      10      0.58164698
      11      0.65015148
      12      0.68597890
      13   0.5212
 
