       1       638.88792
       2       566.55448
       3       641.87745
       4       541.09108
       5       621.07476
       6       603.75501
       7       650.54149
       8       641.79983
       9       616.57577
      10       624.53691
      11       579.59981
      12       615.38562
      13  7341.68
 
       1       383.89175
       2       342.74156
       3       390.67957
       4       334.65098
       5       377.83124
       6       363.50855
       7       385.99500
       8       386.14339
       9       374.86358
      10       381.65808
      11       355.90793
      12       369.51163
      13  4447.38
 
       1       47.294969
       2       42.186223
       3       48.712935
       4       40.426305
       5       45.182214
       6       44.517394
       7       47.174316
       8       47.483437
       9       45.805026
      10       46.399160
      11       42.886177
      12       45.382601
      13   543.45
 
       1       178.43128
       2       156.05112
       3       175.84305
       4       141.73432
       5       167.47153
       6       164.83738
       7       183.74893
       8       176.89620
       9       167.17181
      10       169.57873
      11       158.46328
      12       171.52228
      13  2011.75
 
       1       28.329586
       2       25.122806
       3       28.105149
       4       25.063468
       5       30.404278
       6       29.754310
       7       32.751587
       8       31.939394
       9       28.549623
      10       26.921635
      11       23.835579
      12       27.749258
      13   338.53
 
       1       8.1811303
       2       7.8859660
       3       8.2571730
       4       7.0797460
       5       7.8299598
       6       8.2189907
       7       8.4949554
       8       8.4643825
       9       8.3878061
      10       8.0944495
      11       7.5832849
      12       7.7062158
      13     8.02
 
       1 0.0
       2 0.0
       3 0.0
       4 0.0
       5 0.0
       6 0.0
       7 0.0
       8 0.0
       9 0.0
      10 0.0
      11 0.0
      12 0.0
      13 0.0
 
       1     0.033371542
       2     0.032485961
       3     0.033640136
       4     0.029001313
       5     0.031379222
       6     0.032838997
       7     0.033556147
       8     0.033726585
       9     0.033845059
      10     0.032459451
      11     0.031000501
      12     0.031247817
      13   0.0324
 
       1       1.0000000
       2       1.0000000
       3       1.0000000
       4       1.0000000
       5       1.0000000
       6       1.0000000
       7       1.0000000
       8       1.0000000
       9       1.0000000
      10       1.0000000
      11       1.0000000
      12       1.0000000
      13   1.0000
 
       1       0.0000000
       2       0.0000000
       3       0.0000000
       4       0.0000000
       5       0.0000000
       6       0.0000000
       7       0.0000000
       8       0.0000000
       9       0.0000000
      10       0.0000000
      11       0.0000000
      12       0.0000000
      13   0.0000
 
       1      0.74636612
       2      0.74063920
       3      0.69931452
       4      0.64455897
       5      0.65234454
       6      0.64008679
       7      0.67071207
       8      0.68498244
       9      0.69691117
      10      0.71776910
      11      0.72790030
      12      0.72834631
      13   0.6958
 
