       1       631.16871
       2       530.49967
       3       629.63259
       4       577.51557
       5       649.40257
       6       598.00473
       7       627.87943
       8       660.07027
       9       600.62427
      10       588.15836
      11       577.36593
      12       646.21626
      13  7316.54
 
       1       377.59746
       2       321.63903
       3       381.17615
       4       358.29992
       5       398.26163
       6       360.70120
       7       378.06426
       8       392.68227
       9       367.64572
      10       355.49757
      11       353.09671
      12       383.87273
      13  4428.53
 
       1       46.872654
       2       39.532503
       3       47.213387
       4       42.806306
       5       48.423277
       6       44.062495
       7       45.782557
       8       49.283156
       9       45.410554
      10       43.863614
      11       42.359115
      12       47.742602
      13   543.35
 
       1       179.19746
       2       146.35752
       3       173.95015
       4       150.68377
       5       172.17749
       6       161.28114
       7       174.02875
       8       187.07823
       9       160.40935
      10       160.23805
      11       157.09171
      12       185.84330
      13  2008.34
 
       1       28.313445
       2       22.551150
       3       27.492295
       4       25.902060
       5       30.996739
       6       30.215265
       7       30.364931
       8       32.208557
       9       27.573787
      10       26.778902
      11       25.429261
      12       30.028162
      13   337.85
 
       1       8.0058471
       2       7.6025673
       3       8.2014602
       4       7.5287829
       5       8.2047591
       6       8.1066738
       7       8.2433596
       8       8.8288903
       9       8.3136500
      10       7.6065916
      11       7.4891109
      12       8.2843383
      13     8.03
 
       1 0.0
       2 0.0
       3 0.0
       4 0.0
       5 0.0
       6 0.0
       7 0.0
       8 0.0
       9 0.0
      10 0.0
      11 0.0
      12 0.0
      13 0.0
 
       1     0.032578999
       2     0.030876659
       3     0.033015675
       4     0.030796865
       5     0.033167882
       6     0.032189470
       7     0.032490237
       8     0.034842896
       9     0.033631905
      10     0.030102550
      11     0.030556811
      12     0.033159016
      13   0.0323
 
       1       1.0000000
       2       1.0000000
       3       1.0000000
       4       1.0000000
       5       1.0000000
       6       1.0000000
       7       1.0000000
       8       1.0000000
       9       1.0000000
      10       1.0000000
      11       1.0000000
      12       1.0000000
      13   1.0000
 
       1       0.0000000
       2       0.0000000
       3       0.0000000
       4       0.0000000
       5       0.0000000
       6       0.0000000
       7       0.0000000
       8       0.0000000
       9       0.0000000
      10       0.0000000
      11       0.0000000
      12       0.0000000
      13   0.0000
 
       1      0.74128901
       2      0.71927420
       3      0.70545067
       4      0.65091956
       5      0.64013984
       6      0.62709608
       7      0.65861414
       8      0.67704732
       9      0.67928619
      10      0.70143631
      11      0.72733764
      12      0.73546951
      13   0.6886
 
