       1       98.342360
       2       94.137688
       3       145.40780
       4       168.31611
       5       173.51303
       6       129.28838
       7       129.61055
       8       128.89303
       9       129.85157
      10       77.167958
      11       86.867606
      12       105.94387
      13  1467.34
 
       1       70.121890
       2       63.831410
       3       92.143518
       4       102.33141
       5       110.15249
       6       78.205895
       7       71.647288
       8       73.522834
       9       82.738309
      10       51.417327
      11       60.751088
      12       73.112791
      13   929.98
 
       1       9.0381597
       2       8.4396168
       3       10.489129
       4       10.281400
       5       11.158091
       6       7.9527329
       7       6.3933744
       8       7.0451580
       9       9.1271158
      10       6.3989355
      11       7.6433890
      12       8.6878271
      13   102.65
 
       1       9.4071801
       2       9.2920069
       3       13.113598
       4       13.888738
       5       16.393822
       6       15.423032
       7       17.427252
       8       13.682608
       9       12.356931
      10       6.2448739
      11       9.3052989
      12       10.231780
      13   146.77
 
       1       7.9551298
       2       9.9947398
       3       13.590228
       4       15.434781
       5       19.721558
       6       18.261698
       7       19.922605
       8       23.896335
       9       27.236042
      10       13.996810
      11       12.331180
      12       9.9887256
      13   192.33
 
       1       8.7469510
       2       9.4024709
       3       14.494970
       4       19.040499
       5       26.913674
       6       21.339811
       7       16.242488
       8       16.232885
       9       18.146348
      10       8.8352598
      11       8.8673940
      12       8.0379779
      13    14.69
 
       1 0.0
       2 0.0
       3 0.0
       4 0.0
       5 0.0
       6 0.0
       7 0.0
       8 0.0
       9 0.0
      10 0.0
      11 0.0
      12 0.0
      13 0.0
 
       1     0.094751939
       2     0.099102529
       3      0.15048604
       4      0.19792867
       5      0.28820272
       6      0.22086573
       7      0.16046989
       8      0.16236555
       9      0.18694043
      10     0.088657166
      11     0.091331350
      12     0.084643080
      13   0.1521
 
       1      0.87677783
       2      0.87247695
       3      0.86903219
       4      0.87370168
       5      0.87424663
       6      0.87064731
       7      0.87171020
       8      0.87217586
       9      0.87276547
      10      0.87252747
      11      0.87264876
      12      0.87191126
      13   0.8726
 
       1     0.012479155
       2     0.013296908
       3     0.020248550
       4     0.026572227
       5     0.037929256
       6     0.029741608
       7     0.022185040
       8     0.022310564
       9     0.025215933
      10     0.012262315
      11     0.012425600
      12     0.011342759
      13   0.0205
 
       1      0.68632545
       2      0.68741637
       3      0.79840154
       4      0.77433845
       5      0.85845199
       6      0.87827260
       7      0.81320263
       8      0.79617859
       9      0.83312071
      10      0.74560069
      11      0.70915479
      12      0.65366245
      13   0.7695
 
