       1       192.71284
       2       191.85549
       3       188.01847
       4       211.15010
       5       289.70366
       6       233.15197
       7       236.38449
       8       200.46917
       9       136.00677
      10       131.81376
      11       120.85770
      12       142.58457
      13  2274.71
 
       1       130.06371
       2       126.90172
       3       122.57381
       4       132.08090
       5       173.38386
       6       137.30700
       7       130.67989
       8       116.13606
       9       85.531722
      10       85.124959
      11       78.628464
      12       99.257458
      13  1417.67
 
       1       17.939695
       2       17.274424
       3       16.417150
       4       16.829630
       5       18.447852
       6       17.528854
       7       14.408012
       8       13.730703
       9       10.660056
      10       10.503246
      11       9.5712960
      12       13.370885
      13   176.68
 
       1       24.325595
       2       21.709263
       3       22.736289
       4       28.080414
       5       35.307977
       6       51.172162
       7       44.156502
       8       37.447977
       9       18.989939
      10       15.041889
      11       15.755636
      12       19.853184
      13   334.58
 
       1       19.804270
       2       16.667120
       3       21.030435
       4       26.094397
       5       39.120221
       6       54.669467
       7       44.600536
       8       45.003873
       9       27.669407
      10       20.873658
      11       14.838726
      12       17.107645
      13   347.48
 
       1       15.365486
       2       17.722823
       3       21.404643
       4       31.688621
       5       44.692158
       6       38.982614
       7       30.411048
       8       27.625422
       9       18.289003
      10       14.967659
      11       11.993762
      12       12.715138
      13    23.82
 
       1 0.0
       2 0.0
       3 0.0
       4 0.0
       5 0.0
       6 0.0
       7 0.0
       8 0.0
       9 0.0
      10 0.0
      11 0.0
      12 0.0
      13 0.0
 
       1     0.014988839
       2     0.017357280
       3     0.020762799
       4     0.030578952
       5     0.043531310
       6     0.038168459
       7     0.028134014
       8     0.025582805
       9     0.016747002
      10     0.013884610
      11     0.011364634
      12     0.012402138
      13   0.0228
 
       1      0.88366489
       2      0.88251898
       3      0.88201984
       4      0.88188831
       5      0.88140548
       6      0.88251453
       7      0.88349107
       8      0.88449657
       9      0.88219360
      10      0.88136153
      11      0.88358748
      12      0.88416663
      13   0.8828
 
       1    0.0019716996
       2    0.0022728859
       3    0.0027403434
       4    0.0040466361
       5    0.0057092620
       6    0.0049825569
       7    0.0038051966
       8    0.0034632405
       9    0.0022954047
      10    0.0018911969
      11    0.0015290778
      12    0.0016330451
      13   0.0030
 
       1      0.26850499
       2      0.27651018
       3      0.29657164
       4      0.33858087
       5      0.38277851
       6      0.39692516
       7      0.34783936
       8      0.32216645
       9      0.29420364
      10      0.29019997
      11      0.29300900
      12      0.29951638
      13   0.3172
 
