       1       130.63930
       2       194.08393
       3       195.87060
       4       189.33486
       5       184.74897
       6       182.04543
       7       219.42087
       8       185.44096
       9       145.51137
      10       136.75880
      11       144.17184
      12       177.21818
      13  2085.25
 
       1       88.354842
       2       128.24881
       3       127.77698
       4       122.29478
       5       113.92788
       6       106.91841
       7       124.16498
       8       106.85134
       9       90.815801
      10       90.334423
      11       97.688539
      12       118.93438
      13  1316.31
 
       1       12.032464
       2       18.228970
       3       16.681043
       4       16.962860
       5       14.998348
       6       12.727935
       7       14.208351
       8       12.404150
       9       11.185241
      10       11.939261
      11       12.565577
      12       15.263949
      13   169.20
 
       1       15.572088
       2       25.266030
       3       24.079632
       4       27.163144
       5       24.497602
       6       31.740644
       7       48.931796
       8       35.592456
       9       19.433235
      10       16.077727
      11       17.907961
      12       23.278551
      13   309.54
 
       1       9.7640063
       2       19.583979
       3       20.167951
       4       25.059676
       5       27.686202
       6       29.388538
       7       37.687919
       8       35.858467
       9       26.328859
      10       21.371608
      11       18.407264
      12       17.937982
      13   289.24
 
       1       11.128343
       2       19.276991
       3       23.962190
       4       28.658368
       5       27.899089
       6       25.543905
       7       27.548836
       8       23.027350
       9       18.637084
      10       16.663598
      11       14.566297
      12       14.298888
      13    20.93
 
       1 0.0
       2 0.0
       3 0.0
       4 0.0
       5 0.0
       6 0.0
       7 0.0
       8 0.0
       9 0.0
      10 0.0
      11 0.0
      12 0.0
      13 0.0
 
       1     0.010481175
       2     0.018571101
       3     0.023061587
       4     0.027270422
       5     0.025769022
       6     0.023003453
       7     0.024743993
       8     0.020599552
       9     0.016722991
      10     0.015522080
      11     0.013870870
      12     0.013695887
      13   0.0194
 
       1      0.93881962
       2      0.93832826
       3      0.93921735
       4      0.93857646
       5      0.93759913
       6      0.93722852
       7      0.93749231
       8      0.93902862
       9      0.93743527
      10      0.93908046
      11      0.94031773
      12      0.93968874
      13   0.9386
 
       1   0.00074154742
       2    0.0012870942
       3    0.0016027987
       4    0.0019117041
       5    0.0018474898
       6    0.0016768784
       7    0.0017996693
       8    0.0015055501
       9    0.0012236380
      10    0.0011069670
      11   0.00097197465
      12   0.00095432590
      13   0.0014
 
       1      0.28093849
       2      0.28423625
       3      0.31058818
       4      0.36010200
       5      0.35492770
       6      0.36070564
       7      0.32794617
       8      0.30452631
       9      0.29137928
      10      0.29155883
      11      0.28006137
      12      0.29179777
      13   0.3116
 
