       1       101.99708
       2       154.20897
       3       170.86996
       4       133.27139
       5       129.42384
       6       100.59585
       7       125.03460
       8       100.13960
       9       99.273096
      10       74.818488
      11       84.527674
      12       91.308659
      13  1365.47
 
       1       70.139735
       2       103.32532
       3       111.47689
       4       85.581381
       5       79.138049
       6       62.254901
       7       69.908489
       8       58.792721
       9       62.527592
      10       50.189976
      11       57.236103
      12       63.710031
      13   874.28
 
       1       8.8642741
       2       13.401994
       3       14.799647
       4       10.803298
       5       8.1480023
       6       6.7600036
       7       6.4215873
       8       6.1905339
       9       6.9197924
      10       6.5796497
      11       6.4724855
      12       7.7808734
      13   103.14
 
       1       9.4132347
       2       12.931110
       3       16.208765
       4       15.569401
       5       12.159188
       6       12.150484
       7       16.165217
       8       13.129706
       9       10.038155
      10       7.1806157
      11       6.9371188
      12       9.1033635
      13   140.99
 
       1       7.9553449
       2       10.540512
       3       17.511305
       4       17.244720
       5       15.850695
       6       13.500984
       7       18.073129
       8       19.924960
       9       20.064514
      10       16.019479
      11       11.289504
      12       7.8619844
      13   175.84
 
       1       7.6703454
       2       14.121660
       3       16.804621
       4       16.238001
       5       16.140843
       6       14.510639
       7       15.178994
       8       12.988654
       9       12.651840
      10       8.7813838
      11       7.5747991
      12       6.9526805
      13    12.47
 
       1 0.0
       2 0.0
       3 0.0
       4 0.0
       5 0.0
       6 0.0
       7 0.0
       8 0.0
       9 0.0
      10 0.0
      11 0.0
      12 0.0
      13 0.0
 
       1     0.098636748
       2      0.18435661
       3      0.22014244
       4      0.20531280
       5      0.19940996
       6      0.17721290
       7      0.18343181
       8      0.15859091
       9      0.15403664
      10      0.10735012
      11     0.094871356
      12     0.088985923
      13   0.1560
 
       1      0.92523171
       2      0.92555087
       3      0.92621013
       4      0.92462283
       5      0.92439929
       6      0.92398661
       7      0.92484706
       8      0.92576786
       9      0.92517982
      10      0.92607928
      11      0.92588402
      12      0.92561788
      13   0.9253
 
       1    0.0076755455
       2     0.014132784
       3     0.016816295
       4     0.016053595
       5     0.015851453
       6     0.014183397
       7     0.014695443
       8     0.012666547
       9     0.012351383
      10    0.0086266254
      11    0.0075086577
      12    0.0069570405
      13   0.0123
 
       1      0.66054802
       2      0.81123231
       3      0.81354758
       4      0.79295440
       5      0.79327415
       6      0.83061912
       7      0.82786893
       8      0.81992419
       9      0.80583898
      10      0.68916255
      11      0.71471217
      12      0.70079229
      13   0.7717
 
