       1       7.9262731
       2       10.318843
       3       14.882770
       4       23.108251
       5       42.477823
       6       47.820919
       7       28.268135
       8       26.391080
       9       17.641187
      10       11.996765
      11       6.5452859
      12       8.3401312
      13   245.72
 
       1       5.8472732
       2       6.5263440
       3       9.7131327
       4       14.377024
       5       22.699541
       6       24.625382
       7       16.208745
       8       14.363903
       9       10.438832
      10       7.7495302
      11       5.1409197
      12       6.3855958
      13   144.08
 
       1      0.86527323
       2      0.89652022
       3       1.7206401
       4       2.7398899
       5       3.3161854
       6       3.1274433
       7       2.4405104
       8       1.9792000
       9       1.4427488
      10       1.0872532
      11      0.78662637
      12      0.80061358
      13    21.20
 
       1       1.1942834
       2       1.4264074
       3       2.2463162
       4       4.3664430
       5       6.3228229
       6       12.966371
       7       7.3957445
       8       5.5956749
       9       2.4170852
      10       1.1350375
      11      0.96936476
      12      0.91115557
      13    46.95
 
       1      0.25305403
       2      0.65014965
       3       1.6793878
       4       3.4158176
       5       4.4683577
       6       7.0243443
       7       4.9596322
       8       3.6842112
       9       1.7563702
      10      0.60749757
      11      0.23676391
      12      0.20752174
      13    28.94
 
       1      0.89657103
       2       1.0634438
       3       2.1521559
       4       4.0603374
       5       4.1172020
       6       3.9267001
       7       2.7363849
       8       2.1362220
       9       1.5353337
      10       1.1999197
      11      0.93913457
      12      0.67902029
      13     2.12
 
       1 0.0
       2 0.0
       3 0.0
       4 0.0
       5 0.0
       6 0.0
       7 0.0
       8 0.0
       9 0.0
      10 0.0
      11 0.0
      12 0.0
      13 0.0
 
       1     0.026299821
       2     0.027829679
       3     0.058171657
       4      0.10912461
       5      0.10831011
       6     0.095171329
       7     0.064927189
       8     0.050704749
       9     0.037715553
      10     0.032430157
      11     0.026803874
      12     0.018933368
      13   0.0547
 
       1      0.85574084
       2      0.85080193
       3      0.85002619
       4      0.84817170
       5      0.85048244
       6      0.84666207
       7      0.84505737
       8      0.84281786
       9      0.84377501
      10      0.84996486
      11      0.85285637
      12      0.85330667
      13   0.8491
 
       1    0.0038837293
       2    0.0043578350
       3    0.0089225515
       4     0.016766118
       5     0.016629976
       6     0.015163173
       7     0.010509784
       8    0.0082242592
       9    0.0060513913
      10    0.0049956501
      11    0.0040377672
      12    0.0028840928
      13   0.0085
 
       1      0.91558729
       2      0.79019114
       3      0.91904299
       4      0.98057159
       5      0.98984131
       6      0.98513996
       7      0.97754136
       8      0.96768885
       9      0.98112006
      10      0.97548593
      11      0.96219464
      12      0.90116297
      13   0.9455
 
