       1       499.98534
       2       465.56223
       3       514.24291
       4       449.02680
       5       515.51406
       6       506.36318
       7       530.19410
       8       522.91391
       9       489.69045
      10       455.05455
      11       482.01801
      12       482.70641
      13  5913.27
 
       1       299.06737
       2       282.11142
       3       315.43411
       4       280.78510
       5       315.24135
       6       307.08569
       7       318.57667
       8       318.37150
       9       299.59180
      10       282.34030
      11       295.13636
      12       290.78354
      13  3604.53
 
       1       38.051979
       2       35.314991
       3       38.980698
       4       34.139041
       5       38.604088
       6       38.075798
       7       40.210822
       8       39.240557
       9       37.653543
      10       33.498330
      11       36.151542
      12       36.643200
      13   446.56
 
       1       137.66466
       2       128.17702
       3       135.29607
       4       114.08849
       5       134.98690
       6       134.38159
       7       142.93037
       8       138.62484
       9       129.42930
      10       119.16270
      11       127.16627
      12       132.14596
      13  1574.05
 
       1       24.936373
       2       21.307034
       3       22.982880
       4       21.809044
       5       26.541949
       6       26.513547
       7       27.462885
       8       26.765618
       9       24.330430
      10       20.413332
      11       22.155494
      12       23.573238
      13   288.79
 
       1       5.9059658
       2       6.0632756
       3       6.1507560
       4       5.5177032
       5       6.0315859
       6       6.3525645
       7       6.4849224
       8       6.3767434
       9       6.2667772
      10       5.3678379
      11       6.0125547
      12       5.8518000
      13     6.03
 
       1 0.0
       2 0.0
       3 0.0
       4 0.0
       5 0.0
       6 0.0
       7 0.0
       8 0.0
       9 0.0
      10 0.0
      11 0.0
      12 0.0
      13 0.0
 
       1     0.024259916
       2     0.025024141
       3     0.025535161
       4     0.023142045
       5     0.024750381
       6     0.025620602
       7     0.026115402
       8     0.026138593
       9     0.025568765
      10     0.022367312
      11     0.024754275
      12     0.024197180
      13   0.0248
 
       1       1.0000000
       2       1.0000000
       3       1.0000000
       4       1.0000000
       5       1.0000000
       6       1.0000000
       7       1.0000000
       8       1.0000000
       9       1.0000000
      10       1.0000000
      11       1.0000000
      12       1.0000000
      13   1.0000
 
       1       0.0000000
       2       0.0000000
       3       0.0000000
       4       0.0000000
       5       0.0000000
       6       0.0000000
       7       0.0000000
       8       0.0000000
       9       0.0000000
      10       0.0000000
      11       0.0000000
      12       0.0000000
      13   0.0000
 
       1      0.72806106
       2      0.72283846
       3      0.67293757
       4      0.66939956
       5      0.62740615
       6      0.63856549
       7      0.67139585
       8      0.68630260
       9      0.69397058
      10      0.70067983
      11      0.71483821
      12      0.74162359
      13   0.6890
 
