       1       164.87404
       2       191.89514
       3       217.67045
       4       178.95253
       5       190.58414
       6       189.07543
       7       234.03412
       8       189.53645
       9       141.01025
      10       122.98838
      11       172.92555
      12       218.36806
      13  2211.91
 
       1       111.19414
       2       130.60801
       3       138.49969
       4       114.85928
       5       119.73201
       6       109.48085
       7       129.61145
       8       109.98813
       9       88.846328
      10       81.672582
      11       115.44001
      12       146.27265
      13  1396.21
 
       1       14.982529
       2       19.164379
       3       17.370250
       4       16.337524
       5       15.623678
       6       12.938478
       7       13.915942
       8       12.838825
       9       10.822076
      10       10.896683
      11       13.901421
      12       18.823548
      13   177.62
 
       1       20.024847
       2       25.034012
       3       21.382760
       4       27.746934
       5       27.814083
       6       36.237371
       7       48.466708
       8       36.293720
       9       18.971715
      10       14.719561
      11       21.711320
      12       24.869909
      13   323.27
 
       1       13.969953
       2       19.016649
       3       19.187553
       4       26.255872
       5       30.358214
       6       31.137181
       7       39.650854
       8       38.376916
       9       26.611789
      10       20.540996
      11       21.961458
      12       20.245906
      13   307.31
 
       1       12.986971
       2       19.261945
       3       24.243564
       4       27.641688
       5       29.821987
       6       26.610341
       7       27.769188
       8       23.810654
       9       18.819304
      10       15.261194
      11       15.981473
      12       15.568001
      13    21.48
 
       1 0.0
       2 0.0
       3 0.0
       4 0.0
       5 0.0
       6 0.0
       7 0.0
       8 0.0
       9 0.0
      10 0.0
      11 0.0
      12 0.0
      13 0.0
 
       1     0.015522390
       2     0.023232948
       3     0.028551144
       4     0.032817031
       5     0.034819817
       6     0.030047097
       7     0.030882999
       8     0.026695358
       9     0.021165748
      10     0.017464461
      11     0.018761509
      12     0.018541166
      13   0.0249
 
       1      0.93246981
       2      0.93102711
       3      0.93075234
       4      0.93077370
       5      0.93008934
       6      0.92956793
       7      0.93097200
       8      0.93152537
       9      0.92997728
      10      0.93109547
      11      0.93208643
      12      0.93187658
      13   0.9310
 
       1    0.0011864863
       2    0.0017617308
       3    0.0021980748
       4    0.0025158586
       5    0.0026988592
       6    0.0023680274
       7    0.0024455994
       8    0.0021100209
       9    0.0016755759
      10    0.0013745798
      11    0.0014477913
      12    0.0014161867
      13   0.0019
 
       1      0.28107382
       2      0.30548563
       3      0.33095494
       4      0.37829475
       5      0.39378183
       6      0.38896099
       7      0.33644800
       8      0.32576076
       9      0.32717133
      10      0.31470668
      11      0.28963317
      12      0.27911724
      13   0.3293
 
