       1       70.409826
       2       49.810074
       3       58.512588
       4       43.433355
       5       30.047353
       6       19.220520
       7       15.483084
       8       9.8946528
       9       11.225914
      10       36.387052
      11       56.368467
      12       64.097486
      13   464.89
 
       1       34.360523
       2       25.936346
       3       32.401619
       4       25.636689
       5       19.587743
       6       13.019708
       7       10.130270
       8       6.9296524
       9       7.1900173
      10       20.106078
      11       29.222519
      12       33.268663
      13   257.79
 
       1       6.6542624
       2       4.6436814
       3       4.7296596
       4       3.0084890
       5       1.7631925
       6       1.0811464
       7      0.83169515
       8      0.56426396
       9      0.71740480
      10       2.5479153
      11       4.4820703
      12       5.7153017
      13    36.74
 
       1       22.377603
       2       14.930858
       3       16.978436
       4       11.999994
       5       8.0178574
       6       6.1670068
       7       5.0424353
       8       2.7231059
       9       2.9708397
      10       11.136194
      11       17.019253
      12       20.771410
      13   140.13
 
       1       3.6519639
       2       2.8768801
       3       3.1027824
       4       1.9001409
       5       1.5077637
       6       1.4648926
       7       1.3747113
       8      0.83833864
       9      0.76199348
      10       2.0481603
      11       3.1804076
      12       3.1812895
      13    25.89
 
       1       1.0056235
       2      0.77151353
       3      0.72238115
       4      0.48619956
       5      0.30706701
       6      0.22904488
       7      0.16855064
       8      0.10383484
       9      0.12376985
      10      0.38985674
      11      0.67353597
      12      0.85637404
      13     0.49
 
       1 0.0
       2 0.0
       3 0.0
       4 0.0
       5 0.0
       6 0.0
       7 0.0
       8 0.0
       9 0.0
      10 0.0
      11 0.0
      12 0.0
      13 0.0
 
       1     0.025689928
       2     0.020028748
       3     0.019203321
       4     0.013251286
       5    0.0089151484
       6    0.0065415818
       7    0.0047231883
       8    0.0031645388
       9    0.0036448424
      10     0.010286450
      11     0.017315000
      12     0.022372073
      13   0.0129
 
       1       1.0000000
       2       1.0000000
       3       1.0000000
       4       1.0000000
       5       1.0000000
       6       1.0000000
       7       1.0000000
       8       1.0000000
       9       1.0000000
      10       1.0000000
      11       1.0000000
      12       1.0000000
      13   1.0000
 
       1       0.0000000
       2       0.0000000
       3       0.0000000
       4       0.0000000
       5       0.0000000
       6       0.0000000
       7       0.0000000
       8       0.0000000
       9       0.0000000
      10       0.0000000
      11       0.0000000
      12       0.0000000
      13   0.0000
 
       1      0.66311433
       2      0.61249352
       3      0.55889900
       4      0.49588781
       5      0.39558050
       6      0.36633428
       7      0.45812091
       8      0.49307041
       9      0.50699391
      10      0.53343289
      11      0.59265800
      12      0.65081751
      13   0.5273
 
