       1       70.951472
       2       49.762750
       3       53.297088
       4       47.845789
       5       26.306293
       6       18.312306
       7       15.031841
       8       10.556749
       9       12.969923
      10       33.285178
      11       56.507960
      12       73.155954
      13   467.98
 
       1       36.073834
       2       27.086176
       3       30.582259
       4       27.456040
       5       17.456960
       6       11.866787
       7       10.188975
       8       7.1751472
       9       8.3055104
      10       19.127852
      11       28.379502
      12       37.168192
      13   260.87
 
       1       6.2825927
       2       4.8677983
       3       4.1545224
       4       3.5628532
       5       1.6132461
       6       1.0563624
       7      0.79940360
       8      0.56745529
       9      0.81471115
      10       2.4064032
      11       4.6465820
      12       6.3727723
      13    37.14
 
       1       22.560838
       2       15.810831
       3       15.420142
       4       12.469828
       5       7.3137874
       6       5.8803728
       7       4.8506730
       8       2.7573186
       9       3.1087189
      10       10.636901
      11       16.971464
      12       23.306482
      13   141.09
 
       1       3.7057332
       2       3.3333261
       3       2.3055361
       4       2.0965658
       5       1.3973939
       6       1.4485113
       7       1.2939902
       8      0.83546254
       9      0.74570616
      10       1.7810821
      11       3.0855006
      12       3.8658537
      13    25.89
 
       1      0.94519494
       2      0.85388452
       3      0.64132158
       4      0.57043652
       5      0.28303058
       6      0.22025018
       7      0.15873816
       8     0.097009907
       9      0.12840901
      10      0.36796817
      11      0.69458237
      12      0.95554980
      13     0.49
 
       1 0.0
       2 0.0
       3 0.0
       4 0.0
       5 0.0
       6 0.0
       7 0.0
       8 0.0
       9 0.0
      10 0.0
      11 0.0
      12 0.0
      13 0.0
 
       1     0.024466677
       2     0.023398598
       3     0.017832567
       4     0.015586050
       5    0.0081687060
       6    0.0061068052
       7    0.0045549032
       8    0.0029196504
       9    0.0037849353
      10    0.0098624489
      11     0.017593802
      12     0.024684021
      13   0.0132
 
       1       1.0000000
       2       1.0000000
       3       1.0000000
       4       1.0000000
       5       1.0000000
       6       1.0000000
       7       1.0000000
       8       1.0000000
       9       1.0000000
      10       1.0000000
      11       1.0000000
      12       1.0000000
      13   1.0000
 
       1       0.0000000
       2       0.0000000
       3       0.0000000
       4       0.0000000
       5       0.0000000
       6       0.0000000
       7       0.0000000
       8       0.0000000
       9       0.0000000
      10       0.0000000
      11       0.0000000
      12       0.0000000
      13   0.0000
 
       1      0.69422869
       2      0.67003450
       3      0.54789164
       4      0.50721430
       5      0.36828837
       6      0.33983420
       7      0.44935999
       8      0.52490577
       9      0.52760654
      10      0.57210940
      11      0.62081459
      12      0.70266827
      13   0.5437
 
