       1       122.99866
       2       136.86505
       3       161.38839
       4       149.06433
       5       178.41173
       6       174.96470
       7       189.44399
       8       170.14601
       9       126.29079
      10       126.48009
      11       128.37179
      12       115.16624
      13  1779.59
 
       1       82.654560
       2       83.750772
       3       99.879390
       4       90.540799
       5       105.71029
       6       101.02358
       7       102.34473
       8       94.535764
       9       78.235020
      10       80.565958
      11       83.292002
      12       77.190390
      13  1079.72
 
       1       12.571012
       2       10.966744
       3       14.618879
       4       13.791457
       5       13.926846
       6       12.593189
       7       11.933475
       8       11.153985
       9       10.511643
      10       10.585509
      11       11.872683
      12       11.144257
      13   145.67
 
       1       18.605277
       2       20.513869
       3       26.664297
       4       27.568139
       5       30.284302
       6       33.668414
       7       39.524465
       8       32.301540
       9       19.585387
      10       18.031245
      11       20.618146
      12       16.224952
      13   303.59
 
       1       10.860096
       2       12.272604
       3       16.374423
       4       17.777585
       5       22.031896
       6       31.284200
       7       36.599538
       8       34.843453
       9       23.709137
      10       16.813559
      11       16.973501
      12       12.419618
      13   251.96
 
       1       10.974657
       2       12.990109
       3       19.340052
       4       21.988742
       5       26.223327
       6       27.215021
       7       24.050063
       8       21.434681
       9       18.349943
      10       15.313498
      11       13.617470
      12       10.544971
      13    18.50
 
       1 0.0
       2 0.0
       3 0.0
       4 0.0
       5 0.0
       6 0.0
       7 0.0
       8 0.0
       9 0.0
      10 0.0
      11 0.0
      12 0.0
      13 0.0
 
       1     0.011173948
       2     0.012697405
       3     0.019394450
       4     0.021739419
       5     0.025624991
       6     0.026398986
       7     0.022623198
       8     0.020084672
       9     0.017681082
      10     0.015007475
      11     0.013762952
      12     0.010630506
      13   0.0181
 
       1      0.88439579
       2      0.88256756
       3      0.88223841
       4      0.88230061
       5      0.88144800
       6      0.88185308
       7      0.88213409
       8      0.88110985
       9      0.88247105
      10      0.88304996
      11      0.88389705
      12      0.88482956
      13   0.8827
 
       1    0.0014236552
       2    0.0016587926
       3    0.0024920865
       4    0.0028145450
       5    0.0033399056
       6    0.0034510913
       7    0.0030068903
       8    0.0026791233
       9    0.0023274858
      10    0.0019589630
      11    0.0017618488
      12    0.0013655035
      13   0.0024
 
       1      0.26449319
       2      0.25316568
       3      0.30864801
       4      0.34080298
       5      0.35689459
       6      0.37161023
       7      0.32849757
       8      0.31941875
       9      0.30988705
      10      0.30397289
      11      0.27504416
      12      0.25424515
      13   0.3072
 
