       1       148.96609
       2       192.13664
       3       195.04966
       4       205.11071
       5       235.19782
       6       208.46003
       7       255.95387
       8       190.56356
       9       158.72294
      10       110.73367
      11       164.34954
      12       111.49072
      13  2176.74
 
       1       101.40121
       2       127.06370
       3       127.97289
       4       124.77382
       5       145.13620
       6       123.45668
       7       139.65149
       8       110.35032
       9       101.22310
      10       72.594466
      11       111.01670
      12       76.206705
      13  1360.85
 
       1       13.563420
       2       16.887776
       3       17.776038
       4       15.184859
       5       18.131105
       6       15.329144
       7       14.922177
       8       12.878912
       9       12.650748
      10       9.5862178
      11       13.848134
      12       10.473132
      13   171.23
 
       1       16.509409
       2       20.615819
       3       27.960093
       4       26.634020
       5       33.033414
       6       41.969706
       7       52.326176
       8       32.684556
       9       20.890912
      10       14.945640
      11       17.422430
      12       13.933179
      13   318.93
 
       1       13.713689
       2       16.745620
       3       23.380323
       4       21.513770
       5       36.783769
       6       42.487396
       7       47.514229
       8       41.670916
       9       31.788683
      10       18.217613
      11       22.734510
      12       13.216192
      13   329.77
 
       1       12.068909
       2       20.334916
       3       26.838534
       4       28.674010
       5       37.006837
       6       33.744164
       7       31.551252
       8       24.614072
       9       22.306829
      10       13.694469
      11       15.411838
      12       9.9519306
      13    23.02
 
       1 0.0
       2 0.0
       3 0.0
       4 0.0
       5 0.0
       6 0.0
       7 0.0
       8 0.0
       9 0.0
      10 0.0
      11 0.0
      12 0.0
      13 0.0
 
       1     0.011556841
       2     0.020061762
       3     0.026708687
       4     0.027498256
       5     0.035654326
       6     0.032067337
       7     0.029037789
       8     0.022654110
       9     0.020899600
      10     0.012821849
      11     0.015008811
      12    0.0095362147
      13   0.0220
 
       1      0.88279897
       2      0.88214471
       3      0.88298965
       4      0.88231345
       5      0.88092120
       6      0.88179591
       7      0.88281394
       8      0.88457717
       9      0.88235293
      10      0.88300427
      11      0.88453628
      12      0.88520700
      13   0.8830
 
       1    0.0015431187
       2    0.0026158281
       3    0.0034738358
       4    0.0036598669
       5    0.0047200727
       6    0.0042751587
       7    0.0039340321
       8    0.0030804304
       9    0.0028154204
      10    0.0017383537
      11    0.0019789326
      12    0.0012766255
      13   0.0029
 
       1      0.25704769
       2      0.28347844
       3      0.34683277
       4      0.34756384
       5      0.38978326
       6      0.40056413
       7      0.34958024
       8      0.32693648
       9      0.31960173
      10      0.30070993
      11      0.28905480
      12      0.26080658
      13   0.3227
 
