       1       480.18535
       2       430.19895
       3       514.96955
       4       435.49266
       5       491.99176
       6       497.29347
       7       523.07228
       8       565.48710
       9       515.04965
      10       471.94049
      11       463.10486
      12       490.17102
      13  5878.96
 
       1       292.24866
       2       260.99008
       3       316.25214
       4       270.69239
       5       301.68709
       6       300.01596
       7       315.07257
       8       345.17445
       9       314.35547
      10       293.49753
      11       284.24162
      12       295.68098
      13  3589.91
 
       1       36.905802
       2       33.056667
       3       40.151168
       4       32.397294
       5       36.830283
       6       37.615178
       7       39.230417
       8       42.760773
       9       39.434852
      10       35.358762
      11       34.901032
      12       37.483143
      13   446.13
 
       1       130.77712
       2       115.38847
       3       138.01999
       4       113.35797
       5       127.13416
       6       134.55149
       7       139.24242
       8       151.22604
       9       136.38437
      10       123.85406
      11       124.37762
      12       134.23268
      13  1568.55
 
       1       21.156379
       2       18.561174
       3       22.650438
       4       19.896964
       5       24.856420
       6       25.442256
       7       27.556207
       8       27.090893
       9       24.896279
      10       20.380245
      11       19.514441
      12       22.523328
      13   274.53
 
       1       5.9040757
       2       5.8524994
       3       6.3001858
       4       5.2004268
       5       5.8275210
       6       6.3663294
       7       6.2312512
       8       6.8946388
       9       6.5376995
      10       5.7007210
      11       5.6640211
      12       6.0400894
      13     6.04
 
       1 0.0
       2 0.0
       3 0.0
       4 0.0
       5 0.0
       6 0.0
       7 0.0
       8 0.0
       9 0.0
      10 0.0
      11 0.0
      12 0.0
      13 0.0
 
       1     0.024521680
       2     0.024181212
       3     0.026264791
       4     0.021736856
       5     0.023736745
       6     0.025758317
       7     0.025416520
       8     0.028603333
       9     0.026967620
      10     0.023748395
      11     0.023518383
      12     0.024738144
      13   0.0249
 
       1       1.0000000
       2       1.0000000
       3       1.0000000
       4       1.0000000
       5       1.0000000
       6       1.0000000
       7       1.0000000
       8       1.0000000
       9       1.0000000
      10       1.0000000
      11       1.0000000
      12       1.0000000
      13   1.0000
 
       1       0.0000000
       2       0.0000000
       3       0.0000000
       4       0.0000000
       5       0.0000000
       6       0.0000000
       7       0.0000000
       8       0.0000000
       9       0.0000000
      10       0.0000000
      11       0.0000000
      12       0.0000000
      13   0.0000
 
       1      0.72602348
       2      0.72746480
       3      0.69759748
       4      0.63643710
       5      0.61144372
       6      0.59605252
       7      0.65286379
       8      0.68146054
       9      0.67734954
      10      0.68928376
      11      0.71371454
      12      0.72946417
      13   0.6783
 
