       1       31.254449
       2       29.318829
       3       26.535221
       4       20.190115
       5       24.475272
       6       19.420094
       7       19.162197
       8       14.682612
       9       12.943628
      10       13.242556
      11       22.460331
      12       32.409352
      13   266.09
 
       1       16.006145
       2       15.719795
       3       14.324474
       4       11.450513
       5       14.155083
       6       11.578542
       7       11.026873
       8       8.7159982
       9       7.6897204
      10       7.2024923
      11       11.392902
      12       16.109169
      13   145.37
 
       1       2.4204629
       2       2.5172625
       3       2.3172005
       4       1.7069275
       5       1.9160530
       6       1.5049456
       7       1.4481527
       8       1.1315941
       9       1.0316217
      10       1.0961762
      11       1.8499518
      12       2.4107951
      13    21.35
 
       1       10.460052
       2       10.402547
       3       8.2319817
       4       6.5791366
       5       6.9066948
       6       5.6042398
       7       6.2415661
       8       4.7640549
       9       4.2768396
      10       4.0781958
      11       7.1825042
      12       11.332438
      13    86.06
 
       1       1.6794548
       2       1.7244736
       3       1.0762697
       4      0.92840582
       5      0.98754201
       6      0.74832277
       7      0.70811506
       8      0.84162731
       9      0.89175960
      10       1.0378256
      11       1.3971835
      12       1.7013498
      13    13.72
 
       1      0.43523526
       2      0.50147004
       3      0.41399073
       4      0.36570357
       5      0.41502339
       6      0.34088382
       7      0.32934466
       8      0.25786069
       9      0.22492660
      10      0.19370964
      11      0.33130923
      12      0.41023723
      13     0.35
 
       1 0.0
       2 0.0
       3 0.0
       4 0.0
       5 0.0
       6 0.0
       7 0.0
       8 0.0
       9 0.0
      10 0.0
      11 0.0
      12 0.0
      13 0.0
 
       1     0.015947926
       2     0.018836299
       3     0.015763078
       4     0.014033701
       5     0.016459811
       6     0.014347015
       7     0.013410945
       8     0.010634938
       9    0.0092180112
      10    0.0074410131
      11     0.011950974
      12     0.015065903
      13   0.0136
 
       1       1.0000000
       2       1.0000000
       3       1.0000000
       4       1.0000000
       5       1.0000000
       6       1.0000000
       7       1.0000000
       8       1.0000000
       9       1.0000000
      10       1.0000000
      11       1.0000000
      12       1.0000000
      13   1.0000
 
       1       0.0000000
       2       0.0000000
       3       0.0000000
       4       0.0000000
       5       0.0000000
       6       0.0000000
       7       0.0000000
       8       0.0000000
       9       0.0000000
      10       0.0000000
      11       0.0000000
      12       0.0000000
      13   0.0000
 
       1      0.32588277
       2      0.29754579
       3      0.20562748
       4      0.29413707
       5      0.23553564
       6      0.18530858
       7      0.23140049
       8      0.25067086
       9      0.20920477
      10      0.26978234
      11      0.28809808
      12      0.31678565
      13   0.2592
 
