       1       180.68652
       2       158.65626
       3       170.35001
       4       126.92941
       5       132.74997
       6       111.01311
       7       110.34051
       8       137.14462
       9       97.262501
      10       106.29417
      11       131.63406
      12       107.92950
      13  1570.99
 
       1       122.23596
       2       103.71455
       3       114.13663
       4       76.989071
       5       83.691197
       6       68.089835
       7       63.550191
       8       77.743825
       9       63.691410
      10       69.083276
      11       88.705194
      12       76.576093
      13  1008.21
 
       1       16.800466
       2       12.707081
       3       16.327719
       4       7.9223930
       5       9.3221754
       6       7.4732255
       7       6.3698325
       8       7.5703761
       9       7.8360658
      10       8.1090950
      11       10.325334
      12       10.013359
      13   120.78
 
       1       19.861869
       2       13.731858
       3       20.550315
       4       8.9449929
       5       12.119702
       6       13.050491
       7       15.860684
       8       15.870573
       9       11.543546
      10       9.8464212
      11       11.916425
      12       12.679551
      13   165.98
 
       1       14.258821
       2       9.9742566
       3       17.206928
       4       12.677551
       5       15.295377
       6       15.808871
       7       17.319694
       8       25.141915
       9       20.885649
      10       19.231297
      11       16.104818
      12       12.023436
      13   195.93
 
       1       12.200283
       2       14.968119
       3       18.052127
       4       13.947762
       5       19.204563
       6       17.068179
       7       14.486994
       8       16.819812
       9       13.604439
      10       11.383749
      11       11.542964
      12       8.5957608
      13    14.32
 
       1 0.0
       2 0.0
       3 0.0
       4 0.0
       5 0.0
       6 0.0
       7 0.0
       8 0.0
       9 0.0
      10 0.0
      11 0.0
      12 0.0
      13 0.0
 
       1      0.12992819
       2      0.15813630
       3      0.19117128
       4      0.13842553
       5      0.19506881
       6      0.17036108
       7      0.14175241
       8      0.16467705
       9      0.13527175
      10      0.11283610
      11      0.11937099
      12     0.090514399
      13   0.1456
 
       1      0.93288302
       2      0.93437920
       3      0.93291065
       4      0.93214916
       5      0.93229082
       6      0.93167998
       7      0.93279508
       8      0.93223380
       9      0.93281005
      10      0.93267301
      11      0.93309525
      12      0.93301568
      13   0.9327
 
       1    0.0089743632
       2     0.010997319
       3     0.013269214
       4     0.010107617
       5     0.014009598
       6     0.012394275
       7     0.010436232
       8     0.012104940
       9    0.0098559640
      10    0.0082613097
      11    0.0084626113
      12    0.0063360444
      13   0.0104
 
       1      0.70323913
       2      0.70380453
       3      0.84907603
       4      0.73705554
       5      0.78944224
       6      0.81116925
       7      0.75862301
       8      0.79018029
       9      0.77728316
      10      0.70215322
      11      0.73090163
      12      0.68711609
      13   0.7533
 
