       1       500.06737
       2       443.08966
       3       481.21105
       4       465.32721
       5       522.08035
       6       537.34937
       7       522.05725
       8       507.38176
       9       463.36193
      10       505.27480
      11       453.47262
      12       494.17277
      13  5894.85
 
       1       301.48647
       2       270.63011
       3       296.08695
       4       288.89315
       5       319.97766
       6       326.98054
       7       316.32180
       8       306.41162
       9       285.81867
      10       308.08226
      11       279.36499
      12       302.30216
      13  3602.36
 
       1       38.075495
       2       34.377267
       3       36.694182
       4       35.026493
       5       39.115615
       6       40.317217
       7       39.516384
       8       38.788248
       9       35.365586
      10       38.364308
      11       34.018671
      12       37.659941
      13   447.32
 
       1       138.64823
       2       118.32096
       3       126.69821
       4       120.34099
       5       136.44141
       6       143.22281
       7       140.27843
       8       136.18079
       9       121.61135
      10       133.94411
      11       120.67143
      12       132.57050
      13  1568.93
 
       1       21.505287
       2       20.098257
       3       21.665601
       4       21.523951
       5       25.547900
       6       27.201155
       7       25.864158
       8       25.791977
       9       22.257084
      10       22.959634
      11       20.505358
      12       21.722642
      13   276.64
 
       1       6.0462082
       2       6.1555639
       3       5.7871931
       4       5.6316446
       5       6.0963301
       6       6.6664004
       7       6.2348489
       8       6.3004874
       9       5.8857812
      10       5.9880018
      11       5.6230665
      12       5.9372185
      13     6.03
 
       1 0.0
       2 0.0
       3 0.0
       4 0.0
       5 0.0
       6 0.0
       7 0.0
       8 0.0
       9 0.0
      10 0.0
      11 0.0
      12 0.0
      13 0.0
 
       1     0.025084517
       2     0.025679921
       3     0.024031548
       4     0.023637554
       5     0.025165725
       6     0.027127931
       7     0.025458021
       8     0.025632745
       9     0.024277862
      10     0.024570876
      11     0.023419034
      12     0.024675056
      13   0.0249
 
       1       1.0000000
       2       1.0000000
       3       1.0000000
       4       1.0000000
       5       1.0000000
       6       1.0000000
       7       1.0000000
       8       1.0000000
       9       1.0000000
      10       1.0000000
      11       1.0000000
      12       1.0000000
      13   1.0000
 
       1       0.0000000
       2       0.0000000
       3       0.0000000
       4       0.0000000
       5       0.0000000
       6       0.0000000
       7       0.0000000
       8       0.0000000
       9       0.0000000
      10       0.0000000
      11       0.0000000
      12       0.0000000
      13   0.0000
 
       1      0.71328226
       2      0.71948788
       3      0.68123354
       4      0.63700602
       5      0.60284667
       6      0.60056858
       7      0.63044102
       8      0.66579621
       9      0.66563524
      10      0.69713099
      11      0.69427720
      12      0.71484081
      13   0.6685
 
