       1       120.64559
       2       102.24304
       3       175.69546
       4       112.67499
       5       147.96363
       6       163.83941
       7       137.48660
       8       128.35253
       9       95.120282
      10       82.706619
      11       90.454807
      12       105.87390
      13  1463.06
 
       1       85.224830
       2       65.952168
       3       113.92847
       4       70.798864
       5       90.167267
       6       96.303033
       7       76.503951
       8       74.474981
       9       60.777625
      10       54.063702
      11       61.754800
      12       73.446444
      13   923.40
 
       1       10.757361
       2       7.5128866
       3       13.168780
       4       7.2116180
       5       7.9735110
       6       8.2119464
       7       6.8677750
       8       7.0031786
       9       6.9528931
      10       6.2983148
      11       6.9564647
      12       8.7978573
      13    97.71
 
       1       11.317621
       2       8.4188589
       3       17.744056
       4       7.9606350
       5       11.727214
       6       17.812667
       7       15.159210
       8       14.702155
       9       11.007131
      10       6.5761214
      11       8.4583027
      12       10.562238
      13   141.45
 
       1       10.264442
       2       8.3474597
       3       16.740272
       4       11.275636
       5       14.112759
       6       22.843391
       7       23.410436
       8       26.188455
       9       22.072135
      10       14.007163
      11       12.902507
      12       9.0368340
      13   191.20
 
       1       9.3026893
       2       8.9186452
       3       18.619973
       4       14.213132
       5       20.460079
       6       25.716921
       7       17.759060
       8       17.805181
       9       13.200761
      10       9.0034647
      11       8.5341437
      12       7.5461623
      13    14.26
 
       1 0.0
       2 0.0
       3 0.0
       4 0.0
       5 0.0
       6 0.0
       7 0.0
       8 0.0
       9 0.0
      10 0.0
      11 0.0
      12 0.0
      13 0.0
 
       1      0.12807382
       2      0.11740714
       3      0.25282297
       4      0.18618899
       5      0.26678558
       6      0.33953548
       7      0.22518710
       8      0.22750529
       9      0.16832266
      10      0.11441221
      11      0.11090930
      12     0.099880419
      13   0.1864
 
       1      0.88360054
       2      0.88246956
       3      0.88269693
       4      0.88171128
       5      0.88109223
       6      0.88065904
       7      0.88094219
       8      0.88147989
       9      0.88041018
      10      0.88185560
      11      0.88287918
      12      0.88080241
      13   0.8817
 
       1     0.015491752
       2     0.014575039
       3     0.030743152
       4     0.023150396
       5     0.033224568
       6     0.041822644
       7     0.028311948
       8     0.028532890
       9     0.021198869
      10     0.014525312
      11     0.013906995
      12     0.012385888
      13   0.0232
 
       1      0.72559800
       2      0.64576810
       3      0.74772864
       4      0.82495593
       5      0.80288364
       6      0.91197822
       7      0.85560332
       8      0.85085107
       9      0.83804267
      10      0.68230893
      11      0.67707612
      12      0.72642836
      13   0.7741
 
