       1       154.68611
       2       105.84021
       3       183.19716
       4       174.41788
       5       243.37541
       6       230.36201
       7       250.17451
       8       198.66962
       9       153.92279
      10       96.197008
      11       106.60623
      12       155.70388
      13  2053.15
 
       1       106.98400
       2       70.527388
       3       117.75634
       4       110.72846
       5       150.34890
       6       131.40975
       7       139.72778
       8       114.86496
       9       96.454904
      10       65.075182
      11       71.997812
      12       104.57301
      13  1280.45
 
       1       14.407523
       2       9.0686784
       3       14.846385
       4       14.969092
       5       17.218174
       6       14.648536
       7       15.179078
       8       13.010758
       9       11.480899
      10       9.1137624
      11       8.9103883
      12       12.756456
      13   155.61
 
       1       19.570959
       2       12.583905
       3       21.003450
       4       23.524647
       5       35.072244
       6       42.980052
       7       52.656029
       8       34.974982
       9       21.727548
      10       13.801804
      11       12.959471
      12       17.973448
      13   308.83
 
       1       16.362868
       2       9.8445542
       3       18.775254
       4       20.595673
       5       37.095877
       6       39.375200
       7       49.042202
       8       40.729310
       9       31.379187
      10       15.705258
      11       11.434137
      12       18.723421
      13   309.06
 
       1       13.538240
       2       11.985958
       3       21.116054
       4       27.503878
       5       37.861519
       6       33.223250
       7       33.044141
       8       25.109811
       9       20.879234
      10       12.863734
      11       11.088127
      12       12.361259
      13    21.71
 
       1 0.0
       2 0.0
       3 0.0
       4 0.0
       5 0.0
       6 0.0
       7 0.0
       8 0.0
       9 0.0
      10 0.0
      11 0.0
      12 0.0
      13 0.0
 
       1     0.013429681
       2     0.011515678
       3     0.020168798
       4     0.026791646
       5     0.036861409
       6     0.031515643
       7     0.031126309
       8     0.023427161
       9     0.019590332
      10     0.012231740
      11     0.010633459
      12     0.011981310
      13   0.0208
 
       1      0.84537871
       2      0.84299445
       3      0.84116224
       4      0.84387668
       5      0.84151135
       6      0.84290060
       7      0.84699813
       8      0.84764698
       9      0.84541058
      10      0.84485431
      11      0.84620799
      12      0.84741811
      13   0.8447
 
       1    0.0023226879
       2    0.0020374490
       3    0.0035596861
       4    0.0046841940
       5    0.0064168866
       6    0.0055521920
       7    0.0054842265
       8    0.0041645806
       9    0.0034796263
      10    0.0021735861
      11    0.0018814367
      12    0.0020976638
      13   0.0037
 
       1      0.30195810
       2      0.28083285
       3      0.31689081
       4      0.35329288
       5      0.39533504
       6      0.39065521
       7      0.35441111
       8      0.32753392
       9      0.30729346
      10      0.30656081
      11      0.29437215
      12      0.26729370
      13   0.3247
 
