       1       167.80373
       2       190.04735
       3       175.02546
       4       189.40625
       5       225.31192
       6       234.91156
       7       267.78684
       8       177.30952
       9       134.67351
      10       107.83514
      11       115.48934
      12       148.67513
      13  2134.28
 
       1       115.01250
       2       125.56549
       3       116.55699
       4       120.59375
       5       135.80853
       6       138.08984
       7       149.01124
       8       104.20316
       9       85.090611
      10       71.154812
      11       76.900152
      12       101.70822
      13  1339.70
 
       1       15.816104
       2       17.213994
       3       16.318366
       4       15.429057
       5       15.346766
       6       16.030701
       7       16.119077
       8       12.174430
       9       10.341614
      10       9.2655461
      11       9.7617929
      12       12.883682
      13   166.70
 
       1       20.717237
       2       21.628783
       3       20.819114
       4       24.358296
       5       28.178143
       6       45.417342
       7       57.493614
       8       30.444183
       9       19.680602
      10       13.787054
      11       14.720046
      12       19.339847
      13   316.58
 
       1       18.456415
       2       19.495629
       3       20.139487
       4       22.350264
       5       30.552528
       6       43.471414
       7       53.425889
       8       37.235311
       9       27.288042
      10       14.765163
      11       14.146232
      12       14.177378
      13   315.50
 
       1       13.827920
       2       18.226599
       3       22.007927
       4       27.944595
       5       33.576514
       6       38.976603
       7       36.578688
       8       22.809149
       9       18.527038
      10       13.189470
      11       11.675924
      12       12.336058
      13    22.47
 
       1 0.0
       2 0.0
       3 0.0
       4 0.0
       5 0.0
       6 0.0
       7 0.0
       8 0.0
       9 0.0
      10 0.0
      11 0.0
      12 0.0
      13 0.0
 
       1     0.017189774
       2     0.022678728
       3     0.027534859
       4     0.034068722
       5     0.040839636
       6     0.047358521
       7     0.043347634
       8     0.026653160
       9     0.021716477
      10     0.015584047
      11     0.013960076
      12     0.015191764
      13   0.0272
 
       1      0.89086898
       2      0.88920835
       3      0.89022216
       4      0.88944653
       5      0.88746207
       6      0.88794534
       7      0.88959802
       8      0.89186643
       9      0.88823291
      10      0.88926376
      11      0.88994258
      12      0.89057140
      13   0.8896
 
       1    0.0020859286
       2    0.0027438995
       3    0.0033334017
       4    0.0041740538
       5    0.0050067100
       6    0.0057837625
       7    0.0053468484
       8    0.0033253678
       9    0.0027181591
      10    0.0019544136
      11    0.0017370298
      12    0.0018533583
      13   0.0033
 
       1      0.28486603
       2      0.31534179
       3      0.34943056
       4      0.35595804
       5      0.38309364
       6      0.41184474
       7      0.39856816
       8      0.35990031
       9      0.33280413
      10      0.30644410
      11      0.30342283
      12      0.29798526
      13   0.3416
 
