       1       15.755597
       2       10.913898
       3       11.366307
       4       23.811665
       5       34.489973
       6       48.242784
       7       35.082094
       8       31.009955
       9       19.151945
      10       9.3099670
      11       8.5815019
      12       9.6497434
      13   257.37
 
       1       10.144094
       2       7.7566313
       3       8.6635092
       4       14.143880
       5       19.031899
       6       24.316732
       7       19.769423
       8       16.565347
       9       11.059224
      10       6.1493340
      11       5.9552747
      12       7.2327143
      13   150.79
 
       1       1.2582636
       2       1.1553065
       3       1.8434462
       4       2.8441783
       5       3.1387918
       6       3.0458754
       7       2.8802143
       8       2.2645981
       9       1.4350854
      10      0.88635947
      11      0.85020248
      12      0.98676688
      13    22.59
 
       1       1.0550571
       2       2.0693775
       3       2.3733346
       4       3.6023293
       5       5.5874272
       6       13.940696
       7       10.587916
       8       8.5332561
       9       3.9699393
      10       1.1229846
      11       1.0707552
      12      0.95080252
      13    54.86
 
       1      0.28210952
       2      0.73073456
       3       1.7714253
       4       3.2364241
       5       3.5465926
       6       6.4906597
       7       5.9556016
       8       5.4650111
       9       2.2865013
      10      0.35270886
      11      0.30857525
      12      0.19802426
      13    30.62
 
       1       1.0336510
       2       1.5309896
       3       2.7146647
       4       3.6140015
       5       3.8259912
       6       4.1320484
       7       3.4372737
       8       2.6249781
       9       1.7946508
      10      0.92573750
      11      0.84002618
      12      0.79707391
      13     2.27
 
       1 0.0
       2 0.0
       3 0.0
       4 0.0
       5 0.0
       6 0.0
       7 0.0
       8 0.0
       9 0.0
      10 0.0
      11 0.0
      12 0.0
      13 0.0
 
       1     0.022653990
       2     0.034181982
       3     0.058670440
       4     0.076403759
       5     0.081014275
       6     0.080762722
       7     0.066699835
       8     0.050001414
       9     0.034965779
      10     0.019528033
      11     0.018187172
      12     0.017621297
      13   0.0467
 
       1      0.87550019
       2      0.87421350
       3      0.86840641
       4      0.86881941
       5      0.87032849
       6      0.86587343
       7      0.86630109
       8      0.86449590
       9      0.86572944
      10      0.86901731
      11      0.87161612
      12      0.87353211
      13   0.8695
 
       1    0.0029862822
       2    0.0044611509
       3    0.0078346658
       4     0.010257549
       5     0.010797927
       6     0.011205310
       7    0.0093286673
       8    0.0070879920
       9    0.0049159327
      10    0.0026417093
      11    0.0024284219
      12    0.0023196899
      13   0.0064
 
       1      0.80645857
       2      0.87630653
       3      0.95043344
       4      0.96672645
       5      0.97863659
       6      0.98242369
       7      0.97699596
       8      0.97342165
       9      0.97850170
      10      0.97114757
      11      0.93728353
      12      0.90319074
      13   0.9418
 
