       1       482.15563
       2       461.50656
       3       462.21165
       4       472.74680
       5       512.60263
       6       513.84414
       7       503.11867
       8       504.12234
       9       475.36516
      10       472.46596
      11       452.78225
      12       518.82892
      13  5831.75
 
       1       293.75265
       2       280.23762
       3       289.31072
       4       291.39048
       5       314.91888
       6       314.51314
       7       304.22214
       8       306.57405
       9       293.91307
      10       297.43846
      11       275.14390
      12       312.21988
      13  3573.63
 
       1       36.287526
       2       35.845453
       3       35.497224
       4       35.673992
       5       38.687768
       6       38.887306
       7       38.741625
       8       38.536669
       9       36.682589
      10       35.433174
      11       34.496556
      12       40.138276
      13   444.91
 
       1       129.83506
       2       124.80578
       3       119.30724
       4       121.33290
       5       132.32662
       6       135.03269
       7       135.81119
       8       132.42433
       9       122.62389
      10       121.15717
      11       122.45930
      12       142.60702
      13  1539.72
 
       1       21.636655
       2       20.315137
       3       20.213809
       4       23.365316
       5       25.533027
       6       25.029002
       7       25.432788
       8       25.367900
       9       21.345142
      10       20.161227
      11       20.417880
      12       24.562324
      13   273.38
 
       1       5.8218010
       2       6.2306584
       3       5.6005900
       4       5.6792236
       5       6.0841010
       6       6.5594036
       7       6.3736165
       8       6.3106410
       9       6.0822096
      10       5.5882612
      11       5.6597802
      12       6.3629257
      13     6.03
 
       1 0.0
       2 0.0
       3 0.0
       4 0.0
       5 0.0
       6 0.0
       7 0.0
       8 0.0
       9 0.0
      10 0.0
      11 0.0
      12 0.0
      13 0.0
 
       1     0.024301429
       2     0.025993753
       3     0.023769918
       4     0.023818733
       5     0.025019293
       6     0.026810748
       7     0.025830249
       8     0.025611522
       9     0.025238812
      10     0.023628176
      11     0.023238322
      12     0.026209138
      13   0.0250
 
       1       1.0000000
       2       1.0000000
       3       1.0000000
       4       1.0000000
       5       1.0000000
       6       1.0000000
       7       1.0000000
       8       1.0000000
       9       1.0000000
      10       1.0000000
      11       1.0000000
      12       1.0000000
      13   1.0000
 
       1       0.0000000
       2       0.0000000
       3       0.0000000
       4       0.0000000
       5       0.0000000
       6       0.0000000
       7       0.0000000
       8       0.0000000
       9       0.0000000
      10       0.0000000
      11       0.0000000
      12       0.0000000
      13   0.0000
 
       1      0.70526324
       2      0.70915247
       3      0.65107802
       4      0.63186561
       5      0.60270706
       6      0.59325135
       7      0.61966247
       8      0.65867691
       9      0.68536765
      10      0.69396515
      11      0.69882250
      12      0.71830193
      13   0.6640
 
