       1       160.94008
       2       144.02870
       3       190.95342
       4       184.22968
       5       201.64337
       6       186.20773
       7       221.36560
       8       175.56316
       9       138.73548
      10       141.86689
      11       100.31498
      12       162.03796
      13  2007.89
 
       1       111.41431
       2       95.437151
       3       123.31610
       4       117.01675
       5       122.67266
       6       112.48522
       7       123.37138
       8       102.86745
       9       87.754825
      10       88.026484
      11       74.173721
      12       109.06041
      13  1267.60
 
       1       15.559322
       2       13.226673
       3       16.661434
       4       15.481078
       5       14.663105
       6       14.163857
       7       13.370689
       8       12.406060
       9       10.935924
      10       10.366842
      11       11.121101
      12       13.540529
      13   161.50
 
       1       21.079719
       2       16.387182
       3       23.259713
       4       23.133624
       5       26.339555
       6       38.750493
       7       43.953583
       8       29.947598
       9       18.370883
      10       12.576425
      11       15.708817
      12       18.877634
      13   288.39
 
       1       16.740341
       2       15.123341
       3       18.999809
       4       23.414066
       5       28.642104
       6       34.221573
       7       39.067749
       8       35.620386
       9       27.830196
      10       17.676652
      11       17.400652
      12       15.290505
      13   290.03
 
       1       14.619588
       2       15.139694
       3       21.968595
       4       26.794847
       5       28.700195
       6       27.414776
       7       26.494906
       8       21.952622
       9       18.707408
      10       14.169237
      11       13.574118
      12       12.763581
      13    20.19
 
       1 0.0
       2 0.0
       3 0.0
       4 0.0
       5 0.0
       6 0.0
       7 0.0
       8 0.0
       9 0.0
      10 0.0
      11 0.0
      12 0.0
      13 0.0
 
       1     0.017574844
       2     0.017790650
       3     0.025994865
       4     0.031440933
       5     0.033209538
       6     0.031346663
       7     0.029331413
       8     0.024453465
       9     0.020984044
      10     0.015965507
      11     0.016343006
      12     0.015056645
      13   0.0233
 
       1      0.93100258
       2      0.93111170
       3      0.93019629
       4      0.93038758
       5      0.92983100
       6      0.93004298
       7      0.93063955
       8      0.93112563
       9      0.92970246
      10      0.93011414
      11      0.93188153
      12      0.93189439
      13   0.9307
 
       1    0.0013383573
       2    0.0013757738
       3    0.0019977358
       4    0.0024304856
       5    0.0025873926
       6    0.0024510083
       7    0.0023314673
       8    0.0019433296
       9    0.0016646525
      10    0.0012664116
      11    0.0012467667
      12    0.0011603173
      13   0.0018
 
       1      0.30342837
       2      0.31148770
       3      0.33305895
       4      0.36493979
       5      0.37075735
       6      0.37548270
       7      0.32933383
       8      0.31381862
       9      0.31365856
      10      0.30516592
      11      0.30961809
      12      0.28432598
      13   0.3263
 
