       1       9.5031151
       2       11.121666
       3       17.228586
       4       22.204301
       5       41.508708
       6       46.164353
       7       41.785378
       8       24.652065
       9       18.565797
      10       10.438673
      11       9.7763701
      12       9.8770173
      13   262.83
 
       1       6.8554599
       2       7.5852728
       3       11.284209
       4       13.495015
       5       22.676771
       6       24.166033
       7       22.370110
       8       14.226800
       9       10.566082
      10       6.7335549
      11       6.5673534
      12       7.1273107
      13   153.65
 
       1      0.89537946
       2       1.0282970
       3       1.9948552
       4       2.4544602
       5       3.1621809
       6       3.0466943
       7       3.0390087
       8       1.9949858
       9       1.3286118
      10      0.87851082
      11      0.84060101
      12      0.93809706
      13    21.60
 
       1      0.87069630
       2      0.88788604
       3       2.7202862
       4       3.5122732
       5       6.5842601
       6       11.737983
       7       13.962137
       8       6.1513543
       9       2.4291830
      10      0.61028449
      11      0.53060243
      12       1.1679160
      13    51.16
 
       1      0.11705212
       2      0.23317392
       3       1.1931145
       4       2.6342356
       5       4.9608430
       6       6.1269808
       7       6.4283339
       8       4.1765102
       9       2.0967660
      10      0.25234487
      11     0.099476028
      12      0.18933648
      13    28.51
 
       1      0.81233951
       2      0.95369348
       3       2.2948788
       4       3.2426845
       5       3.9515306
       6       3.8913181
       7       3.3675989
       8       2.1887107
       9       1.5282627
      10      0.90603405
      11      0.70971544
      12      0.82064807
      13     2.06
 
       1 0.0
       2 0.0
       3 0.0
       4 0.0
       5 0.0
       6 0.0
       7 0.0
       8 0.0
       9 0.0
      10 0.0
      11 0.0
      12 0.0
      13 0.0
 
       1     0.017533071
       2     0.019580028
       3     0.046086424
       4     0.065471207
       5     0.079145627
       6     0.073859137
       7     0.063041545
       8     0.040590040
       9     0.028878498
      10     0.018067018
      11     0.015520487
      12     0.018168697
      13   0.0405
 
       1      0.93343193
       2      0.93009017
       3      0.92835344
       4      0.92926012
       5      0.93009599
       6      0.92771680
       7      0.92859663
       8      0.92724622
       9      0.92807245
      10      0.93005559
      11      0.93411968
      12      0.93509528
      13   0.9302
 
       1    0.0012247069
       2    0.0014155354
       3    0.0033803006
       4    0.0047699636
       5    0.0057506826
       6    0.0055572362
       7    0.0047872305
       8    0.0031232585
       9    0.0022022309
      10    0.0013372378
      11    0.0010743307
      12    0.0012421304
      13   0.0030
 
       1      0.89574821
       2      0.90032862
       3      0.91362969
       4      0.95571074
       5      0.97625773
       6      0.97737968
       7      0.97822374
       8      0.96830343
       9      0.96799875
      10      0.94796040
      11      0.93385961
      12      0.91774299
      13   0.9444
 
