       1       163.44534
       2       126.74690
       3       176.60761
       4       165.58053
       5       241.63503
       6       230.78543
       7       251.85344
       8       202.64593
       9       147.10384
      10       120.68343
      11       144.35821
      12       163.40670
      13  2134.85
 
       1       112.30922
       2       85.275988
       3       112.19829
       4       105.62838
       5       147.76839
       6       133.15056
       7       139.24084
       8       117.54515
       9       92.906504
      10       81.105609
      11       97.717483
      12       111.63735
      13  1336.48
 
       1       15.672015
       2       11.675395
       3       14.802433
       4       13.786652
       5       16.627071
       6       15.310725
       7       15.050714
       8       13.221031
       9       11.347988
      10       10.510216
      11       12.004167
      12       14.904874
      13   164.91
 
       1       20.729801
       2       16.070676
       3       22.129103
       4       20.517935
       5       30.007164
       6       46.948733
       7       52.153182
       8       35.697938
       9       18.761547
      10       13.864235
      11       16.469708
      12       21.050623
      13   314.40
 
       1       14.582290
       2       13.107490
       3       21.367514
       4       19.699391
       5       33.656911
       6       44.839908
       7       47.268665
       8       42.760915
       9       30.182341
      10       20.083531
      11       16.318264
      12       15.229535
      13   319.10
 
       1       13.184170
       2       14.595166
       3       19.964967
       4       24.828470
       5       36.327985
       6       37.365377
       7       32.378310
       8       26.643154
       9       20.306221
      10       14.875774
      11       14.750750
      12       13.002619
      13    22.35
 
       1 0.0
       2 0.0
       3 0.0
       4 0.0
       5 0.0
       6 0.0
       7 0.0
       8 0.0
       9 0.0
      10 0.0
      11 0.0
      12 0.0
      13 0.0
 
       1     0.016281618
       2     0.017915690
       3     0.024078582
       4     0.030188596
       5     0.044205916
       6     0.045466109
       7     0.038134438
       8     0.031229975
       9     0.024086847
      10     0.017680805
      11     0.018195936
      12     0.016027242
      13   0.0270
 
       1      0.88971209
       2      0.88895467
       3      0.88980389
       4      0.88929830
       5      0.88787673
       6      0.88847114
       7      0.88997821
       8      0.89076975
       9      0.88980362
      10      0.88965529
      11      0.89136583
      12      0.89152342
      13   0.8898
 
       1    0.0019821883
       2    0.0021956325
       3    0.0029670672
       4    0.0037103035
       5    0.0054098880
       6    0.0055484147
       7    0.0047201890
       8    0.0038867931
       9    0.0029887472
      10    0.0022023332
      11    0.0022205042
      12    0.0019505739
      13   0.0033
 
       1      0.29935642
       2      0.31512334
       3      0.32447419
       4      0.35502089
       5      0.39498537
       6      0.41014275
       7      0.38365527
       8      0.34598880
       9      0.32387294
      10      0.30240026
      11      0.31901131
      12      0.29503574
      13   0.3391
 
