       1       466.40575
       2       448.79355
       3       496.07112
       4       474.01713
       5       515.33687
       6       499.14904
       7       562.36650
       8       518.23209
       9       485.23946
      10       495.75857
      11       452.35404
      12       497.20054
      13  5910.92
 
       1       285.24410
       2       271.20366
       3       303.48565
       4       293.97651
       5       315.36275
       6       302.79029
       7       341.81811
       8       316.03320
       9       299.02406
      10       308.12836
      11       277.08691
      12       302.97490
      13  3617.13
 
       1       35.673119
       2       34.461708
       3       37.987203
       4       35.953137
       5       38.502334
       6       37.745614
       7       42.103300
       8       39.093995
       9       37.480034
      10       36.945681
      11       33.572559
      12       37.668750
      13   447.19
 
       1       125.11594
       2       122.52401
       3       131.61983
       4       123.76695
       5       135.16767
       6       134.02297
       7       150.31548
       8       138.39541
       9       128.37023
      10       128.50728
      11       120.78515
      12       133.83414
      13  1572.43
 
       1       20.744910
       2       20.454370
       3       21.826555
       4       20.871732
       5       25.939894
       6       25.326079
       7       26.748097
       8       25.195481
       9       21.711789
      10       21.330603
      11       20.923237
      12       22.573024
      13   273.65
 
       1       5.6060445
       2       5.9196256
       3       6.0226826
       4       5.8355674
       5       6.1789014
       6       6.3173231
       7       6.7738088
       8       6.3016093
       9       6.1107472
      10       5.8569488
      11       5.4973176
      12       6.0150054
      13     6.04
 
       1 0.0
       2 0.0
       3 0.0
       4 0.0
       5 0.0
       6 0.0
       7 0.0
       8 0.0
       9 0.0
      10 0.0
      11 0.0
      12 0.0
      13 0.0
 
       1     0.023549371
       2     0.024363737
       3     0.025080346
       4     0.024318778
       5     0.025480054
       6     0.025659758
       7     0.027662011
       8     0.025980994
       9     0.025413611
      10     0.024476033
      11     0.022835924
      12     0.024770719
      13   0.0250
 
       1       1.0000000
       2       1.0000000
       3       1.0000000
       4       1.0000000
       5       1.0000000
       6       1.0000000
       7       1.0000000
       8       1.0000000
       9       1.0000000
      10       1.0000000
      11       1.0000000
      12       1.0000000
      13   1.0000
 
       1       0.0000000
       2       0.0000000
       3       0.0000000
       4       0.0000000
       5       0.0000000
       6       0.0000000
       7       0.0000000
       8       0.0000000
       9       0.0000000
      10       0.0000000
      11       0.0000000
      12       0.0000000
      13   0.0000
 
       1      0.73702313
       2      0.69876173
       3      0.68550794
       4      0.63996021
       5      0.59762465
       6      0.60511773
       7      0.64116377
       8      0.67154385
       9      0.67550986
      10      0.71237786
      11      0.70592105
      12      0.72309131
      13   0.6745
 
