       1       211.11768
       2       125.73625
       3       138.24367
       4       173.38271
       5       222.37853
       6       218.28816
       7       227.53883
       8       183.70305
       9       173.76720
      10       109.01024
      11       139.00778
      12       138.52012
      13  2060.69
 
       1       143.41041
       2       87.392568
       3       87.998411
       4       107.82639
       5       138.51853
       6       128.02104
       7       127.95280
       8       106.57161
       9       108.53571
      10       74.132591
      11       92.946053
      12       94.310630
      13  1297.62
 
       1       18.971876
       2       13.514798
       3       11.491714
       4       13.774829
       5       17.800562
       6       15.229421
       7       14.479906
       8       12.304038
       9       13.090502
      10       10.668351
      11       11.712092
      12       11.975766
      13   165.01
 
       1       26.712373
       2       17.153358
       3       15.970230
       4       21.046711
       5       32.231654
       6       38.628152
       7       47.353484
       8       31.449032
       9       20.016645
      10       14.881815
      11       16.346948
      12       16.071444
      13   297.86
 
       1       20.263358
       2       13.308379
       3       13.999403
       4       19.790901
       5       31.529377
       6       38.016071
       7       43.885037
       8       38.360677
       9       30.426720
      10       21.299693
      11       17.118120
      12       15.743169
      13   303.74
 
       1       16.655037
       2       13.912996
       3       15.407863
       4       22.618181
       5       33.060259
       6       32.098272
       7       28.979664
       8       22.954056
       9       21.753878
      10       14.199672
      11       14.047897
      12       12.079374
      13    20.65
 
       1 0.0
       2 0.0
       3 0.0
       4 0.0
       5 0.0
       6 0.0
       7 0.0
       8 0.0
       9 0.0
      10 0.0
      11 0.0
      12 0.0
      13 0.0
 
       1     0.020082964
       2     0.016674876
       3     0.017662823
       4     0.025830977
       5     0.039010883
       6     0.036983591
       7     0.032613577
       8     0.025606394
       9     0.024554706
      10     0.016448240
      11     0.016363724
      12     0.014345157
      13   0.0238
 
       1      0.93156154
       2      0.93101957
       3      0.93031402
       4      0.92954326
       5      0.92931251
       6      0.92954742
       7      0.93120282
       8      0.93185140
       9      0.92988763
      10      0.93202383
      11      0.93185196
      12      0.93161928
      13   0.9308
 
       1    0.0015224162
       2    0.0012743652
       3    0.0013889467
       4    0.0020290578
       5    0.0029972523
       6    0.0028780020
       7    0.0025669803
       8    0.0020305378
       9    0.0019382936
      10    0.0012843689
      11    0.0012727376
      12    0.0011030072
      13   0.0019
 
       1      0.29136196
       2      0.29946291
       3      0.30335199
       4      0.33105609
       5      0.39055192
       6      0.40099453
       7      0.36360731
       8      0.31565489
       9      0.33383744
      10      0.30695443
      11      0.29574315
      12      0.29960020
      13   0.3277
 
