       1       9.2604178
       2       13.145464
       3       18.962838
       4       21.309847
       5       38.889042
       6       45.302671
       7       32.315449
       8       23.558983
       9       17.686662
      10       11.367078
      11       9.4439700
      12       7.9888907
      13   249.23
 
       1       6.3197466
       2       8.6931474
       3       11.929386
       4       12.741238
       5       21.150503
       6       24.103338
       7       19.111690
       8       14.105047
       9       10.432291
      10       7.3370537
      11       6.9794126
      12       5.8989196
      13   148.80
 
       1      0.80915020
       2       1.1322718
       3       2.1071200
       4       2.5704951
       5       3.0374771
       6       3.0698069
       7       2.8533797
       8       2.0177415
       9       1.4664183
      10       1.0827888
      11       1.0189120
      12      0.88529385
      13    22.05
 
       1      0.88976855
       2       1.4841495
       3       4.1964343
       4       3.4785769
       5       7.3022543
       6       13.763039
       7       9.7916308
       8       5.2768130
       9       2.6983727
      10       1.0099178
      11       1.7253607
      12       1.2883672
      13    52.90
 
       1      0.13554456
       2      0.81980790
       3       2.5115004
       4       3.0487211
       5       5.1309206
       6       6.5670060
       7       5.7985331
       8       3.2796065
       9       2.2270045
      10      0.60055054
      11      0.16848594
      12      0.29196185
      13    30.58
 
       1      0.59798466
       2       1.2809660
       3       2.8225091
       4       3.6223408
       5       4.1277747
       6       3.8655988
       7       3.0656898
       8       2.0941916
       9       1.5465849
      10       1.1511859
      11       1.2167485
      12      0.73288252
      13     2.18
 
       1 0.0
       2 0.0
       3 0.0
       4 0.0
       5 0.0
       6 0.0
       7 0.0
       8 0.0
       9 0.0
      10 0.0
      11 0.0
      12 0.0
      13 0.0
 
       1     0.013130117
       2     0.026957342
       3     0.061804506
       4     0.080098059
       5     0.084765358
       6     0.075282990
       7     0.058590996
       8     0.039823346
       9     0.029840606
      10     0.024899560
      11     0.028099883
      12     0.016576586
      13   0.0450
 
       1      0.82890577
       2      0.82817937
       3      0.83061077
       4      0.82977572
       5      0.82597082
       6      0.82353159
       7      0.82457824
       8      0.82186802
       9      0.82112091
      10      0.82907017
      11      0.83351828
      12      0.83248037
      13   0.8275
 
       1    0.0023165903
       2    0.0047933630
       3     0.010723977
       4     0.013869176
       5     0.015181619
       6     0.013729267
       7     0.010836641
       8    0.0074235875
       9    0.0055622449
      10    0.0043828644
      11    0.0047996734
      12    0.0028610063
      13   0.0080
 
       1      0.88363256
       2      0.83758212
       3      0.94433421
       4      0.96862165
       5      0.98259987
       6      0.97818378
       7      0.97280410
       8      0.96021386
       9      0.97051863
      10      0.95915297
      11      0.94584005
      12      0.90232327
      13   0.9422
 
