       1       101.63576
       2       141.90472
       3       116.85211
       4       153.10926
       5       140.18838
       6       119.69236
       7       117.42298
       8       109.42102
       9       98.571833
      10       89.472936
      11       105.41985
      12       121.32952
      13  1415.02
 
       1       69.979766
       2       94.651113
       3       75.773022
       4       96.602249
       5       85.186385
       6       74.350358
       7       65.606783
       8       64.201809
       9       61.270324
      10       60.175217
      11       73.637323
      12       82.752681
      13   904.19
 
       1       8.7337761
       2       12.204206
       3       8.9875820
       4       11.592954
       5       9.0345145
       6       7.9484732
       7       6.1924241
       8       6.4636234
       9       6.7330685
      10       7.4560156
      11       9.0517607
      12       9.8281105
      13   104.23
 
       1       8.0661582
       2       13.693234
       3       11.055691
       4       16.330141
       5       12.648150
       6       14.946912
       7       14.151275
       8       14.919878
       9       8.9010532
      10       7.2514729
      11       9.8283245
      12       12.411070
      13   144.20
 
       1       6.5506192
       2       14.207225
       3       11.756815
       4       18.224487
       5       18.075078
       6       16.321917
       7       17.502925
       8       22.005662
       9       18.936332
      10       16.744683
      11       12.689665
      12       12.472014
      13   185.49
 
       1       7.4062542
       2       12.913379
       3       11.774510
       4       18.652719
       5       18.529687
       6       17.900638
       7       14.149247
       8       13.955423
       9       12.261259
      10       10.671203
      11       9.4541421
      12       9.1167862
      13    13.07
 
       1 0.0
       2 0.0
       3 0.0
       4 0.0
       5 0.0
       6 0.0
       7 0.0
       8 0.0
       9 0.0
      10 0.0
      11 0.0
      12 0.0
      13 0.0
 
       1     0.076272000
       2      0.13632488
       3      0.11986970
       4      0.19267625
       5      0.18493115
       6      0.17796380
       7      0.13734773
       8      0.13566429
       9      0.11954898
      10      0.10625678
      11     0.097299004
      12     0.095879582
      13   0.1317
 
       1      0.93220178
       2      0.93277637
       3      0.93202876
       4      0.93278811
       5      0.93148209
       6      0.93177319
       7      0.93209926
       8      0.93264474
       9      0.93234132
      10      0.93218477
      11      0.93323191
      12      0.93334556
      13   0.9324
 
       1    0.0054435555
       2    0.0094918558
       3    0.0086018316
       4     0.013614335
       5     0.013443253
       6     0.012966416
       7     0.010166226
       8     0.010045271
       9    0.0088527944
      10    0.0077655637
      11    0.0069328186
      12    0.0067187018
      13   0.0095
 
       1      0.68333154
       2      0.71617033
       3      0.72654741
       4      0.82382038
       5      0.83472125
       6      0.79424728
       7      0.77730661
       8      0.77377004
       9      0.74604606
      10      0.74120175
      11      0.70489030
      12      0.68148786
      13   0.7503
 
