       1       9.2675881
       2       11.885888
       3       15.263161
       4       29.536002
       5       34.501244
       6       47.678132
       7       36.450137
       8       28.941253
       9       21.652481
      10       10.580291
      11       8.2680501
      12       7.1601756
      13   261.18
 
       1       6.4167967
       2       8.5074031
       3       10.652934
       4       17.472602
       5       19.073108
       6       24.640586
       7       20.183644
       8       15.710946
       9       12.225684
      10       7.1456711
      11       6.1802834
      12       5.4831911
      13   153.69
 
       1      0.82979602
       2       1.3656855
       3       2.0830132
       4       3.1109800
       5       2.8554584
       6       3.0043986
       7       2.7517062
       8       2.1178128
       9       1.5453738
      10       1.1219116
      11      0.88096653
      12      0.73275989
      13    22.40
 
       1       1.0459703
       2       1.7582986
       3       2.5496827
       4       4.9484732
       5       5.6250725
       6       12.119243
       7       10.948344
       8       7.0165704
       9       3.9282517
      10       1.2758268
      11       1.0673535
      12       1.0693246
      13    53.35
 
       1      0.35194061
       2      0.78730624
       3       1.4579070
       4       3.2896816
       5       3.8672792
       6       6.2809323
       7       5.3636623
       8       4.6345848
       9       2.1214112
      10      0.71314965
      11      0.31069398
      12      0.24735935
      13    29.43
 
       1      0.71643918
       2       1.7902725
       3       2.4621695
       4       4.2558179
       5       3.9139555
       6       4.0661539
       7       3.4014530
       8       2.3710017
       9       1.7762549
      10       1.2993592
      11      0.88859198
      12      0.67901069
      13     2.30
 
       1 0.0
       2 0.0
       3 0.0
       4 0.0
       5 0.0
       6 0.0
       7 0.0
       8 0.0
       9 0.0
      10 0.0
      11 0.0
      12 0.0
      13 0.0
 
       1     0.015398857
       2     0.038497378
       3     0.053991985
       4     0.091982211
       5     0.080753811
       6     0.080648083
       7     0.065114577
       8     0.044996348
       9     0.034996317
      10     0.028095837
      11     0.019127297
      12     0.015083189
      13   0.0474
 
       1      0.82855831
       2      0.82705108
       3      0.82901457
       4      0.82863560
       5      0.82713998
       6      0.82484924
       7      0.82154298
       8      0.82076515
       9      0.82311983
      10      0.83092459
      11      0.82965820
      12      0.83228336
      13   0.8270
 
       1    0.0027406079
       2    0.0068035291
       3    0.0094234196
       4     0.016027975
       5     0.014414662
       6     0.014566994
       7     0.012023926
       8    0.0083702457
       9    0.0064045123
      10    0.0049552539
      11    0.0034046191
      12    0.0026359876
      13   0.0085
 
       1      0.86617800
       2      0.93473605
       3      0.95314498
       4      0.97789298
       5      0.98280431
       6      0.98141228
       7      0.97518163
       8      0.96876871
       9      0.97992710
      10      0.94042261
      11      0.93011524
      12      0.90581220
      13   0.9497
 
