       1       106.66136
       2       129.30802
       3       159.10869
       4       157.67228
       5       173.44840
       6       127.19906
       7       123.26586
       8       117.35815
       9       93.321664
      10       78.747735
      11       89.047413
      12       109.82421
      13  1464.96
 
       1       72.392862
       2       83.123495
       3       103.39350
       4       97.552217
       5       109.14604
       6       75.302859
       7       70.269171
       8       67.643165
       9       59.973160
      10       51.913044
      11       61.121709
      12       75.432910
      13   927.26
 
       1       8.5519223
       2       9.7405864
       3       12.934488
       4       10.766325
       5       10.603751
       6       7.2181195
       7       6.6599541
       8       6.6810438
       9       6.6872069
      10       6.0421389
      11       6.9901081
      12       9.1525148
      13   102.03
 
       1       10.078023
       2       11.251961
       3       15.143259
       4       14.285932
       5       15.804292
       6       12.717348
       7       17.630629
       8       12.569471
       9       10.814425
      10       7.1500992
      11       8.0799945
      12       10.053568
      13   145.58
 
       1       9.2200653
       2       11.358021
       3       16.741809
       4       17.397851
       5       19.650390
       6       15.818311
       7       20.318677
       8       20.996328
       9       21.356958
      10       13.957112
      11       11.564696
      12       10.560973
      13   188.94
 
       1       8.6185600
       2       12.223517
       3       15.976359
       4       20.291620
       5       25.655025
       6       19.349758
       7       16.578039
       8       14.775463
       9       13.677090
      10       8.8897461
      11       8.3395621
      12       7.7085695
      13    14.34
 
       1 0.0
       2 0.0
       3 0.0
       4 0.0
       5 0.0
       6 0.0
       7 0.0
       8 0.0
       9 0.0
      10 0.0
      11 0.0
      12 0.0
      13 0.0
 
       1      0.11694329
       2      0.16565764
       3      0.21593860
       4      0.27114455
       5      0.34317707
       6      0.25321706
       7      0.21191259
       8      0.18863984
       9      0.17706172
      10      0.11275314
      11      0.10969405
      12      0.10381090
      13   0.1892
 
       1      0.89062779
       2      0.88977171
       3      0.88806140
       4      0.88916177
       5      0.88876175
       6      0.88741396
       7      0.88893723
       8      0.88892611
       9      0.88902451
      10      0.88801125
      11      0.89057415
      12      0.88840135
      13   0.8890
 
       1     0.013566700
       2     0.019174310
       3     0.024964415
       4     0.031569037
       5     0.039895681
       6     0.029869425
       7     0.025265716
       8     0.022576094
       9     0.021075510
      10     0.013656145
      11     0.012998464
      12     0.012098049
      13   0.0222
 
       1      0.64611617
       2      0.70659564
       3      0.81422969
       4      0.77352000
       5      0.86881485
       6      0.86438866
       7      0.82392898
       8      0.82168384
       9      0.80416794
      10      0.70105056
      11      0.67127268
      12      0.69208630
      13   0.7657
 
