       1       480.69051
       2       441.76374
       3       495.55650
       4       436.01464
       5       529.43635
       6       506.28637
       7       541.46113
       8       526.31506
       9       467.77090
      10       474.73436
      11       446.78283
      12       480.07571
      13  5826.89
 
       1       290.69117
       2       270.91974
       3       304.28100
       4       270.06099
       5       324.87286
       6       310.23203
       7       328.48720
       8       322.54781
       9       292.56625
      10       297.26534
      11       275.99379
      12       290.51262
      13  3578.43
 
       1       36.880089
       2       33.919729
       3       38.749558
       4       32.716858
       5       38.985687
       6       37.810044
       7       41.147419
       8       40.113510
       9       35.603668
      10       36.177427
      11       33.718117
      12       36.501373
      13   442.32
 
       1       131.49399
       2       117.89585
       3       130.02985
       4       112.25055
       5       138.62957
       6       134.20666
       7       143.98479
       8       138.89378
       9       118.51581
      10       122.78799
      11       116.08060
      12       131.43475
      13  1536.20
 
       1       21.414890
       2       19.969951
       3       22.495952
       4       21.314008
       5       25.514586
       6       24.195372
       7       26.383652
       8       25.618023
       9       20.585044
      10       20.563754
      11       19.728856
      12       22.302053
      13   270.09
 
       1       5.9145356
       2       5.8760979
       3       6.0866652
       4       5.2589234
       5       6.2028229
       6       6.3272468
       7       6.8451671
       8       6.4262629
       9       5.8205594
      10       5.8022267
      11       5.5168964
      12       5.8347211
      13     5.99
 
       1 0.0
       2 0.0
       3 0.0
       4 0.0
       5 0.0
       6 0.0
       7 0.0
       8 0.0
       9 0.0
      10 0.0
      11 0.0
      12 0.0
      13 0.0
 
       1     0.024515085
       2     0.024560343
       3     0.025316333
       4     0.021934888
       5     0.025362833
       6     0.025998915
       7     0.027865735
       8     0.026582995
       9     0.024716700
      10     0.024527222
      11     0.023057572
      12     0.024164420
      13   0.0249
 
       1       1.0000000
       2       1.0000000
       3       1.0000000
       4       1.0000000
       5       1.0000000
       6       1.0000000
       7       1.0000000
       8       1.0000000
       9       1.0000000
      10       1.0000000
      11       1.0000000
      12       1.0000000
      13   1.0000
 
       1       0.0000000
       2       0.0000000
       3       0.0000000
       4       0.0000000
       5       0.0000000
       6       0.0000000
       7       0.0000000
       8       0.0000000
       9       0.0000000
      10       0.0000000
      11       0.0000000
      12       0.0000000
      13   0.0000
 
       1      0.74106935
       2      0.72078204
       3      0.68281241
       4      0.65497679
       5      0.62423268
       6      0.61609910
       7      0.65505775
       8      0.68397660
       9      0.68274821
      10      0.71580089
      11      0.72598160
      12      0.74887937
      13   0.6877
 
