       1       31.725823
       2       28.359240
       3       27.042696
       4       21.318839
       5       23.843746
       6       21.591108
       7       18.818458
       8       15.915153
       9       12.477214
      10       13.767956
      11       21.285061
      12       29.416863
      13   265.56
 
       1       16.000135
       2       15.206763
       3       15.072831
       4       11.884780
       5       13.801167
       6       13.491762
       7       11.207597
       8       9.8883716
       9       7.5096004
      10       7.8693136
      11       11.178249
      12       14.986373
      13   148.10
 
       1       2.6112058
       2       2.3519854
       3       2.2838417
       4       1.7783518
       5       1.9097785
       6       1.7629190
       7       1.3952518
       8       1.1892642
       9      0.97448430
      10       1.1151922
      11       1.6937720
      12       2.2468023
      13    21.31
 
       1       10.768443
       2       9.4895314
       3       8.0637529
       4       6.3509238
       5       6.9392523
       6       6.1115385
       7       5.8038720
       8       4.8409339
       9       3.6086060
      10       4.3001601
      11       7.2308717
      12       9.9069056
      13    83.41
 
       1       1.5140881
       2       1.4104929
       3       1.1408035
       4      0.89887797
       5       1.0089373
       6      0.79049436
       7      0.71551414
       8      0.91116887
       9      0.93771992
      10       1.2468911
      11       1.5488134
      12       1.7187292
      13    13.84
 
       1      0.45120757
       2      0.47694038
       3      0.42607772
       4      0.37996245
       5      0.43407978
       6      0.44432232
       7      0.34216373
       8      0.28645930
       9      0.21641468
      10      0.20607369
      11      0.30251233
      12      0.39658574
      13     0.36
 
       1 0.0
       2 0.0
       3 0.0
       4 0.0
       5 0.0
       6 0.0
       7 0.0
       8 0.0
       9 0.0
      10 0.0
      11 0.0
      12 0.0
      13 0.0
 
       1     0.016336505
       2     0.017915432
       3     0.016822265
       4     0.014409055
       5     0.017221887
       6     0.018847361
       7     0.014092812
       8     0.012394365
       9    0.0089483979
      10    0.0080166758
      11     0.011511550
      12     0.014822775
      13   0.0143
 
       1       1.0000000
       2       1.0000000
       3       1.0000000
       4       1.0000000
       5       1.0000000
       6       1.0000000
       7       1.0000000
       8       1.0000000
       9       1.0000000
      10       1.0000000
      11       1.0000000
      12       1.0000000
      13   1.0000
 
       1       0.0000000
       2       0.0000000
       3       0.0000000
       4       0.0000000
       5       0.0000000
       6       0.0000000
       7       0.0000000
       8       0.0000000
       9       0.0000000
      10       0.0000000
      11       0.0000000
      12       0.0000000
      13   0.0000
 
       1      0.28091854
       2      0.30682809
       3      0.19204642
       4      0.26977662
       5      0.20737385
       6      0.14033001
       7      0.17061837
       8      0.19113794
       9      0.21266078
      10      0.24064454
      11      0.33989394
      12      0.34014612
      13   0.2410
 
