       1       173.73435
       2       124.31628
       3       142.31554
       4       146.23560
       5       173.10592
       6       160.26824
       7       136.25932
       8       120.26473
       9       117.35118
      10       85.964220
      11       75.127627
      12       72.053953
      13  1527.00
 
       1       114.78977
       2       84.159882
       3       92.597811
       4       91.013931
       5       106.47098
       6       93.390256
       7       76.656231
       8       70.089785
       9       74.812919
      10       56.038758
      11       51.168226
      12       50.986994
      13   962.18
 
       1       13.404814
       2       11.188766
       3       11.477156
       4       9.6336261
       5       10.120746
       6       8.2360900
       7       7.0197122
       8       6.9052644
       9       8.5989772
      10       6.3502009
      11       5.7894917
      12       5.8871663
      13   104.61
 
       1       14.337445
       2       13.167522
       3       14.467496
       4       12.998501
       5       15.222463
       6       16.897398
       7       16.961862
       8       12.376500
       9       12.485384
      10       6.7529946
      11       7.6473403
      12       6.4031751
      13   149.72
 
       1       16.639367
       2       11.480093
       3       14.125443
       4       15.685945
       5       21.940744
       6       21.450248
       7       23.895971
       8       20.814601
       9       26.778734
      10       14.468228
      11       9.6505838
      12       6.3378076
      13   203.27
 
       1       11.453575
       2       11.934211
       3       14.955700
       4       18.529733
       5       26.237130
       6       25.840104
       7       17.556878
       8       15.668714
       9       15.916602
      10       9.1504309
      11       7.1619680
      12       6.1205036
      13    15.04
 
       1 0.0
       2 0.0
       3 0.0
       4 0.0
       5 0.0
       6 0.0
       7 0.0
       8 0.0
       9 0.0
      10 0.0
      11 0.0
      12 0.0
      13 0.0
 
       1      0.15705258
       2      0.16340623
       3      0.20315839
       4      0.24569804
       5      0.35093037
       6      0.34272109
       7      0.22404863
       8      0.20044090
       9      0.20807735
      10      0.11696644
      11     0.093701067
      12     0.081929666
      13   0.1990
 
       1      0.88929572
       2      0.88955457
       3      0.88847023
       4      0.88874249
       5      0.88909684
       6      0.88819388
       7      0.88866170
       8      0.88906424
       9      0.88889201
      10      0.89048629
      11      0.89148114
      12      0.89149256
      13   0.8895
 
       1     0.018001245
       2     0.018785545
       3     0.023408098
       4     0.028730290
       5     0.040923230
       6     0.039998234
       7     0.026743974
       8     0.023938574
       9     0.024556580
      10     0.014089399
      11     0.011130652
      12    0.0096174268
      13   0.0233
 
       1      0.73223831
       2      0.72803816
       3      0.79343029
       4      0.78565504
       5      0.84493964
       6      0.89510768
       7      0.83408124
       8      0.80374085
       9      0.82922429
      10      0.66143783
      11      0.61628713
      12      0.62142632
      13   0.7621
 
