       1       490.03308
       2       444.86200
       3       471.86905
       4       465.99619
       5       485.27129
       6       472.60681
       7       533.84684
       8       508.88712
       9       458.98846
      10       479.52030
      11       457.79740
      12       489.99301
      13  5759.67
 
       1       294.53528
       2       269.57400
       3       289.06544
       4       287.80419
       5       294.41235
       6       288.58542
       7       327.95636
       8       312.70043
       9       287.36170
      10       299.67124
      11       280.99517
      12       296.54932
      13  3529.21
 
       1       37.446718
       2       34.653633
       3       36.620146
       4       34.728581
       5       37.216679
       6       35.850842
       7       40.772922
       8       39.462578
       9       35.279186
      10       35.478593
      11       34.634985
      12       37.675770
      13   439.82
 
       1       135.77451
       2       122.57900
       3       124.76383
       4       121.38701
       5       128.45843
       6       123.28328
       7       140.46367
       8       134.56231
       9       116.71448
      10       123.65683
      11       122.32869
      12       132.62676
      13  1526.60
 
       1       21.647147
       2       19.069483
       3       21.741611
       4       21.951028
       5       25.011246
       6       23.800514
       7       24.659684
       8       22.894934
       9       19.326475
      10       20.851130
      11       19.828937
      12       22.735353
      13   263.52
 
       1       6.0792768
       2       6.1323677
       3       5.8167809
       4       5.6732873
       5       5.9312985
       6       6.0701451
       7       6.5632144
       8       6.3735020
       9       5.8626028
      10       5.5561011
      11       5.6886653
      12       5.9880219
      13     5.98
 
       1 0.0
       2 0.0
       3 0.0
       4 0.0
       5 0.0
       6 0.0
       7 0.0
       8 0.0
       9 0.0
      10 0.0
      11 0.0
      12 0.0
      13 0.0
 
       1     0.024945493
       2     0.025273560
       3     0.024130984
       4     0.023523172
       5     0.023973132
       6     0.024707766
       7     0.027325450
       8     0.026388098
       9     0.024585528
      10     0.023522427
      11     0.023538125
      12     0.024729783
      13   0.0247
 
       1       1.0000000
       2       1.0000000
       3       1.0000000
       4       1.0000000
       5       1.0000000
       6       1.0000000
       7       1.0000000
       8       1.0000000
       9       1.0000000
      10       1.0000000
      11       1.0000000
      12       1.0000000
      13   1.0000
 
       1       0.0000000
       2       0.0000000
       3       0.0000000
       4       0.0000000
       5       0.0000000
       6       0.0000000
       7       0.0000000
       8       0.0000000
       9       0.0000000
      10       0.0000000
      11       0.0000000
      12       0.0000000
      13   0.0000
 
       1      0.72727028
       2      0.72101830
       3      0.69338776
       4      0.65920564
       5      0.62971011
       6      0.61306448
       7      0.65746103
       8      0.69276029
       9      0.69509492
      10      0.72074719
      11      0.73544153
      12      0.74571504
      13   0.6909
 
