       1       152.08523
       2       135.61538
       3       158.68208
       4       220.21962
       5       227.58652
       6       237.30021
       7       240.89254
       8       195.73389
       9       144.64760
      10       94.287459
      11       107.91290
      12       143.61293
      13  2058.58
 
       1       104.39457
       2       91.658888
       3       99.310481
       4       140.94894
       5       139.47439
       6       138.25551
       7       134.53059
       8       112.09529
       9       93.682930
      10       61.941341
      11       73.969525
      12       99.870648
      13  1290.13
 
       1       13.750116
       2       12.241369
       3       12.583121
       4       17.279293
       5       16.280633
       6       15.137012
       7       14.748055
       8       12.515037
       9       11.765615
      10       8.2071539
      11       9.4563203
      12       12.840722
      13   156.80
 
       1       18.414380
       2       15.224155
       3       19.312549
       4       28.687365
       5       33.331614
       6       46.551579
       7       52.510146
       8       30.112598
       9       20.695761
      10       11.214078
      11       13.836156
      12       15.776744
      13   305.67
 
       1       15.426848
       2       13.566849
       3       14.732172
       4       24.492530
       5       35.588287
       6       42.479251
       7       49.399741
       8       38.551373
       9       30.412786
      10       13.295879
      11       13.199211
      12       17.505204
      13   308.65
 
       1       12.879764
       2       15.163699
       3       17.894782
       4       35.610091
       5       36.920386
       6       35.571712
       7       32.260312
       8       23.445272
       9       21.380941
      10       11.535352
      11       12.224062
      12       12.134962
      13    22.25
 
       1 0.0
       2 0.0
       3 0.0
       4 0.0
       5 0.0
       6 0.0
       7 0.0
       8 0.0
       9 0.0
      10 0.0
      11 0.0
      12 0.0
      13 0.0
 
       1     0.015728842
       2     0.018588872
       3     0.021285592
       4     0.044007157
       5     0.045448847
       6     0.042591174
       7     0.037672588
       8     0.026936086
       9     0.025217828
      10     0.013459890
      11     0.014554784
      12     0.014927042
      13   0.0267
 
       1      0.86336023
       2      0.86186771
       3      0.86083794
       4      0.86145247
       5      0.86147197
       6      0.86170403
       7      0.86397667
       8      0.86422210
       9      0.86227950
      10      0.86218449
      11      0.86352058
      12      0.86353667
      13   0.8625
 
       1    0.0023940613
       2    0.0028287312
       3    0.0032900271
       4    0.0066431528
       5    0.0068744676
       6    0.0065169949
       7    0.0058260241
       8    0.0042110395
       9    0.0038991963
      10    0.0021123722
      11    0.0022542395
      12    0.0022676582
      13   0.0041
 
       1      0.29674937
       2      0.28676133
       3      0.32311509
       4      0.37899912
       5      0.41031177
       6      0.40095597
       7      0.36716971
       8      0.33994050
       9      0.35140799
      10      0.29927451
      11      0.27576578
      12      0.29897175
      13   0.3358
 
