       1       486.07731
       2       430.70160
       3       486.44989
       4       448.84467
       5       512.48292
       6       507.01313
       7       555.52065
       8       556.17956
       9       456.29948
      10       443.49504
      11       429.25954
      12       498.13877
      13  5810.46
 
       1       292.00292
       2       261.53172
       3       296.49369
       4       275.19670
       5       312.95965
       6       307.73768
       7       336.50911
       8       338.02636
       9       281.35129
      10       273.26787
      11       261.88488
      12       299.77453
      13  3536.74
 
       1       37.384114
       2       33.210859
       3       37.419063
       4       33.776752
       5       38.956432
       6       38.254991
       7       41.844482
       8       42.880493
       9       34.711839
      10       33.808854
      11       33.104438
      12       37.611821
      13   442.96
 
       1       135.45313
       2       114.34180
       3       128.06870
       4       118.99224
       5       134.07337
       6       133.39599
       7       150.12975
       8       149.66956
       9       119.58708
      10       115.78668
      11       116.51481
      12       136.30951
      13  1552.32
 
       1       22.720724
       2       20.595977
       3       24.338010
       4       22.004876
       5       26.568971
       6       24.699010
       7       26.716903
       8       27.680003
       9       20.853314
      10       20.352218
      11       19.515251
      12       22.318305
      13   278.36
 
       1       5.9259277
       2       5.7654738
       3       5.8387277
       4       5.3874041
       5       6.1186895
       6       6.3349688
       7       6.9218276
       8       6.9057866
       9       5.7158593
      10       5.3957416
      11       5.4508558
      12       6.0478330
      13     5.98
 
       1 0.0
       2 0.0
       3 0.0
       4 0.0
       5 0.0
       6 0.0
       7 0.0
       8 0.0
       9 0.0
      10 0.0
      11 0.0
      12 0.0
      13 0.0
 
       1     0.024190900
       2     0.024095167
       3     0.024246576
       4     0.022449931
       5     0.025077310
       6     0.025798326
       7     0.028250086
       8     0.028373358
       9     0.023674430
      10     0.022240544
      11     0.022288133
      12     0.024666546
      13   0.0246
 
       1       1.0000000
       2       1.0000000
       3       1.0000000
       4       1.0000000
       5       1.0000000
       6       1.0000000
       7       1.0000000
       8       1.0000000
       9       1.0000000
      10       1.0000000
      11       1.0000000
      12       1.0000000
      13   1.0000
 
       1       0.0000000
       2       0.0000000
       3       0.0000000
       4       0.0000000
       5       0.0000000
       6       0.0000000
       7       0.0000000
       8       0.0000000
       9       0.0000000
      10       0.0000000
      11       0.0000000
      12       0.0000000
      13   0.0000
 
       1      0.71953235
       2      0.72148053
       3      0.69402589
       4      0.66345997
       5      0.62364339
       6      0.60931743
       7      0.66162615
       8      0.68471489
       9      0.68255922
      10      0.68872862
      11      0.68578967
      12      0.71353940
      13   0.6790
 
