       1       30.704438
       2       26.689331
       3       26.621927
       4       19.614019
       5       22.070675
       6       20.617936
       7       18.855333
       8       15.626156
       9       12.075481
      10       16.091516
      11       19.926539
      12       26.290814
      13   255.18
 
       1       15.793409
       2       14.184171
       3       14.478447
       4       11.033031
       5       12.564669
       6       12.171066
       7       10.799246
       8       9.3331593
       9       7.2642976
      10       8.9656908
      11       10.532406
      12       13.446926
      13   140.57
 
       1       2.5583297
       2       2.2822602
       3       2.3787220
       4       1.6468161
       5       1.7062323
       6       1.5996724
       7       1.4068872
       8       1.1869394
       9      0.99151377
      10       1.2917954
      11       1.5909682
      12       2.2237369
      13    20.86
 
       1       10.183291
       2       8.2736574
       3       8.6426203
       4       6.2679899
       5       6.7665579
       6       6.0815833
       7       6.0124231
       8       5.2159778
       9       3.7534869
      10       5.2741314
      11       6.4075149
      12       8.3403952
      13    81.22
 
       1       2.0341247
       2       1.1899657
       3       1.0246580
       4      0.87028980
       5      0.99839362
       6      0.80120906
       7      0.79013735
       8      0.86599274
       9      0.87233461
      10       1.2198865
      11       1.3008321
      12       1.5707514
      13    13.54
 
       1      0.42708816
       2      0.44866592
       3      0.45227722
       4      0.34281523
       5      0.37272425
       6      0.35814915
       7      0.32067052
       8      0.26830643
       9      0.21040207
      10      0.24775484
      11      0.28979331
      12      0.37019437
      13     0.34
 
       1 0.0
       2 0.0
       3 0.0
       4 0.0
       5 0.0
       6 0.0
       7 0.0
       8 0.0
       9 0.0
      10 0.0
      11 0.0
      12 0.0
      13 0.0
 
       1     0.015632826
       2     0.016725975
       3     0.017583917
       4     0.013035434
       5     0.014683483
       6     0.014475800
       7     0.012670022
       8     0.011324717
       9    0.0086191119
      10    0.0095382571
      11     0.010664563
      12     0.013653679
      13   0.0132
 
       1       1.0000000
       2       1.0000000
       3       1.0000000
       4       1.0000000
       5       1.0000000
       6       1.0000000
       7       1.0000000
       8       1.0000000
       9       1.0000000
      10       1.0000000
      11       1.0000000
      12       1.0000000
      13   1.0000
 
       1       0.0000000
       2       0.0000000
       3       0.0000000
       4       0.0000000
       5       0.0000000
       6       0.0000000
       7       0.0000000
       8       0.0000000
       9       0.0000000
      10       0.0000000
      11       0.0000000
      12       0.0000000
      13   0.0000
 
       1      0.27373194
       2      0.25431615
       3      0.28080846
       4      0.25179264
       5      0.22905610
       6      0.19515049
       7      0.23398568
       8      0.23584649
       9      0.17968703
      10      0.31715739
      11      0.23084526
      12      0.29541847
      13   0.2481
 
