       1       470.33005
       2       439.82703
       3       482.44286
       4       466.82524
       5       503.84641
       6       535.47037
       7       511.97889
       8       518.49160
       9       459.90710
      10       464.50661
      11       415.23474
      12       454.58629
      13  5723.45
 
       1       285.32561
       2       269.57153
       3       294.92473
       4       290.55143
       5       308.81531
       6       325.03354
       7       309.67470
       8       319.74121
       9       284.46376
      10       290.51292
      11       254.24524
      12       273.39502
      13  3506.25
 
       1       35.803903
       2       34.253235
       3       36.951495
       4       34.555484
       5       37.370965
       6       40.871874
       7       39.031982
       8       39.046523
       9       35.197534
      10       35.083095
      11       31.830444
      12       34.094022
      13   434.09
 
       1       129.08046
       2       115.27710
       3       129.90285
       4       118.62918
       5       131.61034
       6       141.02852
       7       139.09531
       8       135.28412
       9       119.90315
      10       118.76521
      11       111.39208
      12       125.46530
      13  1515.43
 
       1       20.113921
       2       18.894156
       3       21.996701
       4       22.054898
       5       25.963119
       6       27.682716
       7       24.541056
       8       23.833967
       9       22.476051
      10       19.413350
      11       18.939996
      12       20.878437
      13   266.79
 
       1       5.6885785
       2       5.9047847
       3       5.7831667
       4       5.4857389
       5       5.8982771
       6       6.7496003
       7       6.4225579
       8       6.2915320
       9       5.8455593
      10       5.4876806
      11       5.2624479
      12       5.4937341
      13     5.86
 
       1 0.0
       2 0.0
       3 0.0
       4 0.0
       5 0.0
       6 0.0
       7 0.0
       8 0.0
       9 0.0
      10 0.0
      11 0.0
      12 0.0
      13 0.0
 
       1     0.023558955
       2     0.024690565
       3     0.024105273
       4     0.022982879
       5     0.024358611
       6     0.027544661
       7     0.025840128
       8     0.026127865
       9     0.024380308
      10     0.023114311
      11     0.021646132
      12     0.022504272
      13   0.0242
 
       1       1.0000000
       2       1.0000000
       3       1.0000000
       4       1.0000000
       5       1.0000000
       6       1.0000000
       7       1.0000000
       8       1.0000000
       9       1.0000000
      10       1.0000000
      11       1.0000000
      12       1.0000000
      13   1.0000
 
       1       0.0000000
       2       0.0000000
       3       0.0000000
       4       0.0000000
       5       0.0000000
       6       0.0000000
       7       0.0000000
       8       0.0000000
       9       0.0000000
      10       0.0000000
      11       0.0000000
      12       0.0000000
      13   0.0000
 
       1      0.73435210
       2      0.70765473
       3      0.67572556
       4      0.64727415
       5      0.61967853
       6      0.61223160
       7      0.64946043
       8      0.67764989
       9      0.69753636
      10      0.71786626
      11      0.73700218
      12      0.71528876
      13   0.6826
 
