       1       9.4432089
       2       11.157766
       3       16.330629
       4       23.257495
       5       36.933646
       6       43.130146
       7       43.316949
       8       27.965264
       9       21.053404
      10       12.246665
      11       7.5188289
      12       5.8491988
      13   258.20
 
       1       6.6341548
       2       7.5243614
       3       10.313799
       4       13.902826
       5       20.038318
       6       22.300456
       7       22.845854
       8       15.847617
       9       12.066983
      10       7.8429628
      11       5.3825385
      12       4.6851348
      13   149.39
 
       1      0.87892263
       2       1.2662935
       3       1.5683280
       4       2.6119471
       5       2.8688030
       6       2.8481600
       7       3.1790630
       8       2.2481240
       9       1.5144435
      10       1.0905714
      11      0.81360772
      12      0.65200317
      13    21.54
 
       1       1.3052390
       2       1.0789916
       3       1.8432176
       4       3.8091941
       5       6.7213233
       6       13.864012
       7       16.069102
       8       7.7899320
       9       4.2617540
      10      0.95226695
      11       1.1495619
      12      0.97142501
      13    59.82
 
       1      0.22455346
       2      0.39802152
       3       1.8096198
       4       2.4191816
       5       4.0670357
       6       6.0312586
       7       6.5263789
       8       4.8497474
       9       2.6228761
      10      0.57720018
      11      0.15875227
      12      0.23592296
      13    29.92
 
       1      0.76717155
       2       1.2851377
       3       1.9626840
       4       3.3500838
       5       4.1015073
       6       3.9182364
       7       3.6596960
       8       2.5512935
       9       1.7904459
      10       1.1134769
      11      0.78305575
      12      0.59749332
      13     2.16
 
       1 0.0
       2 0.0
       3 0.0
       4 0.0
       5 0.0
       6 0.0
       7 0.0
       8 0.0
       9 0.0
      10 0.0
      11 0.0
      12 0.0
      13 0.0
 
       1     0.021515327
       2     0.034933264
       3     0.051025447
       4     0.087587981
       5      0.10704849
       6     0.097702474
       7     0.088573071
       8     0.061648583
       9     0.044572486
      10     0.029867029
      11     0.021621164
      12     0.016990717
      13   0.0553
 
       1      0.88801305
       2      0.88701910
       3      0.88352971
       4      0.88276383
       5      0.88442578
       6      0.88419109
       7      0.88428622
       8      0.88310499
       9      0.88422669
      10      0.88672767
      11      0.88784237
      12      0.88988463
      13   0.8855
 
       1    0.0024826992
       2    0.0040774584
       3    0.0061155368
       4     0.010434324
       5     0.012691153
       6     0.011801330
       7     0.010889055
       8    0.0076248301
       9    0.0054449920
      10    0.0035205756
      11    0.0025227805
      12    0.0019496710
      13   0.0066
 
       1      0.87456148
       2      0.90186650
       3      0.91174017
       4      0.97758349
       5      0.98500885
       6      0.98041944
       7      0.97493616
       8      0.96775301
       9      0.97895173
      10      0.97058230
      11      0.92862301
      12      0.89489771
      13   0.9456
 
