       1       15.218924
       2       12.158890
       3       26.434167
       4       25.074485
       5       32.010215
       6       42.070527
       7       49.950355
       8       32.122444
       9       21.617958
      10       14.770241
      11       6.9485206
      12       8.6985587
      13   287.08
 
       1       9.8953400
       2       8.3977413
       3       15.877318
       4       14.012367
       5       17.481212
       6       21.262357
       7       24.526986
       8       17.198224
       9       11.944379
      10       9.4187229
      11       5.5671590
      12       6.5547793
      13   162.14
 
       1       1.3194329
       2       1.3461720
       3       2.7314533
       4       2.6175639
       5       2.9107384
       6       2.6727127
       7       3.1372411
       8       2.3628643
       9       1.5685801
      10       1.3275229
      11      0.85072826
      12      0.88214275
      13    23.73
 
       1       1.5096988
       2       1.3713947
       3       3.5402473
       4       4.6186709
       5       5.0388117
       6       11.516594
       7       18.551536
       8       10.354505
       9       4.6505507
      10       1.3717529
      11      0.98413045
      12      0.93346637
      13    64.44
 
       1      0.45229708
       2      0.46698243
       3       2.1549204
       4       3.3537274
       5       3.3601069
       6       5.5976632
       7       6.2490728
       8       4.5702263
       9       2.3654189
      10      0.84706496
      11      0.26431587
      12      0.27041412
      13    29.95
 
       1       1.2349419
       2       1.3081663
       3       2.9153762
       4       3.3564480
       5       3.4797157
       6       3.4525741
       7       3.7680855
       8       2.6500209
       9       1.8133316
      10       1.3564919
      11      0.84065257
      12      0.66440410
      13     2.24
 
       1 0.0
       2 0.0
       3 0.0
       4 0.0
       5 0.0
       6 0.0
       7 0.0
       8 0.0
       9 0.0
      10 0.0
      11 0.0
      12 0.0
      13 0.0
 
       1     0.027647968
       2     0.028855275
       3     0.059809834
       4     0.069972720
       5     0.070792793
       6     0.066705883
       7     0.071133976
       8     0.049956292
       9     0.035045998
      10     0.028743774
      11     0.018134324
      12     0.014598669
      13   0.0451
 
       1      0.87552797
       2      0.87202990
       3      0.86638344
       4      0.86705917
       5      0.86756516
       6      0.86498921
       7      0.86462879
       8      0.86468209
       9      0.86491573
      10      0.87154613
      11      0.87132276
      12      0.87419939
      13   0.8687
 
       1    0.0035864248
       2    0.0037933149
       3    0.0081637968
       4    0.0094605016
       5    0.0096487723
       6    0.0093188186
       7     0.010060963
       8    0.0071157736
       9    0.0049421767
      10    0.0038537546
      11    0.0024288936
      12    0.0019301657
      13   0.0062
 
       1      0.89440173
       2      0.91814733
       3      0.92455321
       4      0.96979947
       5      0.97835874
       6      0.98091963
       7      0.97668085
       8      0.96953942
       9      0.96863975
      10      0.96187493
      11      0.91993706
      12      0.85760091
      13   0.9434
 
