       1       27.996673
       2       27.714706
       3       23.966532
       4       20.991629
       5       23.292621
       6       20.202762
       7       17.528175
       8       15.645482
       9       11.873740
      10       11.836391
      11       17.331769
      12       28.138570
      13   246.52
 
       1       14.773905
       2       14.679926
       3       13.087088
       4       11.890168
       5       13.799660
       6       12.286512
       7       10.357417
       8       9.5630086
       9       7.2716307
      10       6.7413341
      11       9.3666146
      12       14.349656
      13   138.17
 
       1       2.3005619
       2       2.3875774
       3       2.0513447
       4       1.7326570
       5       1.9345253
       6       1.5529647
       7       1.3099140
       8       1.1753782
       9      0.95610439
      10      0.98158559
      11       1.3857583
      12       2.1642851
      13    19.93
 
       1       10.065088
       2       8.7532664
       3       7.2414846
       4       6.3289787
       5       6.6193980
       6       5.5675466
       7       5.7466910
       8       4.8502447
       9       3.7313513
      10       3.9110563
      11       5.9143256
      12       9.4659843
      13    78.20
 
       1       1.4917380
       2       1.3924841
       3       1.2376174
       4      0.93376324
       5       1.0936017
       6      0.86440234
       7      0.73089609
       8      0.84935620
       9      0.87417445
      10       1.1390297
      11       1.2316077
      12       1.5115191
      13    13.35
 
       1      0.42399007
       2      0.45757261
       3      0.38042399
       4      0.37355846
       5      0.42748723
       6      0.37993133
       7      0.32504877
       8      0.28386827
       9      0.21622739
      10      0.17829886
      11      0.24759597
      12      0.38601034
      13     0.34
 
       1 0.0
       2 0.0
       3 0.0
       4 0.0
       5 0.0
       6 0.0
       7 0.0
       8 0.0
       9 0.0
      10 0.0
      11 0.0
      12 0.0
      13 0.0
 
       1     0.015787294
       2     0.017480951
       3     0.014520802
       4     0.014405929
       5     0.017211179
       6     0.016054183
       7     0.013169544
       8     0.011855307
       9    0.0089781247
      10    0.0071451633
      11    0.0095888331
      12     0.014209560
      13   0.0134
 
       1       1.0000000
       2       1.0000000
       3       1.0000000
       4       1.0000000
       5       1.0000000
       6       1.0000000
       7       1.0000000
       8       1.0000000
       9       1.0000000
      10       1.0000000
      11       1.0000000
      12       1.0000000
      13   1.0000
 
       1       0.0000000
       2       0.0000000
       3       0.0000000
       4       0.0000000
       5       0.0000000
       6       0.0000000
       7       0.0000000
       8       0.0000000
       9       0.0000000
      10       0.0000000
      11       0.0000000
      12       0.0000000
      13   0.0000
 
       1      0.32460219
       2      0.21740607
       3      0.23930374
       4      0.25524521
       5      0.17186519
       6      0.11020023
       7      0.16504458
       8      0.19016710
       9      0.17401060
      10      0.21434372
      11      0.31232659
      12      0.31918118
      13   0.2245
 
