       1       102.81312
       2       131.45000
       3       218.65292
       4       190.85441
       5       242.67297
       6       230.50450
       7       259.78058
       8       182.41210
       9       163.18073
      10       134.13227
      11       119.97489
      12       185.10231
      13  2161.53
 
       1       68.990438
       2       84.378537
       3       141.46167
       4       121.20914
       5       148.23564
       6       132.85103
       7       143.43646
       8       107.36263
       9       99.739284
      10       86.656042
      11       82.565441
      12       124.26758
      13  1341.15
 
       1       9.0896676
       2       10.670247
       3       18.572274
       4       16.650533
       5       17.848022
       6       15.732480
       7       15.578766
       8       12.870206
       9       11.753357
      10       11.189287
      11       10.835084
      12       15.858384
      13   166.65
 
       1       12.583821
       2       13.331066
       3       28.084056
       4       27.274516
       5       34.999778
       6       46.975091
       7       56.162443
       8       33.133646
       9       21.074609
      10       16.567626
      11       17.329554
      12       22.104886
      13   329.62
 
       1       9.5241648
       2       10.615913
       3       21.885207
       4       25.133489
       5       33.731699
       6       42.633200
       7       47.549993
       8       38.342593
       9       32.384761
      10       21.133929
      11       16.885570
      12       19.484077
      13   319.30
 
       1       9.4864544
       2       12.955876
       3       26.552005
       4       29.082719
       5       38.887168
       6       35.540574
       7       33.372053
       8       23.439280
       9       20.663969
      10       15.736565
      11       13.479766
      12       15.127475
      13    22.86
 
       1 0.0
       2 0.0
       3 0.0
       4 0.0
       5 0.0
       6 0.0
       7 0.0
       8 0.0
       9 0.0
      10 0.0
      11 0.0
      12 0.0
      13 0.0
 
       1    0.0089378430
       2     0.012153188
       3     0.025775282
       4     0.028164016
       5     0.037498714
       6     0.033870386
       7     0.031067340
       8     0.021549997
       9     0.019035871
      10     0.014797899
      11     0.012989635
      12     0.014821943
      13   0.0217
 
       1      0.88247736
       2      0.88218674
       3      0.88161377
       4      0.88246259
       5      0.88006914
       6      0.88131018
       7      0.88510089
       8      0.88684313
       9      0.88322083
      10      0.88424400
      11      0.88501821
      12      0.88563246
      13   0.8833
 
       1    0.0012097905
       2    0.0016468251
       3    0.0033997294
       4    0.0037251634
       5    0.0049642684
       6    0.0045046358
       7    0.0041774432
       8    0.0029327962
       9    0.0025930602
      10    0.0019977599
      11    0.0017291486
      12    0.0019421995
      13   0.0029
 
       1      0.26259878
       2      0.27496048
       3      0.32071875
       4      0.35802492
       5      0.37234981
       6      0.39943163
       7      0.35173334
       8      0.31680861
       9      0.29937107
      10      0.30368646
      11      0.30286382
      12      0.29369949
      13   0.3214
 
