       1       148.23829
       2       173.38637
       3       196.09290
       4       195.47862
       5       279.30828
       6       219.42499
       7       259.79259
       8       193.89192
       9       160.63518
      10       112.60925
      11       140.20394
      12       168.14794
      13  2247.21
 
       1       100.32787
       2       115.04319
       3       127.88614
       4       122.54052
       5       171.83062
       6       124.96908
       7       141.74405
       8       112.89842
       9       98.711502
      10       76.063593
      11       96.555491
      12       114.97762
      13  1403.55
 
       1       12.662775
       2       14.990344
       3       17.041438
       4       15.635372
       5       19.389961
       6       14.686812
       7       14.892673
       8       13.712792
       9       10.862359
      10       10.255047
      11       12.412736
      12       14.704551
      13   171.25
 
       1       18.248755
       2       20.292013
       3       25.919852
       4       27.817630
       5       42.038065
       6       48.017936
       7       49.782893
       8       38.878966
       9       22.951838
      10       12.306257
      11       16.679716
      12       19.897611
      13   342.83
 
       1       12.243557
       2       16.444627
       3       21.324184
       4       23.754433
       5       44.740737
       6       39.953643
       7       45.202265
       8       45.166148
       9       29.514031
      10       17.268178
      11       20.938647
      12       15.724509
      13   332.27
 
       1       12.837019
       2       17.173537
       3       24.326695
       4       30.404234
       5       44.364315
       6       31.136607
       7       32.528804
       8       27.030662
       9       20.784575
      10       14.837567
      11       14.430360
      12       13.231958
      13    23.59
 
       1 0.0
       2 0.0
       3 0.0
       4 0.0
       5 0.0
       6 0.0
       7 0.0
       8 0.0
       9 0.0
      10 0.0
      11 0.0
      12 0.0
      13 0.0
 
       1     0.015974012
       2     0.021258369
       3     0.030612436
       4     0.037676288
       5     0.056115008
       6     0.037306801
       7     0.038323976
       8     0.032190219
       9     0.024641759
      10     0.018039525
      11     0.017986461
      12     0.016542343
      13   0.0289
 
       1      0.89750599
       2      0.89734832
       3      0.89688169
       4      0.89666820
       5      0.89596396
       6      0.89701139
       7      0.89792489
       8      0.89975915
       9      0.89782408
      10      0.89818996
      11      0.89957494
      12      0.89927743
      13   0.8978
 
       1    0.0018368346
       2    0.0024471590
       3    0.0034889644
       4    0.0043339714
       5    0.0063489599
       6    0.0043595769
       7    0.0045153329
       8    0.0037758984
       9    0.0029057655
      10    0.0021092682
      11    0.0020658026
      12    0.0018935198
      13   0.0033
 
       1      0.30603169
       2      0.28749640
       3      0.34321727
       4      0.37615571
       5      0.41339085
       6      0.39703383
       7      0.35625708
       8      0.34481537
       9      0.33385362
      10      0.30760555
      11      0.30558824
      12      0.28951717
      13   0.3384
 
