       1       462.90019
       2       428.05619
       3       472.65143
       4       470.12780
       5       510.06148
       6       491.16927
       7       503.13779
       8       526.09881
       9       480.97473
      10       475.06115
      11       445.64371
      12       499.40270
      13  5765.29
 
       1       281.90698
       2       261.43929
       3       289.03932
       4       287.70683
       5       310.37461
       6       297.15060
       7       303.91944
       8       322.73070
       9       300.10786
      10       293.49810
      11       274.32381
      12       298.48683
      13  3520.68
 
       1       35.405100
       2       32.848802
       3       35.768408
       4       35.614631
       5       38.293216
       6       36.811393
       7       38.494024
       8       39.897373
       9       36.236367
      10       35.839450
      11       33.635923
      12       38.324522
      13   437.17
 
       1       123.18282
       2       113.67798
       3       125.13215
       4       124.79064
       5       134.47949
       6       131.76771
       7       135.01731
       8       138.55866
       9       123.93180
      10       124.43578
      11       116.91001
      12       138.57896
      13  1530.46
 
       1       21.745552
       2       20.441603
       3       22.224559
       4       22.888818
       5       25.970963
       6       25.520204
       7       25.694566
       8       24.283914
       9       21.823775
      10       21.685973
      11       19.363708
      12       24.790047
      13   276.43
 
       1       5.6484134
       2       5.4645308
       3       5.6291276
       4       5.8157311
       5       5.9829716
       6       6.0956031
       7       6.2625012
       8       6.4763504
       9       6.0761974
      10       5.6689862
      11       5.5466552
      12       6.0325300
      13     5.89
 
       1 0.0
       2 0.0
       3 0.0
       4 0.0
       5 0.0
       6 0.0
       7 0.0
       8 0.0
       9 0.0
      10 0.0
      11 0.0
      12 0.0
      13 0.0
 
       1     0.023494016
       2     0.022983839
       3     0.023442274
       4     0.023993327
       5     0.024443197
       6     0.024788814
       7     0.025423313
       8     0.026784488
       9     0.025534832
      10     0.023706475
      11     0.022909796
      12     0.024534726
      13   0.0243
 
       1       1.0000000
       2       1.0000000
       3       1.0000000
       4       1.0000000
       5       1.0000000
       6       1.0000000
       7       1.0000000
       8       1.0000000
       9       1.0000000
      10       1.0000000
      11       1.0000000
      12       1.0000000
      13   1.0000
 
       1       0.0000000
       2       0.0000000
       3       0.0000000
       4       0.0000000
       5       0.0000000
       6       0.0000000
       7       0.0000000
       8       0.0000000
       9       0.0000000
      10       0.0000000
      11       0.0000000
      12       0.0000000
      13   0.0000
 
       1      0.74054959
       2      0.71348659
       3      0.71130589
       4      0.67518516
       5      0.64934172
       6      0.62700492
       7      0.68062394
       8      0.70651589
       9      0.71484008
      10      0.72557478
      11      0.72564864
      12      0.71116599
      13   0.6984
 
