       1       104.16588
       2       74.319881
       3       152.84084
       4       117.73026
       5       144.54491
       6       143.52227
       7       152.55420
       8       124.15805
       9       99.352550
      10       68.030632
      11       70.871771
      12       117.38438
      13  1369.48
 
       1       72.146815
       2       51.200269
       3       95.557073
       4       76.756527
       5       87.668254
       6       86.179731
       7       85.774473
       8       71.814108
       9       61.334819
      10       46.862514
      11       48.960953
      12       79.978785
      13   864.23
 
       1       8.8648501
       2       6.4879224
       3       10.616096
       4       8.3244690
       5       7.3670338
       6       6.9710051
       7       7.2193088
       8       6.8110466
       9       6.4934769
      10       5.7726719
      11       5.4426690
      12       9.1193581
      13    89.49
 
       1       10.606897
       2       7.1583723
       3       13.681339
       4       9.1961670
       5       9.4167698
       6       13.780782
       7       18.684737
       8       15.765698
       9       10.208110
      10       6.2378050
      11       5.2051570
      12       9.5421722
      13   129.48
 
       1       9.9331904
       2       6.9610917
       3       14.002330
       4       13.305978
       5       13.402109
       6       15.317042
       7       22.211891
       8       25.225913
       9       18.790882
      10       12.504450
      11       9.2428796
      12       12.669812
      13   173.57
 
       1       8.3523201
       2       7.9328446
       3       14.163774
       4       15.904015
       5       18.363047
       6       24.437023
       7       20.974961
       8       16.900451
       9       12.898867
      10       8.5343878
      11       6.5939170
      12       8.1496504
      13    13.60
 
       1 0.0
       2 0.0
       3 0.0
       4 0.0
       5 0.0
       6 0.0
       7 0.0
       8 0.0
       9 0.0
      10 0.0
      11 0.0
      12 0.0
      13 0.0
 
       1     0.089639968
       2     0.082016172
       3      0.14770201
       4      0.16643387
       5      0.18932628
       6      0.25912642
       7      0.21536136
       8      0.17151087
       9      0.13035132
      10     0.086231413
      11     0.066496012
      12     0.086259268
      13   0.1409
 
       1      0.83246585
       2      0.82921045
       3      0.82834474
       4      0.83179976
       5      0.82913447
       6      0.83064789
       7      0.83206651
       8      0.83041918
       9      0.83093996
      10      0.83021176
      11      0.83147669
      12      0.83206999
      13   0.8307
 
       1     0.015692925
       2     0.014722331
       3     0.026088948
       4     0.029449877
       5     0.033812876
       6     0.045339761
       7     0.038316416
       8     0.030787046
       9     0.023542029
      10     0.015673157
      11     0.012142195
      12     0.015200191
      13   0.0251
 
       1      0.67967406
       2      0.66585897
       3      0.76882494
       4      0.76025897
       5      0.81121053
       6      0.87901962
       7      0.84145475
       8      0.82533793
       9      0.79265962
      10      0.70683461
      11      0.63800789
      12      0.65029428
      13   0.7516
 
