       1       454.46506
       2       463.62379
       3       487.76490
       4       451.85757
       5       527.98059
       6       502.01509
       7       517.34789
       8       498.39489
       9       460.59236
      10       462.65743
      11       442.38387
      12       474.72479
      13  5743.81
 
       1       275.24770
       2       277.76891
       3       301.60464
       4       278.92198
       5       322.84147
       6       305.42574
       7       313.91549
       8       304.21217
       9       286.86718
      10       283.65337
      11       273.08219
      12       287.90655
      13  3511.45
 
       1       34.888905
       2       35.693298
       3       37.138969
       4       33.655404
       5       38.908099
       6       37.720120
       7       39.064314
       8       37.931280
       9       35.586364
      10       34.982508
      11       33.438883
      12       36.215332
      13   435.22
 
       1       123.23653
       2       128.87127
       3       129.22056
       4       117.15194
       5       138.41697
       6       136.11276
       7       135.70191
       8       132.89188
       9       118.95753
      10       121.13300
      11       116.74646
      12       130.19447
      13  1528.64
 
       1       20.151086
       2       21.111997
       3       20.616240
       4       21.985933
       5       25.290818
       6       25.633455
       7       26.037407
       8       24.049259
       9       20.865187
      10       22.099368
      11       19.587175
      12       20.710463
      13   268.14
 
       1       5.5071875
       2       6.3128072
       3       5.8892349
       4       5.3878605
       5       6.1886432
       6       6.2643329
       7       6.3338501
       8       6.1254213
       9       5.9790793
      10       5.5859992
      11       5.4791669
      12       5.8973600
      13     5.91
 
       1 0.0
       2 0.0
       3 0.0
       4 0.0
       5 0.0
       6 0.0
       7 0.0
       8 0.0
       9 0.0
      10 0.0
      11 0.0
      12 0.0
      13 0.0
 
       1     0.023059564
       2     0.025858356
       3     0.024606608
       4     0.022230436
       5     0.025349289
       6     0.025621428
       7     0.025795408
       8     0.025267174
       9     0.025179574
      10     0.022929804
      11     0.022731056
      12     0.024180299
      13   0.0244
 
       1       1.0000000
       2       1.0000000
       3       1.0000000
       4       1.0000000
       5       1.0000000
       6       1.0000000
       7       1.0000000
       8       1.0000000
       9       1.0000000
      10       1.0000000
      11       1.0000000
      12       1.0000000
      13   1.0000
 
       1       0.0000000
       2       0.0000000
       3       0.0000000
       4       0.0000000
       5       0.0000000
       6       0.0000000
       7       0.0000000
       8       0.0000000
       9       0.0000000
      10       0.0000000
      11       0.0000000
      12       0.0000000
      13   0.0000
 
       1      0.73502961
       2      0.71902469
       3      0.66638494
       4      0.64843575
       5      0.65446014
       6      0.62909096
       7      0.67703320
       8      0.69918776
       9      0.70663612
      10      0.71575061
      11      0.71221567
      12      0.72175519
      13   0.6904
 
