       1       13.918811
       2       7.3381608
       3       16.709397
       4       20.005336
       5       33.887155
       6       49.764399
       7       51.144389
       8       28.578280
       9       22.035100
      10       10.554152
      11       8.8155886
      12       7.2343132
      13   269.99
 
       1       9.6060162
       2       6.0370986
       3       11.170462
       4       11.672444
       5       18.180263
       6       25.460946
       7       25.836135
       8       16.082851
       9       12.229749
      10       7.0073492
      11       6.3629664
      12       5.3741116
      13   155.02
 
       1       1.2268678
       2       1.1552594
       3       2.2601538
       4       2.1821481
       5       2.9026618
       6       3.2603030
       7       3.5319254
       8       2.2872393
       9       1.5380023
      10       1.0893815
      11      0.92586212
      12      0.72432825
      13    23.08
 
       1       1.1210052
       2       1.4409671
       3       3.7720054
       4       3.1762776
       5       5.6709433
       6       11.363291
       7       19.307939
       8       8.7308045
       9       4.5743709
      10       1.2100650
      11       1.4473273
      12      0.94291267
      13    62.76
 
       1      0.38788168
       2       1.0181920
       3       2.5798956
       4       2.2955574
       5       4.0000691
       6       5.8989122
       7       7.9463829
       8       4.5141080
       9       2.7509851
      10      0.45391270
      11      0.34831253
      12      0.40729319
      13    32.60
 
       1      0.97881467
       2       1.7027706
       3       2.5642132
       4       2.4556400
       5       3.5999886
       6       4.1036714
       7       4.1749437
       8       2.5663019
       9       1.8236539
      10       1.0103094
      11      0.96632570
      12      0.68214922
      13     2.22
 
       1 0.0
       2 0.0
       3 0.0
       4 0.0
       5 0.0
       6 0.0
       7 0.0
       8 0.0
       9 0.0
      10 0.0
      11 0.0
      12 0.0
      13 0.0
 
       1     0.021503162
       2     0.037900285
       3     0.054153458
       4     0.049477245
       5     0.072381990
       6     0.079602744
       7     0.079965431
       8     0.048610365
       9     0.035006124
      10     0.020995561
      11     0.021035600
      12     0.015193240
      13   0.0447
 
       1      0.87467428
       2      0.87225138
       3      0.86772146
       4      0.86500962
       5      0.86555397
       6      0.86387512
       7      0.86476503
       8      0.86784492
       9      0.86404714
      10      0.86922518
      11      0.87219787
      12      0.87585233
      13   0.8686
 
       1    0.0028381733
       2    0.0049751807
       3    0.0072975790
       4    0.0068498080
       5    0.0099636450
       6     0.011098798
       7     0.011220574
       8    0.0069207003
       9    0.0049693226
      10    0.0028641798
      11    0.0027936541
      12    0.0019949261
      13   0.0061
 
       1      0.86461207
       2      0.92912195
       3      0.96665491
       4      0.96049533
       5      0.97621968
       6      0.98247812
       7      0.97495908
       8      0.96510506
       9      0.97276449
      10      0.96824362
      11      0.91026120
      12      0.87850821
      13   0.9458
 
