       1       138.67551
       2       107.36167
       3       200.38996
       4       179.37378
       5       236.43309
       6       238.60106
       7       257.69390
       8       193.24115
       9       140.77499
      10       101.07886
      11       110.08540
      12       158.71868
      13  2062.43
 
       1       93.903806
       2       73.571985
       3       126.30150
       4       114.67715
       5       141.12467
       6       140.16327
       7       142.75231
       8       113.17547
       9       87.083502
      10       68.091337
      11       74.256837
      12       107.14045
      13  1282.24
 
       1       12.031179
       2       10.447446
       3       16.010562
       4       15.164100
       5       15.771094
       6       15.521317
       7       15.358881
       8       13.165985
       9       10.432020
      10       9.2324920
      11       9.3108609
      12       13.087560
      13   155.53
 
       1       17.430613
       2       14.214608
       3       22.999887
       4       23.581050
       5       33.295740
       6       46.591750
       7       53.824459
       8       36.259991
       9       19.185463
      10       14.895852
      11       12.731244
      12       16.221116
      13   311.23
 
       1       14.458569
       2       10.886337
       3       19.588318
       4       23.266621
       5       34.091907
       6       43.141714
       7       47.392001
       8       44.248996
       9       26.144321
      10       16.576839
      11       13.243284
      12       16.666079
      13   309.70
 
       1       11.950010
       2       12.425407
       3       20.731385
       4       27.900320
       5       33.066061
       6       39.664779
       7       34.144077
       8       26.238624
       9       18.425921
      10       13.663592
      11       11.389512
      12       12.332993
      13    21.83
 
       1 0.0
       2 0.0
       3 0.0
       4 0.0
       5 0.0
       6 0.0
       7 0.0
       8 0.0
       9 0.0
      10 0.0
      11 0.0
      12 0.0
      13 0.0
 
       1     0.011623771
       2     0.011875745
       3     0.019939096
       4     0.027082299
       5     0.031844409
       6     0.038631385
       7     0.032461314
       8     0.024528533
       9     0.017090983
      10     0.012946774
      11     0.010848955
      12     0.012041579
      13   0.0209
 
       1      0.84410101
       2      0.84265096
       3      0.84284571
       4      0.84356187
       5      0.84009777
       6      0.84146469
       7      0.84626098
       8      0.84757389
       9      0.84441884
      10      0.84457376
      11      0.84669896
      12      0.84613044
      13   0.8442
 
       1    0.0020323370
       2    0.0021067243
       3    0.0034917881
       4    0.0047318338
       5    0.0055794575
       6    0.0066978447
       7    0.0056916118
       8    0.0043566088
       9    0.0030625956
      10    0.0023012513
      11    0.0019227430
      12    0.0020961451
      13   0.0037
 
       1      0.25546342
       2      0.27189663
       3      0.30430578
       4      0.32999394
       5      0.38140671
       6      0.39878591
       7      0.37094398
       8      0.32984546
       9      0.30520657
      10      0.30654198
      11      0.28585678
      12      0.28029485
      13   0.3184
 
