       1       130.18172
       2       160.12249
       3       217.34862
       4       178.38137
       5       196.19896
       6       218.93534
       7       230.93900
       8       181.74117
       9       149.99851
      10       158.37253
      11       131.92333
      12       165.86068
      13  2120.00
 
       1       89.071638
       2       109.35527
       3       137.71574
       4       115.09502
       5       119.63624
       6       128.82914
       7       129.94097
       8       104.62551
       9       93.959616
      10       101.69827
      11       92.809847
      12       111.91131
      13  1334.65
 
       1       12.026199
       2       15.900602
       3       18.891611
       4       16.445539
       5       14.583610
       6       14.807073
       7       14.549617
       8       12.550517
       9       12.142969
      10       12.272400
      11       12.911094
      12       14.375225
      13   171.46
 
       1       15.373355
       2       17.619096
       3       24.772827
       4       28.103929
       5       25.115277
       6       40.711201
       7       49.407870
       8       34.540091
       9       19.320652
      10       15.968231
      11       17.134523
      12       20.134952
      13   308.20
 
       1       11.758639
       2       15.824231
       3       22.985661
       4       25.115954
       5       27.680124
       6       37.334592
       7       42.749616
       8       36.918747
       9       25.619580
      10       22.039719
      11       21.803266
      12       15.292662
      13   305.12
 
       1       10.433357
       2       17.651675
       3       23.367585
       4       26.264867
       5       28.062955
       6       32.467923
       7       29.034368
       8       22.297824
       9       18.639435
      10       16.296026
      11       14.697613
      12       13.313869
      13    21.04
 
       1 0.0
       2 0.0
       3 0.0
       4 0.0
       5 0.0
       6 0.0
       7 0.0
       8 0.0
       9 0.0
      10 0.0
      11 0.0
      12 0.0
      13 0.0
 
       1    0.0098249765
       2     0.017037973
       3     0.022318764
       4     0.024898539
       5     0.025838129
       6     0.029767809
       7     0.026234512
       8     0.020006607
       9     0.016652106
      10     0.014965802
      11     0.014063847
      12     0.012579393
      13   0.0195
 
       1      0.93869222
       2      0.93850241
       3      0.93862436
       4      0.93784897
       5      0.93719903
       6      0.93681165
       7      0.93815497
       8      0.93952259
       9      0.93850020
      10      0.93869644
      11      0.94002778
      12      0.94000393
      13   0.9385
 
       1   0.00069615921
       2    0.0011839241
       3    0.0015575008
       4    0.0017491922
       5    0.0018556708
       6    0.0021389367
       7    0.0018989350
       8    0.0014584966
       9    0.0012220101
      10    0.0010775145
      11   0.00098355938
      12   0.00088646172
      13   0.0014
 
       1      0.23645953
       2      0.27156825
       3      0.31485116
       4      0.34293827
       5      0.33963244
       6      0.36925024
       7      0.33025296
       8      0.31298598
       9      0.29166346
      10      0.28802930
      11      0.27998294
      12      0.26843926
      13   0.3038
 
