       1       7.5227576
       2       14.203328
       3       15.650070
       4       25.734444
       5       37.519941
       6       56.130212
       7       44.991542
       8       23.014828
       9       20.988497
      10       9.7225976
      11       9.1067833
      12       5.1238900
      13   269.71
 
       1       5.6495636
       2       9.8370554
       3       11.052140
       4       14.990113
       5       20.336463
       6       27.745766
       7       23.885626
       8       13.724243
       9       11.769126
      10       6.4874742
      11       6.5767883
      12       3.6474023
      13   155.70
 
       1      0.74247769
       2       1.5141650
       3       2.2224391
       4       2.7898900
       5       3.0409102
       6       3.2516737
       7       3.0459815
       8       1.9877637
       9       1.4403395
      10       1.0817388
      11      0.96991520
      12      0.45836829
      13    22.55
 
       1       1.0486448
       2       2.5702120
       3       3.5741621
       4       4.1513817
       5       6.2173819
       6       17.024529
       7       16.328178
       8       4.9231364
       9       3.1444960
      10       1.0520797
      11       1.0977011
      12      0.48038321
      13    61.61
 
       1      0.22203833
       2      0.81813420
       3       3.1465324
       4       3.1079343
       5       3.4509614
       6       8.0795877
       7       6.3569155
       8       3.8352090
       9       2.2738849
      10      0.29703306
      11     0.098464601
      12      0.10065384
      13    31.79
 
       1      0.67424822
       2       1.9344764
       3       2.7829608
       4       3.6647890
       5       3.7936051
       6       4.0874699
       7       3.8317338
       8       2.2096704
       9       1.6443946
      10       1.2295155
      11      0.85547758
      12      0.37789361
      13     2.26
 
       1 0.0
       2 0.0
       3 0.0
       4 0.0
       5 0.0
       6 0.0
       7 0.0
       8 0.0
       9 0.0
      10 0.0
      11 0.0
      12 0.0
      13 0.0
 
       1     0.018084896
       2     0.053178689
       3     0.076803257
       4     0.097857542
       5     0.096283712
       6     0.098264745
       7     0.091671513
       8     0.052789770
       9     0.039938584
      10     0.033560145
      11     0.023795602
      12     0.010240746
      13   0.0577
 
       1      0.84943782
       2      0.85082525
       3      0.85203888
       4      0.84866892
       5      0.84641490
       6      0.84611729
       7      0.84637897
       8      0.84590903
       9      0.84574857
      10      0.85178463
      11      0.85256221
      12      0.85525397
      13   0.8493
 
       1    0.0028158852
       2    0.0081084013
       3     0.011674944
       4     0.015057417
       5     0.015086016
       6     0.015674374
       7     0.014701828
       8    0.0085250899
       9    0.0064354706
      10    0.0051575706
      11    0.0036121437
      12    0.0015920256
      13   0.0090
 
       1      0.85884871
       2      0.94241476
       3      0.94978021
       4      0.97887430
       5      0.98495910
       6      0.98462437
       7      0.97947045
       8      0.97395216
       9      0.95677261
      10      0.96831899
      11      0.95690366
      12      0.82266896
      13   0.9465
 
