       1       456.58415
       2       436.12994
       3       465.59878
       4       488.54607
       5       497.81166
       6       480.51294
       7       563.04753
       8       529.74950
       9       476.22105
      10       470.70587
      11       442.58096
      12       470.39983
      13  5777.89
 
       1       275.13607
       2       267.10651
       3       286.72976
       4       298.69148
       5       305.15216
       6       292.71961
       7       340.63134
       8       326.19078
       9       297.20025
      10       290.33721
      11       273.03056
      12       281.65224
      13  3534.58
 
       1       35.418962
       2       33.502248
       3       35.710096
       4       36.804378
       5       37.041432
       6       36.221227
       7       42.568538
       8       40.627095
       9       36.229939
      10       35.583119
      11       33.269486
      12       36.124732
      13   439.10
 
       1       125.84036
       2       117.99258
       3       123.19243
       4       128.68181
       5       131.09401
       6       127.64293
       7       152.48257
       8       139.17078
       9       123.27890
      10       123.66189
      11       115.20635
      12       129.75987
      13  1538.00
 
       1       19.277085
       2       17.379490
       3       21.063238
       4       22.752773
       5       24.331683
       6       24.466229
       7       27.474772
       8       23.478237
       9       20.224747
      10       21.719053
      11       19.820744
      12       22.271334
      13   264.26
 
       1       5.7426751
       2       5.9336639
       3       5.6192110
       4       5.8856874
       5       5.8779570
       6       6.0833564
       7       6.9300366
       8       6.6169768
       9       5.9928983
      10       5.6253530
      11       5.3905894
      12       5.7915496
      13     5.96
 
       1 0.0
       2 0.0
       3 0.0
       4 0.0
       5 0.0
       6 0.0
       7 0.0
       8 0.0
       9 0.0
      10 0.0
      11 0.0
      12 0.0
      13 0.0
 
       1     0.023488539
       2     0.024669801
       3     0.023508150
       4     0.024235403
       5     0.024218009
       6     0.024876344
       7     0.028227338
       8     0.027397834
       9     0.025176370
      10     0.023508031
      11     0.022399688
      12     0.023450123
      13   0.0246
 
       1       1.0000000
       2       1.0000000
       3       1.0000000
       4       1.0000000
       5       1.0000000
       6       1.0000000
       7       1.0000000
       8       1.0000000
       9       1.0000000
      10       1.0000000
      11       1.0000000
      12       1.0000000
      13   1.0000
 
       1       0.0000000
       2       0.0000000
       3       0.0000000
       4       0.0000000
       5       0.0000000
       6       0.0000000
       7       0.0000000
       8       0.0000000
       9       0.0000000
      10       0.0000000
      11       0.0000000
      12       0.0000000
      13   0.0000
 
       1      0.71624634
       2      0.72500189
       3      0.68300516
       4      0.66803687
       5      0.63989064
       6      0.61969926
       7      0.67326085
       8      0.68640272
       9      0.68823733
      10      0.72102100
      11      0.71877087
      12      0.71387988
      13   0.6878
 
