       1       166.79265
       2       138.03096
       3       215.52053
       4       146.72668
       5       198.61456
       6       195.02577
       7       234.40595
       8       177.95534
       9       139.84671
      10       106.18495
      11       149.49721
      12       226.08542
      13  2094.69
 
       1       115.73161
       2       89.500577
       3       140.30865
       4       95.869192
       5       120.86640
       6       116.01962
       7       130.27959
       8       105.14692
       9       87.967233
      10       70.949876
      11       98.215819
      12       151.66267
      13  1322.52
 
       1       16.529895
       2       11.668921
       3       18.163355
       4       14.321220
       5       14.764583
       6       14.261074
       7       14.831439
       8       12.610943
       9       10.908245
      10       9.8232325
      11       11.673470
      12       19.937538
      13   169.49
 
       1       22.552424
       2       14.255460
       3       25.816542
       4       21.558096
       5       24.758160
       6       38.360248
       7       47.684150
       8       29.823305
       9       20.084538
      10       13.326679
      11       17.947758
      12       31.126852
      13   307.29
 
       1       15.054259
       2       13.690107
       3       21.875702
       4       20.021072
       5       24.788539
       6       34.918096
       7       42.588827
       8       37.685215
       9       25.745665
      10       18.898069
      11       17.972764
      12       22.734621
      13   295.97
 
       1       14.929387
       2       13.475006
       3       25.326532
       4       24.622950
       5       27.293367
       6       29.017063
       7       28.953818
       8       22.573278
       9       17.948219
      10       13.555106
      11       14.258327
      12       16.591601
      13    20.71
 
       1 0.0
       2 0.0
       3 0.0
       4 0.0
       5 0.0
       6 0.0
       7 0.0
       8 0.0
       9 0.0
      10 0.0
      11 0.0
      12 0.0
      13 0.0
 
       1     0.014581076
       2     0.012588374
       3     0.024104858
       4     0.023394530
       5     0.025179570
       6     0.026781516
       7     0.026126408
       8     0.020225394
       9     0.016098844
      10     0.012289050
      11     0.013291908
      12     0.015925057
      13   0.0192
 
       1      0.93965174
       2      0.93886376
       3      0.93857349
       4      0.93940585
       5      0.93745310
       6      0.93686433
       7      0.93926527
       8      0.93998086
       9      0.93842515
      10      0.93839558
      11      0.93978665
      12      0.93965365
      13   0.9389
 
       1    0.0010014039
       2   0.00089593388
       3    0.0016869598
       4    0.0016458005
       5    0.0018057939
       6    0.0019146768
       7    0.0018921646
       8    0.0014774800
       9    0.0011784962
      10   0.00089532336
      11   0.00094690431
      12    0.0011058823
      13   0.0014
 
       1      0.29749512
       2      0.26600402
       3      0.30764105
       4      0.33719049
       5      0.35737760
       6      0.37306375
       7      0.32963437
       8      0.30777317
       9      0.29897146
      10      0.28798013
      11      0.27808822
      12      0.27212916
      13   0.3094
 
