       1       165.50863
       2       183.85158
       3       196.10829
       4       186.50722
       5       246.54721
       6       216.95942
       7       248.44998
       8       213.86701
       9       140.01526
      10       116.24749
      11       128.02855
      12       183.92823
      13  2226.02
 
       1       108.78611
       2       125.42130
       3       126.10791
       4       119.36236
       5       149.41781
       6       126.26557
       7       135.29262
       8       124.33428
       9       89.138601
      10       75.683265
      11       86.276794
      12       125.76867
      13  1391.86
 
       1       14.100994
       2       18.568036
       3       16.408069
       4       16.055489
       5       17.116635
       6       14.865504
       7       14.116846
       8       13.798251
       9       11.021383
      10       9.4751921
      11       10.839747
      12       15.950998
      13   172.32
 
       1       18.405907
       2       23.573044
       3       21.201860
       4       26.433216
       5       34.942815
       6       47.501208
       7       49.648425
       8       37.401727
       9       19.332086
      10       12.706630
      11       15.718454
      12       23.233103
      13   330.10
 
       1       15.942269
       2       19.893213
       3       20.345845
       4       25.117815
       5       37.510821
       6       40.220561
       7       45.363639
       8       44.494902
       9       29.322846
      10       17.069285
      11       16.800034
      12       20.505699
      13   332.59
 
       1       13.259937
       2       18.719981
       3       22.465467
       4       27.145340
       5       35.828982
       6       31.059886
       7       30.032484
       8       27.500368
       9       20.675104
      10       14.026381
      11       13.022138
      12       14.185250
      13    22.33
 
       1 0.0
       2 0.0
       3 0.0
       4 0.0
       5 0.0
       6 0.0
       7 0.0
       8 0.0
       9 0.0
      10 0.0
      11 0.0
      12 0.0
      13 0.0
 
       1     0.016401382
       2     0.023489003
       3     0.027427471
       4     0.033421557
       5     0.043790576
       6     0.036925585
       7     0.034847733
       8     0.032193048
       9     0.024587296
      10     0.016700275
      11     0.015667438
      12     0.017433820
      13   0.0269
 
       1      0.89033364
       2      0.89033217
       3      0.88861814
       4      0.88901685
       5      0.88712221
       6      0.88834028
       7      0.88907305
       8      0.89159558
       9      0.88944415
      10      0.88964308
      11      0.89141303
      12      0.89142422
      13   0.8897
 
       1    0.0019964555
       2    0.0028231699
       3    0.0033554893
       4    0.0040705379
       5    0.0053399725
       6    0.0045614026
       7    0.0043493927
       8    0.0040056628
       9    0.0030514484
      10    0.0020816115
      11    0.0019370994
      12    0.0021233939
      13   0.0033
 
       1      0.27645580
       2      0.31115652
       3      0.34080075
       4      0.36928989
       5      0.40653883
       6      0.40616423
       7      0.36726649
       8      0.35130776
       9      0.34154527
      10      0.31575099
      11      0.29880866
      12      0.28084607
      13   0.3388
 
