       1       152.30908
       2       162.53068
       3       205.85776
       4       215.50717
       5       208.52717
       6       207.26275
       7       233.84600
       8       211.02653
       9       164.42942
      10       105.61250
      11       210.56987
      12       192.61348
      13  2270.09
 
       1       102.91456
       2       107.49271
       3       130.92129
       4       138.47821
       5       128.94565
       6       122.16759
       7       127.92392
       8       122.10427
       9       101.62981
      10       71.711963
      11       138.91015
      12       130.00225
      13  1423.20
 
       1       13.763006
       2       14.094839
       3       16.620274
       4       17.987170
       5       15.776321
       6       14.326034
       7       14.266171
       8       13.945331
       9       12.024535
      10       9.9860239
      11       17.597986
      12       17.551846
      13   177.94
 
       1       17.955511
       2       17.817874
       3       22.970236
       4       30.627006
       5       29.661409
       6       39.134773
       7       50.224084
       8       34.802991
       9       21.254197
      10       13.363250
      11       21.751759
      12       28.878097
      13   328.44
 
       1       15.282167
       2       15.762461
       3       20.702767
       4       27.760750
       5       31.700708
       6       40.146972
       7       43.011579
       8       44.062346
       9       33.209993
      10       19.770341
      11       26.344615
      12       21.943151
      13   339.70
 
       1       13.228440
       2       16.887954
       3       23.984340
       4       35.218942
       5       34.436294
       6       34.233827
       7       29.286991
       8       27.170507
       9       20.811627
      10       14.242429
      11       18.249851
      12       15.282917
      13    23.59
 
       1 0.0
       2 0.0
       3 0.0
       4 0.0
       5 0.0
       6 0.0
       7 0.0
       8 0.0
       9 0.0
      10 0.0
      11 0.0
      12 0.0
      13 0.0
 
       1     0.016488012
       2     0.021140303
       3     0.029664330
       4     0.044230329
       5     0.042741646
       6     0.041468792
       7     0.034520530
       8     0.032115176
       9     0.024629715
      10     0.017138055
      11     0.022693584
      12     0.019209281
      13   0.0288
 
       1      0.89727760
       2      0.89773773
       3      0.89697227
       4      0.89691945
       5      0.89611423
       6      0.89595505
       7      0.89688499
       8      0.89776767
       9      0.89739921
      10      0.89730470
      11      0.89919078
      12      0.90009248
      13   0.8975
 
       1    0.0018939618
       2    0.0024186631
       3    0.0034161250
       4    0.0050430201
       5    0.0049106161
       6    0.0048208574
       7    0.0040716714
       8    0.0037809344
       9    0.0029065570
      10    0.0020129999
      11    0.0025978564
      12    0.0021858191
      13   0.0033
 
       1      0.29602442
       2      0.31464911
       3      0.34880400
       4      0.38893316
       5      0.40246486
       6      0.40388241
       7      0.37302743
       8      0.34533066
       9      0.33973405
      10      0.31314032
      11      0.31970477
      12      0.29167368
      13   0.3448
 
