       1       98.802630
       2       132.30208
       3       131.62205
       4       118.64527
       5       165.32633
       6       131.24612
       7       145.48673
       8       130.86167
       9       116.04484
      10       69.355049
      11       76.786098
      12       88.522272
      13  1405.00
 
       1       65.237167
       2       91.200523
       3       84.222559
       4       76.115394
       5       99.661920
       6       79.977432
       7       81.095088
       8       75.743588
       9       73.266993
      10       46.912376
      11       52.261595
      12       62.510285
      13   888.20
 
       1       7.5577506
       2       12.238591
       3       9.2340429
       4       8.5008978
       5       8.5875096
       6       8.0828828
       7       7.3543714
       8       7.0623238
       9       7.7589830
      10       5.9216628
      11       5.8416180
      12       8.0059865
      13    96.15
 
       1       8.1293088
       2       13.469377
       3       11.058170
       4       10.575479
       5       9.8773132
       6       15.528740
       7       18.484195
       8       16.572546
       9       11.549147
      10       6.6538585
      11       6.1817827
      12       8.7424579
      13   136.82
 
       1       7.3550441
       2       11.620385
       3       11.831775
       4       13.423861
       5       15.033589
       6       20.630804
       7       24.977939
       8       25.336686
       9       22.919277
      10       14.925659
      11       8.9581180
      12       8.4100779
      13   185.42
 
       1       6.7661254
       2       12.886010
       3       13.874550
       4       16.096945
       5       22.476351
       6       23.622087
       7       18.979304
       8       17.166092
       9       15.801043
      10       8.6628406
      11       7.1639581
      12       7.3369194
      13    14.24
 
       1 0.0
       2 0.0
       3 0.0
       4 0.0
       5 0.0
       6 0.0
       7 0.0
       8 0.0
       9 0.0
      10 0.0
      11 0.0
      12 0.0
      13 0.0
 
       1     0.090624542
       2      0.17768294
       3      0.18577651
       4      0.21640038
       5      0.29662552
       6      0.31980825
       7      0.24432938
       8      0.21942332
       9      0.20613526
      10      0.11156333
      11     0.092299149
      12     0.099323370
      13   0.1883
 
       1      0.89094588
       2      0.88898719
       3      0.89084443
       4      0.88879519
       5      0.88790359
       6      0.88894252
       7      0.88813558
       8      0.88859080
       9      0.88942175
      10      0.88894002
      11      0.89016007
      12      0.89036773
      13   0.8893
 
       1     0.010594877
       2     0.020303353
       3     0.021658928
       4     0.025144986
       5     0.034764770
       6     0.036944374
       7     0.028989823
       8     0.026181391
       9     0.024350595
      10     0.013384826
      11     0.011078765
      12     0.011552242
      13   0.0221
 
       1      0.67464950
       2      0.75338847
       3      0.72664124
       4      0.84169090
       5      0.83845581
       6      0.88737289
       7      0.86695580
       8      0.82988751
       9      0.80412957
      10      0.73895270
      11      0.63187314
      12      0.70092880
      13   0.7746
 
