       1       198.37601
       2       163.14658
       3       116.28121
       4       119.43744
       5       125.60439
       6       102.30913
       7       109.48892
       8       124.24545
       9       92.320061
      10       85.142527
      11       107.53952
      12       172.62027
      13  1516.51
 
       1       130.57454
       2       110.34065
       3       72.876155
       4       76.838960
       5       78.087976
       6       62.507041
       7       62.030601
       8       71.695284
       9       60.178211
      10       54.510609
      11       71.881265
      12       116.08031
      13   967.60
 
       1       16.936396
       2       15.772317
       3       7.9221012
       4       9.9614378
       5       9.2474535
       6       6.9595109
       7       6.3046139
       8       7.4150462
       9       7.6575812
      10       6.2603935
      11       8.6005019
      12       15.527632
      13   118.56
 
       1       17.264603
       2       18.597594
       3       8.1673663
       4       11.371669
       5       12.149014
       6       12.291374
       7       14.775596
       8       13.862851
       9       12.497974
      10       6.6704042
      11       11.475868
      12       22.175675
      13   161.30
 
       1       15.403669
       2       18.148528
       3       9.7011840
       4       13.388600
       5       18.257962
       6       13.103333
       7       17.782764
       8       22.115407
       9       19.018866
      10       12.866421
      11       13.543661
      12       16.780772
      13   190.11
 
       1       13.989925
       2       15.490321
       3       11.376673
       4       15.815286
       5       16.645674
       6       14.489421
       7       13.446214
       8       15.063092
       9       12.803914
      10       8.9079188
      11       9.5834899
      12       11.733555
      13    13.28
 
       1 0.0
       2 0.0
       3 0.0
       4 0.0
       5 0.0
       6 0.0
       7 0.0
       8 0.0
       9 0.0
      10 0.0
      11 0.0
      12 0.0
      13 0.0
 
       1      0.15338072
       2      0.16867511
       3      0.11648214
       4      0.16264291
       5      0.16825468
       6      0.14551086
       7      0.13189211
       8      0.14885324
       9      0.12800803
      10     0.088184486
      11     0.098745805
      12      0.12557450
      13   0.1364
 
       1      0.87505383
       2      0.87364369
       3      0.87335087
       4      0.87157124
       5      0.87139430
       6      0.86990684
       7      0.87072999
       8      0.87241745
       9      0.87179106
      10      0.87449632
      11      0.87438839
      12      0.87194820
      13   0.8726
 
       1     0.019840739
       2     0.021921142
       3     0.015841835
       4     0.022038877
       5     0.023046766
       6     0.020021713
       7     0.018337233
       8     0.020576058
       9     0.017646372
      10     0.012307555
      11     0.013391949
      12     0.016513212
      13   0.0185
 
       1      0.72237167
       2      0.78238837
       3      0.66074117
       4      0.77341616
       5      0.75981405
       6      0.77503136
       7      0.77389635
       8      0.77918982
       9      0.76663852
      10      0.65954505
      11      0.65122927
      12      0.71457965
      13   0.7349
 
