       1       173.71769
       2       141.06958
       3       164.99208
       4       122.15518
       5       162.61293
       6       125.25223
       7       135.07441
       8       117.80865
       9       114.27496
      10       75.154716
      11       134.75533
      12       130.90471
      13  1597.77
 
       1       118.65268
       2       93.371459
       3       104.12433
       4       75.636516
       5       101.61171
       6       76.149724
       7       75.931555
       8       67.705583
       9       71.498147
      10       50.971463
      11       90.627661
      12       89.362713
      13  1015.64
 
       1       16.196280
       2       11.855876
       3       11.924520
       4       7.6312673
       5       9.9857009
       6       8.3311204
       7       7.0010077
       8       6.8682595
       9       8.1483085
      10       6.7530601
      11       10.902958
      12       11.057276
      13   116.66
 
       1       17.340301
       2       13.385761
       3       16.365538
       4       8.9230875
       5       13.573976
       6       14.046826
       7       17.175686
       8       14.600351
       9       10.349679
      10       7.2493486
      11       13.185713
      12       11.419668
      13   157.62
 
       1       15.589134
       2       10.521999
       3       14.716686
       4       10.367599
       5       18.546446
       6       18.028880
       7       21.156609
       8       24.121712
       9       22.989932
      10       15.852515
      11       16.112349
      12       14.272430
      13   202.28
 
       1       12.092296
       2       12.584616
       3       17.048283
       4       13.674379
       5       23.535673
       6       20.263745
       7       16.889569
       8       14.751413
       9       14.097963
      10       9.2367209
      11       10.934694
      12       9.0499374
      13    14.51
 
       1 0.0
       2 0.0
       3 0.0
       4 0.0
       5 0.0
       6 0.0
       7 0.0
       8 0.0
       9 0.0
      10 0.0
      11 0.0
      12 0.0
      13 0.0
 
       1      0.13007963
       2      0.13132736
       3      0.17754947
       4      0.13682473
       5      0.23996125
       6      0.20627137
       7      0.16549306
       8      0.14429051
       9      0.13889791
      10     0.090439122
      11      0.11257809
      12     0.095586275
      13   0.1474
 
       1      0.93394060
       2      0.93180071
       3      0.93374959
       4      0.93294305
       5      0.93273917
       6      0.93269060
       7      0.93267650
       8      0.93250147
       9      0.93217759
      10      0.93255178
      11      0.93351625
      12      0.93389458
      13   0.9329
 
       1    0.0089323721
       2    0.0092210817
       3     0.012490403
       4    0.0099325587
       5     0.017149217
       6     0.014773398
       7     0.012135502
       8     0.010627190
       9     0.010182161
      10    0.0066990404
      11    0.0080019251
      12    0.0066804792
      13   0.0106
 
       1      0.70456956
       2      0.73623252
       3      0.72476359
       4      0.71041525
       5      0.81713924
       6      0.82664016
       7      0.78391653
       8      0.80558532
       9      0.78900416
      10      0.73115602
      11      0.67655162
      12      0.66810291
      13   0.7478
 
