       1       10.553882
       2       11.987386
       3       17.590542
       4       23.007861
       5       45.988380
       6       50.389927
       7       35.042172
       8       24.575632
       9       20.056161
      10       12.160549
      11       6.4443439
      12       8.6171660
      13   266.41
 
       1       7.2209699
       2       8.2286082
       3       11.009360
       4       14.714314
       5       24.858546
       6       26.256485
       7       19.886577
       8       14.017146
       9       11.493184
      10       8.0550640
      11       4.7074272
      12       6.4048591
      13   156.85
 
       1      0.92265704
       2       1.2770471
       3       1.7162645
       4       2.9715875
       5       3.8208099
       6       3.4397225
       7       2.9544665
       8       2.1178738
       9       1.5528458
      10       1.1582878
      11      0.61219825
      12      0.82274498
      13    23.37
 
       1       1.2397376
       2       1.4957044
       3       2.8211234
       4       4.7993119
       5       7.5462310
       6       14.521866
       7       10.320998
       8       5.9577701
       9       3.1153684
      10      0.79724689
      11      0.54937860
      12       1.4639159
      13    54.63
 
       1      0.41720341
       2      0.54118923
       3       1.3811845
       4       2.5946900
       5       5.8341513
       6       7.3801742
       7       5.6631890
       8       4.0006674
       9       2.5446910
      10      0.51159233
      11     0.090178924
      12      0.26065644
      13    31.22
 
       1      0.81056351
       2       1.7110026
       3       2.0957138
       4       4.4828901
       5       5.4712446
       6       4.6523307
       7       3.3046468
       8       2.2375497
       9       1.7881408
      10       1.1551859
      11      0.60563013
      12      0.71598641
      13     2.42
 
       1 0.0
       2 0.0
       3 0.0
       4 0.0
       5 0.0
       6 0.0
       7 0.0
       8 0.0
       9 0.0
      10 0.0
      11 0.0
      12 0.0
      13 0.0
 
       1     0.017871546
       2     0.037803073
       3     0.043277627
       4     0.095425811
       5      0.11706241
       6     0.092253540
       7     0.063227081
       8     0.042413547
       9     0.034464232
      10     0.024585664
      11     0.013124069
      12     0.015911479
      13   0.0498
 
       1      0.87435094
       2      0.87197009
       3      0.86852091
       4      0.86739973
       5      0.87105127
       6      0.87007954
       7      0.86615836
       8      0.86277224
       9      0.86417169
      10      0.87067396
      11      0.86982887
      12      0.87310196
      13   0.8692
 
       1    0.0023531742
       2    0.0049569415
       3    0.0059073410
       4     0.012748668
       5     0.015493469
       6     0.012700467
       7    0.0089217598
       8    0.0060491884
       9    0.0048870169
      10    0.0032976621
      11    0.0017615257
      12    0.0020886812
      13   0.0068
 
       1      0.86385951
       2      0.93782704
       3      0.92451318
       4      0.97829805
       5      0.98745654
       6      0.98155614
       7      0.97491473
       8      0.97472063
       9      0.96622076
      10      0.94732336
      11      0.93844335
      12      0.92516742
      13   0.9500
 
