       1       461.36558
       2       438.88782
       3       492.34840
       4       479.06103
       5       503.32703
       6       489.52642
       7       482.55366
       8       528.29024
       9       461.54032
      10       473.74096
      11       448.36886
      12       466.79663
      13  5725.81
 
       1       278.17114
       2       265.23027
       3       304.33545
       4       294.82834
       5       308.22497
       6       295.66335
       7       293.55294
       8       323.53021
       9       284.29212
      10       293.43162
      11       274.66538
      12       286.76459
      13  3502.69
 
       1       35.770434
       2       33.959631
       3       37.019225
       4       35.549733
       5       37.639894
       6       36.942316
       7       36.728296
       8       40.879950
       9       35.278942
      10       36.017212
      11       33.470919
      12       35.416795
      13   434.67
 
       1       127.10290
       2       118.93641
       3       128.69330
       4       126.33742
       5       130.99285
       6       131.11953
       7       129.45444
       8       139.22651
       9       119.23172
      10       124.02686
      11       119.61620
      12       123.66540
      13  1518.40
 
       1       20.276078
       2       20.691429
       3       22.594546
       4       22.408280
       5       25.293022
       6       25.384248
       7       23.366323
       8       24.639149
       9       22.351298
      10       21.558176
      11       19.396703
      12       20.706735
      13   268.67
 
       1       5.7618617
       2       5.9586307
       3       5.8296356
       4       5.8034924
       5       5.9323191
       6       6.1680410
       7       6.1399445
       8       6.7352314
       9       5.8067108
      10       5.7045580
      11       5.4856776
      12       5.6927860
      13     5.92
 
       1 0.0
       2 0.0
       3 0.0
       4 0.0
       5 0.0
       6 0.0
       7 0.0
       8 0.0
       9 0.0
      10 0.0
      11 0.0
      12 0.0
      13 0.0
 
       1     0.023731916
       2     0.024441790
       3     0.024468236
       4     0.024042762
       5     0.024375626
       6     0.024943463
       7     0.024770870
       8     0.027594634
       9     0.024107266
      10     0.023697470
      11     0.022710238
      12     0.023688928
      13   0.0244
 
       1       1.0000000
       2       1.0000000
       3       1.0000000
       4       1.0000000
       5       1.0000000
       6       1.0000000
       7       1.0000000
       8       1.0000000
       9       1.0000000
      10       1.0000000
      11       1.0000000
      12       1.0000000
      13   1.0000
 
       1       0.0000000
       2       0.0000000
       3       0.0000000
       4       0.0000000
       5       0.0000000
       6       0.0000000
       7       0.0000000
       8       0.0000000
       9       0.0000000
      10       0.0000000
      11       0.0000000
      12       0.0000000
      13   0.0000
 
       1      0.71211199
       2      0.70139636
       3      0.67047869
       4      0.64649865
       5      0.60680136
       6      0.60000667
       7      0.65020048
       8      0.68307270
       9      0.69093010
      10      0.70616320
      11      0.72811359
      12      0.73855671
      13   0.6779
 
