       1       165.68377
       2       154.34873
       3       200.24972
       4       184.98293
       5       192.65588
       6       223.58425
       7       245.20297
       8       188.74121
       9       132.12067
      10       104.36959
      11       140.10710
      12       152.84852
      13  2084.90
 
       1       111.71777
       2       102.99750
       3       133.15787
       4       116.60639
       5       119.68310
       6       127.31017
       7       136.15183
       8       110.98630
       9       83.203883
      10       70.921428
      11       93.460400
      12       103.63681
      13  1309.83
 
       1       14.605598
       2       13.732638
       3       17.206677
       4       14.901572
       5       14.794334
       6       14.269047
       7       14.524145
       8       12.724537
       9       10.224691
      10       9.7137815
      11       11.016977
      12       13.049511
      13   160.76
 
       1       20.806979
       2       17.444019
       3       25.269655
       4       24.737177
       5       30.413028
       6       43.311536
       7       47.024209
       8       34.127044
       9       17.308214
      10       12.777305
      11       14.919772
      12       18.395244
      13   306.53
 
       1       14.501318
       2       16.581417
       3       21.846564
       4       22.044282
       5       29.583851
       6       37.631665
       7       47.542951
       8       40.458173
       9       25.841056
      10       18.428878
      11       15.343778
      12       19.096996
      13   308.90
 
       1       13.252108
       2       15.302396
       3       25.829574
       4       27.040470
       5       30.495874
       6       31.201024
       7       30.939440
       8       26.240609
       9       17.703546
      10       13.640503
      11       12.514936
      12       12.151377
      13    21.36
 
       1 0.0
       2 0.0
       3 0.0
       4 0.0
       5 0.0
       6 0.0
       7 0.0
       8 0.0
       9 0.0
      10 0.0
      11 0.0
      12 0.0
      13 0.0
 
       1     0.016121796
       2     0.018618183
       3     0.031812015
       4     0.032557401
       5     0.036689495
       6     0.036643751
       7     0.035857557
       8     0.030553346
       9     0.020483149
      10     0.016103911
      11     0.015038466
      12     0.014784791
      13   0.0254
 
       1      0.86204002
       2      0.86236324
       3      0.86199232
       4      0.86171989
       5      0.86004981
       6      0.86016704
       7      0.86325658
       8      0.86406358
       9      0.86198479
      10      0.86306149
      11      0.86397867
      12      0.86350684
      13   0.8623
 
       1    0.0024562358
       2    0.0028337615
       3    0.0048171784
       4    0.0049938604
       5    0.0056278588
       6    0.0056660431
       7    0.0055687616
       8    0.0047446608
       9    0.0032106018
      10    0.0025060246
      11    0.0023124498
      12    0.0022541746
      13   0.0039
 
       1      0.29947606
       2      0.28705579
       3      0.33424182
       4      0.36077649
       5      0.38347253
       6      0.41387806
       7      0.37690351
       8      0.34608394
       9      0.32802508
      10      0.30287233
      11      0.29189857
      12      0.29004417
      13   0.3346
 
