       1       451.12574
       2       424.58168
       3       492.83146
       4       481.95461
       5       515.03524
       6       553.70283
       7       509.11025
       8       529.29912
       9       486.95263
      10       484.59233
      11       449.08206
      12       452.51178
      13  5830.78
 
       1       273.85987
       2       260.87174
       3       300.12663
       4       296.71399
       5       314.69133
       6       340.22803
       7       311.12464
       8       327.28176
       9       296.78266
      10       300.60845
      11       275.66199
      12       273.18619
      13  3571.14
 
       1       34.990270
       2       33.010725
       3       37.608795
       4       36.455419
       5       38.204080
       6       41.340292
       7       38.518954
       8       40.578376
       9       37.748844
      10       36.081871
      11       33.889121
      12       34.611023
      13   443.04
 
       1       123.20364
       2       110.73648
       3       130.38789
       4       127.65876
       5       136.36882
       6       144.82827
       7       135.22969
       8       138.26408
       9       129.24547
      10       126.40494
      11       119.56535
      12       123.96443
      13  1545.86
 
       1       20.705751
       2       18.846957
       3       23.396700
       4       22.465671
       5       25.143170
       6       26.362525
       7       24.990220
       8       23.767038
       9       23.166214
      10       21.870066
      11       20.186730
      12       19.722476
      13   270.62
 
       1       5.6326260
       2       5.7555593
       3       5.8749815
       4       5.8742480
       5       6.0862950
       6       6.8177492
       7       6.2861834
       8       6.5506921
       9       6.3379498
      10       5.7039911
      11       5.5358284
      12       5.5367322
      13     6.00
 
       1 0.0
       2 0.0
       3 0.0
       4 0.0
       5 0.0
       6 0.0
       7 0.0
       8 0.0
       9 0.0
      10 0.0
      11 0.0
      12 0.0
      13 0.0
 
       1     0.023235512
       2     0.024058790
       3     0.024350652
       4     0.024437038
       5     0.025043048
       6     0.028092450
       7     0.025843656
       8     0.027454294
       9     0.026034014
      10     0.023814272
      11     0.022923120
      12     0.022808918
      13   0.0248
 
       1       1.0000000
       2       1.0000000
       3       1.0000000
       4       1.0000000
       5       1.0000000
       6       1.0000000
       7       1.0000000
       8       1.0000000
       9       1.0000000
      10       1.0000000
      11       1.0000000
      12       1.0000000
      13   1.0000
 
       1       0.0000000
       2       0.0000000
       3       0.0000000
       4       0.0000000
       5       0.0000000
       6       0.0000000
       7       0.0000000
       8       0.0000000
       9       0.0000000
      10       0.0000000
      11       0.0000000
      12       0.0000000
      13   0.0000
 
       1      0.72201111
       2      0.72314502
       3      0.68716452
       4      0.67403714
       5      0.63802008
       6      0.62860210
       7      0.67834824
       8      0.69286587
       9      0.68831929
      10      0.70830021
      11      0.71816717
      12      0.72630673
      13   0.6904
 
