       1       7.5208562
       2       17.769260
       3       23.635715
       4       30.339251
       5       43.276958
       6       51.560105
       7       43.112440
       8       30.509410
       9       20.454602
      10       9.2855473
      11       8.0901569
      12       7.6559689
      13   293.21
 
       1       5.7102803
       2       10.554143
       3       13.983616
       4       18.550684
       5       22.309750
       6       25.730485
       7       22.256849
       8       17.248803
       9       11.637932
      10       6.2449930
      11       5.3898897
      12       5.8676540
      13   165.49
 
       1      0.67117525
       2       1.3502781
       3       2.2809461
       4       3.6823956
       5       3.1280721
       6       3.3123746
       7       2.8943639
       8       2.3198589
       9       1.4633552
      10      0.94466718
      11      0.64124971
      12      0.74301536
      13    23.43
 
       1       1.0181224
       2       1.2906012
       3       2.1616300
       4       4.9793576
       5       5.7622753
       6       15.859267
       7       13.382826
       8       7.9377577
       9       4.0567833
      10      0.75123184
      11      0.71132530
      12      0.58284270
      13    58.49
 
       1      0.10704616
       2      0.23274586
       3       1.2491728
       4       3.4172147
       5       4.1399293
       6       7.5053537
       7       6.2670347
       8       4.5431592
       9       2.4171169
      10      0.48587395
      11     0.095386749
      12      0.16393121
      13    30.62
 
       1      0.57785765
       2       1.5259395
       3       2.5036173
       4       4.9943271
       5       4.1193424
       6       4.2830803
       7       3.4626678
       8       2.8615896
       9       1.7938337
      10      0.97841405
      11      0.65785317
      12      0.64106817
      13     2.37
 
       1 0.0
       2 0.0
       3 0.0
       4 0.0
       5 0.0
       6 0.0
       7 0.0
       8 0.0
       9 0.0
      10 0.0
      11 0.0
      12 0.0
      13 0.0
 
       1     0.012591966
       2     0.033138831
       3     0.053754077
       4      0.10774750
       5     0.085852448
       6     0.084804275
       7     0.066785128
       8     0.054808204
       9     0.035204909
      10     0.020942866
      11     0.014529140
      12     0.014012790
      13   0.0487
 
       1      0.87149463
       2      0.87128685
       3      0.86952853
       4      0.86979945
       5      0.86994742
       6      0.86796702
       7      0.86639068
       8      0.86732589
       9      0.86637849
      10      0.87162229
      11      0.87346715
      12      0.87539990
      13   0.8701
 
       1    0.0016831248
       2    0.0043598254
       3    0.0071556039
       4     0.014281775
       5     0.011531176
       6     0.011673377
       7    0.0093364626
       8    0.0077384654
       9    0.0049210178
      10    0.0028047485
      11    0.0019177385
      12    0.0018643317
      13   0.0066
 
       1      0.86559417
       2      0.92883012
       3      0.95357195
       4      0.97474320
       5      0.97870662
       6      0.98138763
       7      0.97675084
       8      0.97162596
       9      0.98088644
      10      0.96249726
      11      0.93387812
      12      0.83858995
      13   0.9456
 
