       1       169.61233
       2       135.13765
       3       218.59836
       4       157.31375
       5       218.96279
       6       248.85624
       7       261.02012
       8       206.28096
       9       133.97697
      10       119.93615
      11       119.20998
      12       140.45595
      13  2129.36
 
       1       118.20751
       2       87.847056
       3       143.13105
       4       100.79188
       5       132.67334
       6       144.64229
       7       141.90498
       8       119.95707
       9       85.229431
      10       77.834794
      11       80.992743
      12       95.570507
      13  1328.78
 
       1       16.464558
       2       11.232899
       3       18.530206
       4       13.525266
       5       15.315065
       6       16.106422
       7       15.183587
       8       13.647257
       9       10.840757
      10       10.145267
      11       10.131682
      12       12.202606
      13   163.33
 
       1       22.821444
       2       15.789222
       3       29.319890
       4       22.176872
       5       30.068699
       6       46.458820
       7       53.959517
       8       36.761981
       9       20.708292
      10       14.813385
      11       15.302752
      12       17.437734
      13   325.62
 
       1       17.114913
       2       12.535425
       3       22.693271
       4       19.514047
       5       28.692029
       6       47.060161
       7       48.901287
       8       45.495609
       9       29.837755
      10       17.395853
      11       15.925063
      12       12.850586
      13   318.02
 
       1       14.961089
       2       13.523817
       3       27.086481
       4       25.528343
       5       33.354057
       6       39.407065
       7       31.982261
       8       27.427390
       9       18.812143
      10       13.812941
      11       12.403359
      12       11.223891
      13    22.46
 
       1 0.0
       2 0.0
       3 0.0
       4 0.0
       5 0.0
       6 0.0
       7 0.0
       8 0.0
       9 0.0
      10 0.0
      11 0.0
      12 0.0
      13 0.0
 
       1     0.018823399
       2     0.016433741
       3     0.033729004
       4     0.031362832
       5     0.040328600
       6     0.047837048
       7     0.037463667
       8     0.032184486
       9     0.022097232
      10     0.016333461
      11     0.014985841
      12     0.013626942
      13   0.0271
 
       1      0.89013408
       2      0.88999612
       3      0.88924036
       4      0.88910715
       5      0.88643471
       6      0.88799147
       7      0.89068533
       8      0.89023800
       9      0.88898781
      10      0.88991667
      11      0.89057647
      12      0.89078237
      13   0.8895
 
       1    0.0022652780
       2    0.0020218877
       3    0.0040850395
       4    0.0038353889
       5    0.0049616156
       6    0.0058443374
       7    0.0046477765
       8    0.0040029261
       9    0.0027592108
      10    0.0020419804
      11    0.0018536749
      12    0.0016778541
      13   0.0033
 
       1      0.30801863
       2      0.28645869
       3      0.33042704
       4      0.37031967
       5      0.40022677
       6      0.42890949
       7      0.38153456
       8      0.35304093
       9      0.34567005
      10      0.30895872
      11      0.29691678
      12      0.28759823
      13   0.3415
 
