       1       9.0621029
       2       10.221618
       3       11.384491
       4       21.069517
       5       39.292286
       6       42.741132
       7       40.314849
       8       30.951987
       9       16.852337
      10       10.876187
      11       8.5950101
      12       7.2323899
      13   248.59
 
       1       6.1969403
       2       6.5344149
       3       7.9161749
       4       12.700544
       5       21.500381
       6       21.685086
       7       21.270209
       8       16.831114
       9       10.138791
      10       7.3558388
      11       6.1686094
      12       5.6436071
      13   143.94
 
       1      0.77231527
       2      0.96739416
       3       1.5863051
       4       2.4478352
       5       3.5254712
       6       2.7888252
       7       2.7305747
       8       2.2910617
       9       1.4450204
      10       1.1931694
      11      0.92939592
      12      0.75260458
      13    21.43
 
       1      0.69065113
       2       1.0671527
       3       2.4778287
       4       4.0449545
       5       8.1829214
       6       10.980156
       7       12.676882
       8       9.2761560
       9       2.6430068
      10      0.99091566
      11      0.77291304
      12       1.1644675
      13    54.97
 
       1      0.37785837
       2      0.45402596
       3       1.4926395
       4       3.7007489
       5       5.5061569
       6       5.2811683
       7       5.4940255
       8       4.7675514
       9       1.9450752
      10      0.57176985
      11      0.24918547
      12      0.18646077
      13    30.03
 
       1      0.75231283
       2       1.1457935
       3       1.8762007
       4       2.9066643
       5       4.8602861
       6       3.6846237
       7       3.4713638
       8       2.7207867
       9       1.6599335
      10       1.2104147
      11      0.79347081
      12      0.76239018
      13     2.15
 
       1 0.0
       2 0.0
       3 0.0
       4 0.0
       5 0.0
       6 0.0
       7 0.0
       8 0.0
       9 0.0
      10 0.0
      11 0.0
      12 0.0
      13 0.0
 
       1     0.021078385
       2     0.030973266
       3     0.052059237
       4     0.076741757
       5      0.12892915
       6     0.092398073
       7     0.084302974
       8     0.066077208
       9     0.041951925
      10     0.032588367
      11     0.022402657
      12     0.022244949
      13   0.0560
 
       1      0.89024614
       2      0.88628073
       3      0.88712745
       4      0.88470662
       5      0.88426207
       6      0.88400583
       7      0.88383951
       8      0.88246648
       9      0.88523554
      10      0.88627847
      11      0.89038430
      12      0.89205009
      13   0.8864
 
       1    0.0024295609
       2    0.0036505023
       3    0.0060256235
       4    0.0091108061
       5     0.015147407
       6     0.011126712
       7     0.010341413
       8    0.0081453347
       9    0.0050792892
      10    0.0038319730
      11    0.0025761543
      12    0.0025155863
      13   0.0067
 
       1      0.80855504
       2      0.84631797
       3      0.94291931
       4      0.96771612
       5      0.98801994
       6      0.98278540
       7      0.98094500
       8      0.97342288
       9      0.97922069
      10      0.96814452
      11      0.92270967
      12      0.94903129
      13   0.9425
 
