       1       176.46156
       2       184.62404
       3       186.48876
       4       146.51794
       5       214.33691
       6       207.32209
       7       219.35964
       8       190.86780
       9       152.22401
      10       120.31827
      11       128.04479
      12       121.36688
      13  2047.93
 
       1       119.17083
       2       121.77631
       3       119.86883
       4       93.431707
       5       128.26726
       6       120.97572
       7       121.23506
       8       110.89608
       9       93.154686
      10       79.889105
      11       84.552921
      12       80.251707
      13  1273.47
 
       1       15.827488
       2       17.789702
       3       16.173308
       4       13.499208
       5       16.070749
       6       15.465489
       7       13.951573
       8       13.452880
       9       11.639078
      10       10.951546
      11       10.742433
      12       9.9592771
      13   165.52
 
       1       19.198532
       2       22.857845
       3       24.154344
       4       23.464144
       5       29.368904
       6       41.261564
       7       45.595523
       8       35.959961
       9       21.310217
      10       17.371551
      11       17.029327
      12       13.839033
      13   311.41
 
       1       15.750040
       2       18.535957
       3       21.470885
       4       21.934987
       5       30.212338
       6       37.850495
       7       37.835999
       8       34.322043
       9       26.016300
      10       22.009593
      11       16.570972
      12       13.106422
      13   295.62
 
       1       14.288104
       2       19.268219
       3       22.610891
       4       22.019006
       5       27.017833
       6       28.934550
       7       26.250331
       8       23.679330
       9       18.645916
      10       15.260273
      11       13.662460
      12       10.309470
      13    20.16
 
       1 0.0
       2 0.0
       3 0.0
       4 0.0
       5 0.0
       6 0.0
       7 0.0
       8 0.0
       9 0.0
      10 0.0
      11 0.0
      12 0.0
      13 0.0
 
       1     0.013951965
       2     0.018865755
       3     0.021889731
       4     0.020908756
       5     0.025021904
       6     0.026647019
       7     0.023845224
       8     0.021630435
       9     0.016966371
      10     0.014162195
      11     0.012981853
      12    0.0097893260
      13   0.0189
 
       1      0.88364939
       2      0.88196053
       3      0.88256878
       4      0.88098240
       5      0.87958958
       6      0.88005812
       7      0.88255709
       8      0.88400173
       9      0.88166334
      10      0.88142893
      11      0.88339145
      12      0.88386959
      13   0.8821
 
       1    0.0018356761
       2    0.0024739028
       3    0.0028924275
       4    0.0028035855
       5    0.0033914873
       6    0.0036189810
       7    0.0032586100
       8    0.0029540275
       9    0.0023320529
      10    0.0019301053
      11    0.0017420152
      12    0.0013156511
      13   0.0025
 
       1      0.27220098
       2      0.29808711
       3      0.31798390
       4      0.35136520
       5      0.35076730
       6      0.36355665
       7      0.32075620
       8      0.30122770
       9      0.30912156
      10      0.29656767
      11      0.29618334
      12      0.26276223
      13   0.3117
 
