       1       484.04415
       2       448.75921
       3       491.34780
       4       489.39275
       5       490.03047
       6       495.14216
       7       538.18097
       8       516.64077
       9       468.94020
      10       484.23789
      11       492.20122
      12       473.73740
      13  5872.65
 
       1       291.78190
       2       271.09248
       3       301.91192
       4       300.13867
       5       300.11732
       6       303.42362
       7       326.51690
       8       317.02402
       9       288.23499
      10       303.64810
      11       299.71303
      12       289.05751
      13  3592.66
 
       1       36.915062
       2       34.869009
       3       37.996319
       4       37.089610
       5       36.697124
       6       37.032061
       7       40.789655
       8       39.283577
       9       35.875974
      10       36.063735
      11       37.223783
      12       35.937041
      13   445.77
 
       1       134.32720
       2       120.56921
       3       129.14428
       4       128.79353
       5       129.81418
       6       130.41352
       7       143.79894
       8       135.42529
       9       122.34359
      10       123.82003
      11       131.16746
      12       127.57640
      13  1557.19
 
       1       22.100112
       2       21.189374
       3       22.534135
       4       23.358312
       5       23.583880
       6       24.262628
       7       26.611007
       8       24.614626
       9       22.394234
      10       20.766713
      11       23.793218
      12       22.810885
      13   278.02
 
       1       5.8643650
       2       6.1917586
       3       6.0204765
       4       5.9744621
       5       5.9423335
       6       6.0443322
       7       6.6193659
       8       6.3223653
       9       5.9727570
      10       5.5891860
      11       6.1146693
      12       5.7032946
      13     6.03
 
       1 0.0
       2 0.0
       3 0.0
       4 0.0
       5 0.0
       6 0.0
       7 0.0
       8 0.0
       9 0.0
      10 0.0
      11 0.0
      12 0.0
      13 0.0
 
       1     0.024421407
       2     0.025790980
       3     0.025109589
       4     0.024824425
       5     0.024283636
       6     0.024775005
       7     0.027103935
       8     0.025953800
       9     0.024501344
      10     0.023810957
      11     0.025206589
      12     0.023533968
      13   0.0249
 
       1       1.0000000
       2       1.0000000
       3       1.0000000
       4       1.0000000
       5       1.0000000
       6       1.0000000
       7       1.0000000
       8       1.0000000
       9       1.0000000
      10       1.0000000
      11       1.0000000
      12       1.0000000
      13   1.0000
 
       1       0.0000000
       2       0.0000000
       3       0.0000000
       4       0.0000000
       5       0.0000000
       6       0.0000000
       7       0.0000000
       8       0.0000000
       9       0.0000000
      10       0.0000000
      11       0.0000000
      12       0.0000000
      13   0.0000
 
       1      0.69923916
       2      0.71214512
       3      0.66751596
       4      0.63690324
       5      0.61877805
       6      0.59767387
       7      0.63867547
       8      0.67883361
       9      0.67763314
      10      0.69285977
      11      0.70350694
      12      0.71706922
      13   0.6701
 
