       1       463.46109
       2       440.55627
       3       495.81403
       4       467.51802
       5       481.99975
       6       483.50261
       7       511.69060
       8       496.79219
       9       486.74153
      10       424.82965
      11       470.07497
      12       447.57531
      13  5670.56
 
       1       281.06577
       2       266.34221
       3       300.85287
       4       287.52079
       5       293.91519
       6       293.14810
       7       312.41586
       8       303.05729
       9       296.88600
      10       265.24179
      11       286.05120
      12       270.03297
      13  3456.53
 
       1       34.941977
       2       34.569350
       3       38.236494
       4       35.611934
       5       35.823465
       6       35.950192
       7       39.254003
       8       37.869349
       9       38.143196
      10       32.074507
      11       35.516177
      12       34.283435
      13   432.27
 
       1       126.14757
       2       120.90010
       3       132.18406
       4       123.62789
       5       127.18771
       6       130.02230
       7       134.26761
       8       132.83378
       9       126.81294
      10       108.88026
      11       126.63273
      12       122.64102
      13  1512.14
 
       1       20.643190
       2       19.547297
       3       22.274780
       4       23.560743
       5       24.108090
       6       23.981582
       7       25.634724
       8       23.657056
       9       24.836235
      10       18.960346
      11       21.451885
      12       20.709166
      13   269.37
 
       1       5.6000808
       2       5.8618475
       3       5.9436688
       4       5.7820655
       5       5.6928369
       6       5.9740692
       7       6.3874020
       8       6.1950660
       9       6.4162514
      10       5.1181653
      11       5.8120498
      12       5.3808122
      13     5.85
 
       1 0.0
       2 0.0
       3 0.0
       4 0.0
       5 0.0
       6 0.0
       7 0.0
       8 0.0
       9 0.0
      10 0.0
      11 0.0
      12 0.0
      13 0.0
 
       1     0.023248986
       2     0.024347221
       3     0.024627450
       4     0.023885489
       5     0.023363532
       6     0.024205616
       7     0.026228696
       8     0.025310332
       9     0.026303778
      10     0.021520457
      11     0.023846867
      12     0.021996426
      13   0.0241
 
       1       1.0000000
       2       1.0000000
       3       1.0000000
       4       1.0000000
       5       1.0000000
       6       1.0000000
       7       1.0000000
       8       1.0000000
       9       1.0000000
      10       1.0000000
      11       1.0000000
      12       1.0000000
      13   1.0000
 
       1       0.0000000
       2       0.0000000
       3       0.0000000
       4       0.0000000
       5       0.0000000
       6       0.0000000
       7       0.0000000
       8       0.0000000
       9       0.0000000
      10       0.0000000
      11       0.0000000
      12       0.0000000
      13   0.0000
 
       1      0.70863804
       2      0.70053709
       3      0.69664801
       4      0.66894391
       5      0.60944808
       6      0.59900547
       7      0.63639269
       8      0.68434511
       9      0.66616256
      10      0.69304557
      11      0.70425685
      12      0.70039980
      13   0.6723
 
