       1       125.11377
       2       133.21826
       3       143.66897
       4       126.72035
       5       128.97482
       6       128.02993
       7       109.63684
       8       131.05178
       9       118.59453
      10       111.20586
      11       107.82348
      12       150.77530
      13  1514.81
 
       1       85.685955
       2       86.064693
       3       96.902163
       4       79.362879
       5       79.110726
       6       77.000281
       7       63.701423
       8       74.662354
       9       75.457749
      10       73.210638
      11       74.676457
      12       104.28505
      13   970.12
 
       1       11.517804
       2       10.109084
       3       13.126208
       4       8.1912322
       5       7.9537254
       6       7.7813644
       7       6.1169423
       8       6.7499385
       9       8.7840282
      10       8.2801585
      11       9.3245958
      12       13.122073
      13   111.06
 
       1       13.900753
       2       11.247119
       3       16.317991
       4       9.8167125
       5       12.009384
       6       15.203303
       7       14.802601
       8       15.492044
       9       12.194510
      10       8.3878316
      11       13.060712
      12       15.355222
      13   157.79
 
       1       9.8864567
       2       10.742128
       3       15.653582
       4       11.257318
       5       15.022748
       6       18.068020
       7       16.778549
       8       23.489924
       9       26.098823
      10       18.806183
      11       15.552921
      12       15.318454
      13   196.68
 
       1       9.0191355
       2       11.218569
       3       15.699917
       4       15.010356
       5       17.465365
       6       18.330270
       7       14.136751
       8       15.634692
       9       15.641081
      10       12.446470
      11       10.119182
      12       10.706299
      13    13.79
 
       1 0.0
       2 0.0
       3 0.0
       4 0.0
       5 0.0
       6 0.0
       7 0.0
       8 0.0
       9 0.0
      10 0.0
      11 0.0
      12 0.0
      13 0.0
 
       1      0.11768766
       2      0.14468729
       3      0.20592853
       4      0.18987295
       5      0.21723552
       6      0.22749987
       7      0.17086845
       8      0.18923772
       9      0.19320925
      10      0.15635055
      11      0.12922609
      12      0.14202451
      13   0.1737
 
       1      0.92542335
       2      0.92460384
       3      0.92528733
       4      0.92648112
       5      0.92429759
       6      0.92456607
       7      0.92521241
       8      0.92502198
       9      0.92520700
      10      0.92630516
      11      0.92610442
      12      0.92640550
      13   0.9254
 
       1    0.0090388129
       2     0.011186782
       3     0.015741295
       4     0.014858271
       5     0.017215095
       6     0.017978339
       7     0.013704857
       8     0.015159652
       9     0.015309487
      10     0.012317505
      11     0.010086964
      12     0.010800678
      13   0.0136
 
       1      0.68190742
       2      0.68134578
       3      0.82046934
       4      0.74835617
       5      0.81882591
       6      0.85453566
       7      0.81004812
       8      0.81965580
       9      0.83588286
      10      0.76105569
      11      0.72385559
      12      0.74534694
      13   0.7751
 
