       1       131.64190
       2       168.31626
       3       132.89580
       4       136.37923
       5       163.06699
       6       152.12111
       7       131.21456
       8       120.38912
       9       116.69763
      10       66.037116
      11       98.942623
      12       66.860351
      13  1484.56
 
       1       87.947616
       2       111.15506
       3       86.313038
       4       84.418867
       5       98.700206
       6       87.368912
       7       74.249025
       8       68.925831
       9       74.409222
      10       44.102679
      11       67.611211
      12       48.006796
      13   933.21
 
       1       10.901131
       2       15.018274
       3       10.238617
       4       8.6161162
       5       8.7785486
       6       7.3628286
       7       6.9572460
       8       6.9078643
       9       7.9993539
      10       5.4998163
      11       8.4116539
      12       5.8893396
      13   102.58
 
       1       11.443575
       2       16.789436
       3       11.850298
       4       9.9503469
       5       11.254275
       6       16.298659
       7       17.266262
       8       14.141247
       9       12.703344
      10       5.8302182
      11       9.1735960
      12       6.1636074
      13   142.86
 
       1       10.603341
       2       18.612736
       3       14.536693
       4       12.412388
       5       15.996856
       6       20.415135
       7       22.606923
       8       24.668065
       9       24.965310
      10       12.573476
      11       11.537695
      12       5.9276350
      13   194.86
 
       1       8.9584680
       2       14.426514
       3       14.044619
       4       16.581029
       5       22.313285
       6       23.691102
       7       17.639786
       8       15.530946
       9       17.232773
      10       8.1174348
      11       8.5779260
      12       5.2642462
      13    14.36
 
       1 0.0
       2 0.0
       3 0.0
       4 0.0
       5 0.0
       6 0.0
       7 0.0
       8 0.0
       9 0.0
      10 0.0
      11 0.0
      12 0.0
      13 0.0
 
       1     0.095079526
       2      0.15553607
       3      0.14733941
       4      0.16954812
       5      0.23284020
       6      0.24395003
       7      0.17756123
       8      0.15460151
       9      0.17831141
      10     0.080145212
      11     0.088891127
      12     0.053835944
      13   0.1481
 
       1      0.87270698
       2      0.87301511
       3      0.87243193
       4      0.87227181
       5      0.87224509
       6      0.87110920
       7      0.87295000
       8      0.87253622
       9      0.87356888
      10      0.87238103
      11      0.87328428
      12      0.87372871
      13   0.8727
 
       1     0.012636890
       2     0.020361845
       3     0.019699366
       4     0.023039033
       5     0.031201986
       6     0.032882602
       7     0.024255381
       8     0.021313318
       9     0.024007677
      10     0.011222849
      11     0.012024820
      12    0.0073952510
      13   0.0200
 
       1      0.66776751
       2      0.74130232
       3      0.79498434
       4      0.76319385
       5      0.80160482
       6      0.87373481
       7      0.80383367
       8      0.80273812
       9      0.78751272
      10      0.69348893
      11      0.68992362
      12      0.60376937
      13   0.7520
 
