       1       126.19128
       2       129.21821
       3       160.00585
       4       193.96806
       5       198.22665
       6       225.99873
       7       241.36770
       8       180.61205
       9       138.91565
      10       123.04169
      11       143.66726
      12       164.36089
      13  2025.57
 
       1       87.903348
       2       83.829767
       3       103.98575
       4       123.24248
       5       124.37504
       6       133.60475
       7       135.46835
       8       107.23228
       9       87.092724
      10       80.651630
      11       97.825198
      12       113.37465
      13  1278.59
 
       1       11.592814
       2       10.033289
       3       14.078708
       4       15.018001
       5       15.328520
       6       14.607340
       7       14.363520
       8       12.373953
       9       10.318629
      10       10.252018
      11       11.870995
      12       15.005932
      13   154.84
 
       1       13.834828
       2       13.825103
       3       22.594977
       4       24.650613
       5       30.052654
       6       38.618714
       7       46.749698
       8       30.504326
       9       18.372627
      10       12.869131
      11       15.815987
      12       20.557952
      13   288.45
 
       1       11.627511
       2       11.244228
       3       18.170885
       4       21.650233
       5       29.702825
       6       41.607632
       7       45.851329
       8       36.848911
       9       28.618887
      10       19.620536
      11       18.746462
      12       19.163599
      13   302.85
 
       1       10.826758
       2       14.079964
       3       20.221882
       4       29.149131
       5       33.304381
       6       34.106646
       7       30.678711
       8       24.251742
       9       18.500967
      10       14.325064
      11       14.406262
      12       13.932254
      13    21.48
 
       1 0.0
       2 0.0
       3 0.0
       4 0.0
       5 0.0
       6 0.0
       7 0.0
       8 0.0
       9 0.0
      10 0.0
      11 0.0
      12 0.0
      13 0.0
 
       1     0.013052645
       2     0.016681656
       3     0.024382929
       4     0.035193229
       5     0.040874575
       6     0.040669181
       7     0.035705540
       8     0.028010469
       9     0.021342303
      10     0.016689024
      11     0.017405360
      12     0.017027944
      13   0.0256
 
       1      0.86218001
       2      0.86043318
       3      0.86033823
       4      0.86091152
       5      0.85995620
       6      0.85978542
       7      0.86262295
       8      0.86283444
       9      0.86064408
      10      0.86141506
      11      0.86252464
      12      0.86272537
      13   0.8614
 
       1    0.0020069498
       2    0.0025872329
       3    0.0037392355
       4    0.0053824292
       5    0.0061982664
       6    0.0062394945
       7    0.0055391704
       8    0.0043753682
       9    0.0033457273
      10    0.0026114840
      11    0.0026717102
      12    0.0025875405
      13   0.0039
 
       1      0.27372999
       2      0.29253005
       3      0.34706665
       4      0.37305123
       5      0.40668859
       6      0.40112011
       7      0.37576100
       8      0.34520099
       9      0.32879305
      10      0.29335356
      11      0.29672045
      12      0.30640864
      13   0.3367
 
