       1       142.46589
       2       158.39882
       3       187.20648
       4       196.16273
       5       244.06149
       6       253.36417
       7       251.68609
       8       209.80078
       9       136.88861
      10       107.43827
      11       148.14613
      12       161.88209
      13  2197.50
 
       1       97.460563
       2       102.33409
       3       125.69440
       4       122.82715
       5       150.67753
       6       148.03207
       7       139.67933
       8       121.90405
       9       87.521500
      10       71.785261
      11       99.183294
      12       111.47254
      13  1378.57
 
       1       12.881662
       2       12.325411
       3       17.828686
       4       14.656272
       5       17.988804
       6       16.163013
       7       14.916660
       8       13.776935
       9       10.884582
      10       9.5788590
      11       11.765887
      12       14.343619
      13   167.11
 
       1       15.870783
       2       17.475673
       3       27.677774
       4       24.051818
       5       34.226567
       6       48.410303
       7       51.579112
       8       37.313849
       9       18.767181
      10       14.470974
      11       16.779050
      12       18.952670
      13   325.58
 
       1       13.493364
       2       13.328971
       3       21.895422
       4       21.708431
       5       35.741787
       6       49.143534
       7       49.446147
       8       41.288523
       9       27.287043
      10       18.744831
      11       17.840530
      12       18.798947
      13   328.72
 
       1       12.337031
       2       15.882784
       3       22.867942
       4       28.107826
       5       37.794776
       6       38.577163
       7       32.440544
       8       27.869973
       9       19.360600
      10       13.403349
      11       13.727137
      12       12.755780
      13    22.93
 
       1 0.0
       2 0.0
       3 0.0
       4 0.0
       5 0.0
       6 0.0
       7 0.0
       8 0.0
       9 0.0
      10 0.0
      11 0.0
      12 0.0
      13 0.0
 
       1     0.014991650
       2     0.019376460
       3     0.028020709
       4     0.033809404
       5     0.046253601
       6     0.046804918
       7     0.037899245
       8     0.032392481
       9     0.022570688
      10     0.015712101
      11     0.016501808
      12     0.015464890
      13   0.0275
 
       1      0.86193106
       2      0.86138229
       3      0.86094244
       4      0.86100507
       5      0.86077522
       6      0.86107572
       7      0.86379867
       8      0.86457842
       9      0.86217477
      10      0.86167742
      11      0.86279034
      12      0.86290378
      13   0.8621
 
       1    0.0022948658
       2    0.0029511668
       3    0.0042481644
       4    0.0051813815
       5    0.0070079192
       6    0.0071015385
       7    0.0058531106
       8    0.0050372875
       9    0.0035207647
      10    0.0024556163
      11    0.0025358941
      12    0.0023628142
      13   0.0042
 
       1      0.27853764
       2      0.32008960
       3      0.35203497
       4      0.36422485
       5      0.40681764
       6      0.41273627
       7      0.37831272
       8      0.35016454
       9      0.32904143
      10      0.30573017
      11      0.29860191
      12      0.29284061
      13   0.3408
 
