       1       149.91702
       2       170.07442
       3       207.93233
       4       196.74707
       5       244.59951
       6       223.63462
       7       246.93601
       8       190.41163
       9       131.98075
      10       105.73181
      11       118.44449
      12       149.72674
      13  2136.14
 
       1       100.29806
       2       109.88422
       3       135.36561
       4       123.42021
       5       152.87480
       6       128.94159
       7       135.47647
       8       111.09696
       9       83.882856
      10       69.889229
      11       79.781428
      12       100.00771
      13  1330.92
 
       1       12.949756
       2       14.127960
       3       18.715968
       4       15.982668
       5       18.362763
       6       14.545701
       7       14.929953
       8       13.119821
       9       10.401472
      10       9.0894100
      11       10.025850
      12       12.551990
      13   164.80
 
       1       18.104109
       2       19.742339
       3       25.793920
       4       25.209852
       5       36.693772
       6       42.248641
       7       54.848589
       8       34.520481
       9       19.095837
      10       12.629844
      11       14.942539
      12       17.761236
      13   321.59
 
       1       13.850355
       2       17.340701
       3       23.519184
       4       25.175351
       5       38.658109
       6       38.424013
       7       46.116432
       8       38.952197
       9       28.207395
      10       16.439919
      11       14.983368
      12       15.280326
      13   316.95
 
       1       13.299842
       2       18.536293
       3       23.435823
       4       28.371207
       5       38.976513
       6       32.229465
       7       30.806718
       8       24.913607
       9       18.795510
      10       12.953004
      11       12.489025
      12       11.879454
      13    22.22
 
       1 0.0
       2 0.0
       3 0.0
       4 0.0
       5 0.0
       6 0.0
       7 0.0
       8 0.0
       9 0.0
      10 0.0
      11 0.0
      12 0.0
      13 0.0
 
       1     0.016467089
       2     0.023120695
       3     0.029143876
       4     0.034824317
       5     0.048277676
       6     0.038648250
       7     0.036362827
       8     0.029470372
       9     0.022297867
      10     0.015327865
      11     0.015211512
      12     0.014593052
      13   0.0270
 
       1      0.89660677
       2      0.89682013
       3      0.89587065
       4      0.89639463
       5      0.89514298
       6      0.89581109
       7      0.89701457
       8      0.89961432
       9      0.89779769
      10      0.89765720
      11      0.89902945
      12      0.89847958
      13   0.8972
 
       1    0.0019011166
       2    0.0026531651
       3    0.0033453785
       4    0.0040277785
       5    0.0055444045
       6    0.0045165539
       7    0.0042745811
       8    0.0034724401
       9    0.0026345562
      10    0.0018223406
      11    0.0017769733
      12    0.0016899391
      13   0.0031
 
       1      0.28935752
       2      0.31428881
       3      0.34005361
       4      0.33742056
       5      0.40195625
       6      0.39964447
       7      0.36960823
       8      0.34815638
       9      0.33103142
      10      0.30416952
      11      0.29187525
      12      0.29258868
      13   0.3350
 
