       1       165.07582
       2       116.93960
       3       187.11112
       4       102.28765
       5       113.97555
       6       109.45846
       7       125.66952
       8       111.04740
       9       85.269423
      10       86.138535
      11       88.200779
      12       118.49006
      13  1409.66
 
       1       112.60230
       2       80.371894
       3       122.24951
       4       65.861532
       5       70.344898
       6       67.417122
       7       71.016140
       8       64.556172
       9       54.778942
      10       58.142832
      11       60.555249
      12       82.580943
      13   910.48
 
       1       15.163540
       2       11.111931
       3       15.169383
       4       7.8061257
       5       7.3704393
       6       7.0332578
       7       6.7820233
       8       6.6088729
       9       6.7982379
      10       7.1238945
      11       6.8098649
      12       10.414899
      13   108.19
 
       1       16.913816
       2       11.941929
       3       20.657149
       4       8.9989613
       5       9.6214226
       6       12.874319
       7       15.291770
       8       14.225902
       9       8.5344471
      10       7.3057820
      11       6.6554600
      12       13.214275
      13   146.24
 
       1       13.471772
       2       9.8167861
       3       17.329138
       4       11.644967
       5       14.265290
       6       16.016327
       7       19.966970
       8       23.308754
       9       16.781205
      10       14.878641
      11       11.947500
      12       13.092075
      13   182.52
 
       1       11.427934
       2       10.932746
       3       18.311311
       4       14.093303
       5       15.187823
       6       16.333177
       7       15.380295
       8       14.363123
       9       11.445980
      10       9.9839544
      11       8.3036291
      12       8.9445734
      13    12.89
 
       1 0.0
       2 0.0
       3 0.0
       4 0.0
       5 0.0
       6 0.0
       7 0.0
       8 0.0
       9 0.0
      10 0.0
      11 0.0
      12 0.0
      13 0.0
 
       1      0.15135785
       2      0.14350594
       3      0.24147814
       4      0.17841273
       5      0.18828091
       6      0.20233274
       7      0.18627986
       8      0.17566539
       9      0.13900076
      10      0.12504794
      11      0.10578580
      12      0.11650093
      13   0.1628
 
       1      0.92552652
       2      0.92592908
       3      0.92591860
       4      0.92524426
       5      0.92378761
       6      0.92439649
       7      0.92541895
       8      0.92560484
       9      0.92471119
      10      0.92561582
      11      0.92634690
      12      0.92531677
      13   0.9253
 
       1     0.011507089
       2     0.011000786
       3     0.018364786
       4     0.013995219
       5     0.014951061
       6     0.016046055
       7     0.014924004
       8     0.013999317
       9     0.011185099
      10    0.0098899634
      11    0.0082945248
      12    0.0089771156
      13   0.0128
 
       1      0.72547660
       2      0.73803788
       3      0.84497375
       4      0.80332748
       5      0.83667422
       6      0.83477960
       7      0.77577642
       8      0.80558334
       9      0.78799876
      10      0.74265896
      11      0.71303478
      12      0.72269077
      13   0.7776
 
