       1       140.29429
       2       129.04636
       3       176.46406
       4       172.17843
       5       203.45895
       6       213.05086
       7       240.58693
       8       183.34259
       9       169.92479
      10       112.59555
      11       125.08804
      12       178.17120
      13  2044.20
 
       1       95.888212
       2       83.991312
       3       112.23115
       4       111.71284
       5       125.39559
       6       123.10141
       7       134.95473
       8       106.89392
       9       105.34913
      10       75.341450
      11       84.454431
      12       120.66212
      13  1279.98
 
       1       12.729211
       2       10.452235
       3       13.420903
       4       15.841317
       5       14.655379
       6       13.626045
       7       14.726089
       8       12.438958
       9       11.656201
      10       10.158842
      11       10.534759
      12       14.926059
      13   155.17
 
       1       16.593782
       2       15.349760
       3       20.254867
       4       28.274979
       5       27.792494
       6       39.584005
       7       50.682625
       8       32.960055
       9       22.474309
      10       16.308950
      11       16.233284
      12       19.682149
      13   306.19
 
       1       13.100575
       2       11.858572
       3       14.356166
       4       27.256098
       5       29.495967
       6       35.210859
       7       48.572679
       8       35.770063
       9       31.269099
      10       19.339004
      11       13.687006
      12       16.023702
      13   295.94
 
       1       11.649644
       2       13.525686
       3       20.835432
       4       27.002195
       5       30.176369
       6       30.620361
       7       31.899749
       8       23.248583
       9       22.272645
      10       14.585293
      11       13.455739
      12       14.677801
      13    21.16
 
       1 0.0
       2 0.0
       3 0.0
       4 0.0
       5 0.0
       6 0.0
       7 0.0
       8 0.0
       9 0.0
      10 0.0
      11 0.0
      12 0.0
      13 0.0
 
       1     0.014035299
       2     0.016246205
       3     0.025060844
       4     0.033115695
       5     0.035927351
       6     0.036069599
       7     0.037403283
       8     0.026790749
       9     0.026055829
      10     0.017476741
      11     0.016272032
      12     0.018166627
      13   0.0252
 
       1      0.86192698
       2      0.86039978
       3      0.86029432
       4      0.86125414
       5      0.85818020
       6      0.85927734
       7      0.86204707
       8      0.86533950
       9      0.86330785
      10      0.86280637
      11      0.86458148
      12      0.86393499
      13   0.8619
 
       1    0.0021552452
       2    0.0024996044
       3    0.0038445976
       4    0.0050155016
       5    0.0055334191
       6    0.0055699050
       7    0.0057719443
       8    0.0041889876
       9    0.0040431145
      10    0.0026948071
      11    0.0024958111
      12    0.0027420772
      13   0.0039
 
       1      0.27100162
       2      0.29880215
       3      0.34479656
       4      0.37382009
       5      0.38995080
       6      0.39385797
       7      0.37736501
       8      0.34110163
       9      0.33648811
      10      0.31726855
      11      0.31767126
      12      0.32494207
      13   0.3406
 
