       1       444.44617
       2       427.50922
       3       489.22567
       4       482.59730
       5       539.26459
       6       494.25775
       7       587.43796
       8       564.58019
       9       477.04203
      10       506.35673
      11       458.36471
      12       512.16080
      13  5983.24
 
       1       269.42866
       2       259.56015
       3       297.52519
       4       299.51956
       5       332.93608
       6       298.17259
       7       355.23308
       8       346.15971
       9       297.84733
      10       317.46145
      11       280.81191
      12       309.19678
      13  3663.85
 
       1       33.811179
       2       33.083520
       3       37.735130
       4       35.956237
       5       40.108693
       6       36.969944
       7       44.040995
       8       42.603355
       9       36.770695
      10       37.567826
      11       34.541869
      12       38.505945
      13   451.70
 
       1       120.61068
       2       116.17994
       3       131.27653
       4       125.54533
       5       139.43070
       6       134.18047
       7       159.56379
       8       149.62572
       9       121.76058
      10       130.04519
      11       122.56651
      12       142.07390
      13  1592.86
 
       1       19.926952
       2       18.909981
       3       23.074948
       4       21.432574
       5       25.372581
       6       24.467102
       7       28.190207
       8       27.082774
       9       21.427278
      10       21.511425
      11       20.322171
      12       22.198020
      13   273.92
 
       1       5.4292048
       2       5.7866848
       3       5.9513613
       4       5.8308093
       5       6.2641989
       6       6.2355228
       7       7.1876320
       8       6.8449243
       9       6.0821424
      10       6.0007864
      11       5.7059355
      12       6.1049433
      13     6.12
 
       1 0.0
       2 0.0
       3 0.0
       4 0.0
       5 0.0
       6 0.0
       7 0.0
       8 0.0
       9 0.0
      10 0.0
      11 0.0
      12 0.0
      13 0.0
 
       1     0.022380739
       2     0.024100662
       3     0.024622708
       4     0.024458873
       5     0.026024483
       6     0.025229326
       7     0.029108450
       8     0.028505930
       9     0.025759897
      10     0.025324780
      11     0.023633192
      12     0.025177184
      13   0.0254
 
       1       1.0000000
       2       1.0000000
       3       1.0000000
       4       1.0000000
       5       1.0000000
       6       1.0000000
       7       1.0000000
       8       1.0000000
       9       1.0000000
      10       1.0000000
      11       1.0000000
      12       1.0000000
      13   1.0000
 
       1       0.0000000
       2       0.0000000
       3       0.0000000
       4       0.0000000
       5       0.0000000
       6       0.0000000
       7       0.0000000
       8       0.0000000
       9       0.0000000
      10       0.0000000
      11       0.0000000
      12       0.0000000
      13   0.0000
 
       1      0.71740153
       2      0.70308706
       3      0.67312848
       4      0.65614744
       5      0.60253413
       6      0.59821286
       7      0.64221375
       8      0.66920901
       9      0.68866196
      10      0.70954361
      11      0.71690969
      12      0.73294165
      13   0.6758
 
