       1       198.71559
       2       193.63260
       3       195.50447
       4       204.90687
       5       196.13993
       6       245.27125
       7       234.90218
       8       201.15444
       9       154.02061
      10       110.90016
      11       122.39514
      12       126.32326
      13  2183.87
 
       1       135.36865
       2       128.36684
       3       128.85666
       4       128.68841
       5       123.13480
       6       143.65312
       7       131.11848
       8       116.43915
       9       95.922368
      10       74.093317
      11       82.139201
      12       85.297414
      13  1373.08
 
       1       18.988002
       2       17.967195
       3       17.276265
       4       16.143345
       5       15.738417
       6       15.853993
       7       14.377441
       8       13.308991
       9       11.385159
      10       10.045220
      11       10.255400
      12       10.839516
      13   172.18
 
       1       23.256756
       2       22.203521
       3       22.085217
       4       23.548234
       5       30.228005
       6       45.071086
       7       43.395810
       8       34.106181
       9       20.092879
      10       13.152239
      11       16.931687
      12       15.357756
      13   309.43
 
       1       18.360021
       2       18.792629
       3       23.335225
       4       21.658141
       5       35.868614
       6       44.721804
       7       45.862171
       8       42.829613
       9       30.836388
      10       21.094690
      11       15.029895
      12       15.600893
      13   333.99
 
       1       15.424266
       2       18.453640
       3       24.753066
       4       29.555962
       5       34.184587
       6       38.536945
       7       30.288422
       8       25.952054
       9       20.615588
      10       14.560733
      11       13.163564
      12       10.765447
      13    23.02
 
       1 0.0
       2 0.0
       3 0.0
       4 0.0
       5 0.0
       6 0.0
       7 0.0
       8 0.0
       9 0.0
      10 0.0
      11 0.0
      12 0.0
      13 0.0
 
       1     0.019461417
       2     0.023185626
       3     0.030947287
       4     0.036743246
       5     0.042650430
       6     0.047107338
       7     0.035941260
       8     0.030486065
       9     0.024561143
      10     0.017441894
      11     0.016092880
      12     0.013274867
      13   0.0282
 
       1      0.89785340
       2      0.89752380
       3      0.89748303
       4      0.89722861
       5      0.89611441
       6      0.89601315
       7      0.89762327
       8      0.89829541
       9      0.89713749
      10      0.89769507
      11      0.89821744
      12      0.89947795
      13   0.8976
 
       1    0.0022115151
       2    0.0026373775
       3    0.0035393555
       4    0.0042178097
       5    0.0048820644
       6    0.0054370852
       7    0.0042201108
       8    0.0036052563
       9    0.0028901444
      10    0.0020549829
      11    0.0018737976
      12    0.0015360610
      13   0.0033
 
       1      0.29251366
       2      0.31024420
       3      0.33144235
       4      0.36855196
       5      0.39241767
       6      0.40274099
       7      0.36514741
       8      0.34104450
       9      0.32842194
      10      0.31573909
      11      0.30950891
      12      0.29355357
      13   0.3376
 
