       1       104.62700
       2       113.57920
       3       144.40619
       4       145.95566
       5       146.01554
       6       138.22035
       7       127.26360
       8       125.28636
       9       92.766088
      10       63.081756
      11       85.408733
      12       133.74824
      13  1420.36
 
       1       73.739435
       2       73.133603
       3       94.816018
       4       90.120564
       5       92.311285
       6       82.938384
       7       71.364976
       8       71.601087
       9       60.083602
      10       42.649680
      11       58.320566
      12       93.148651
      13   904.23
 
       1       9.4012525
       2       7.8662707
       3       11.711465
       4       8.2360003
       5       8.8752515
       6       7.2885653
       7       6.5545869
       8       6.6691626
       9       6.7712111
      10       5.2213341
      11       6.6170617
      12       11.373997
      13    96.59
 
       1       9.6986082
       2       7.2740696
       3       16.182350
       4       8.5815550
       5       13.209896
       6       12.400301
       7       14.087456
       8       13.419597
       9       10.684073
      10       5.0144109
      11       7.1864191
      12       12.545439
      13   130.28
 
       1       10.409092
       2       7.7375168
       3       15.560314
       4       13.406503
       5       17.952606
       6       17.366674
       7       19.561716
       8       23.401872
       9       22.402468
      10       10.630605
      11       11.399444
      12       13.515546
      13   183.34
 
       1       8.4021349
       2       9.2329755
       3       15.384404
       4       16.699058
       5       22.812221
       6       22.694331
       7       16.804951
       8       15.630066
       9       14.188845
      10       7.3746801
      11       7.6437144
      12       9.9219434
      13    13.90
 
       1 0.0
       2 0.0
       3 0.0
       4 0.0
       5 0.0
       6 0.0
       7 0.0
       8 0.0
       9 0.0
      10 0.0
      11 0.0
      12 0.0
      13 0.0
 
       1     0.090611978
       2     0.095483330
       3      0.16516997
       4      0.17388825
       5      0.24488805
       6      0.24215681
       7      0.17074783
       8      0.15661454
       9      0.14570024
      10     0.073079434
      11     0.078234139
      12      0.10747686
      13   0.1453
 
       1      0.83231570
       2      0.82803060
       3      0.83031516
       4      0.83229885
       5      0.83273119
       6      0.83140698
       7      0.83295556
       8      0.83188345
       9      0.83143820
      10      0.83060496
      11      0.83379038
      12      0.83454385
      13   0.8319
 
       1     0.015838142
       2     0.017052446
       3     0.028776181
       4     0.030761756
       5     0.042704216
       6     0.042360098
       7     0.030615967
       8     0.028360067
       9     0.026101756
      10     0.013489947
      11     0.014134076
      12     0.018650109
      13   0.0257
 
       1      0.67891456
       2      0.69955153
       3      0.80558612
       4      0.75213732
       5      0.82609989
       6      0.87409091
       7      0.81060545
       8      0.79164174
       9      0.79602472
      10      0.64360918
      11      0.60705055
      12      0.69827145
      13   0.7486
 
