       1       152.14990
       2       146.67660
       3       147.68795
       4       142.15378
       5       170.74748
       6       168.80562
       7       200.94440
       8       168.89054
       9       119.96182
      10       126.92918
      11       133.23405
      12       132.54486
      13  1810.73
 
       1       97.801149
       2       93.030844
       3       92.919313
       4       86.401330
       5       100.70772
       6       95.093519
       7       107.77375
       8       93.845181
       9       73.248737
      10       81.761174
      11       87.688080
      12       86.726831
      13  1097.00
 
       1       14.268581
       2       13.475651
       3       13.501292
       4       12.401709
       5       12.815857
       6       11.522625
       7       11.992499
       8       10.809248
       9       9.1249687
      10       10.289337
      11       12.838168
      12       11.867877
      13   144.91
 
       1       22.701636
       2       21.407275
       3       22.433271
       4       26.169643
       5       26.156456
       6       32.165263
       7       42.880487
       8       33.264154
       9       17.891881
      10       19.096343
      11       19.849094
      12       18.442937
      13   302.46
 
       1       14.046028
       2       15.298664
       3       15.331851
       4       17.989829
       5       23.696848
       6       31.970061
       7       39.960627
       8       35.856411
       9       22.279534
      10       15.872188
      11       18.618306
      12       12.507129
      13   263.43
 
       1       11.955068
       2       15.122681
       3       17.920823
       4       22.076852
       5       24.507053
       6       25.138940
       7       25.154347
       8       21.837621
       9       17.314193
      10       16.105305
      11       14.702138
      12       11.685372
      13    18.63
 
       1 0.0
       2 0.0
       3 0.0
       4 0.0
       5 0.0
       6 0.0
       7 0.0
       8 0.0
       9 0.0
      10 0.0
      11 0.0
      12 0.0
      13 0.0
 
       1     0.011926105
       2     0.015294418
       3     0.017937343
       4     0.022048016
       5     0.023765387
       6     0.024041518
       7     0.023596329
       8     0.020598612
       9     0.016641496
      10     0.015915615
      11     0.015026122
      12     0.011888255
      13   0.0182
 
       1      0.88308851
       2      0.88369140
       3      0.88299776
       4      0.88217644
       5      0.88123429
       6      0.88133422
       7      0.88183525
       8      0.88201392
       9      0.88255537
      10      0.88322560
      11      0.88390876
      12      0.88403862
      13   0.8827
 
       1    0.0015359176
       2    0.0019532392
       3    0.0023092043
       4    0.0028421924
       5    0.0031137378
       6    0.0031734898
       7    0.0031414681
       8    0.0027388376
       9    0.0021968742
      10    0.0020689437
      11    0.0019090279
      12    0.0015150774
      13   0.0024
 
       1      0.25663521
       2      0.27873621
       3      0.29385749
       4      0.34526761
       5      0.35777576
       6      0.35991214
       7      0.33241177
       8      0.31340070
       9      0.30468855
      10      0.29377681
      11      0.28594933
      12      0.27264568
      13   0.3079
 
