       1       7.4960388
       2       10.454804
       3       18.382149
       4       27.926541
       5       41.840817
       6       51.003983
       7       40.089366
       8       24.646268
       9       19.083754
      10       8.9091209
      11       8.2069667
      12       9.9277255
      13   267.97
 
       1       5.4919257
       2       7.7403616
       3       12.999519
       4       16.541141
       5       22.376843
       6       26.014895
       7       22.405096
       8       13.405650
       9       11.311423
      10       6.1489640
      11       5.9744404
      12       7.5581352
      13   157.97
 
       1      0.73704616
       2       1.2453402
       3       2.6255345
       4       3.0696887
       5       3.3400123
       6       3.2715011
       7       3.1436191
       8       1.9022320
       9       1.5304632
      10      0.97430631
      11      0.84159199
      12       1.0343947
      13    23.72
 
       1      0.68431455
       2       1.3683076
       3       3.8744174
       4       3.6914809
       5       7.0078699
       6       15.418230
       7       13.455050
       8       6.5678475
       9       3.2237479
      10      0.91694343
      11       1.1794781
      12       1.2147026
      13    58.60
 
       1      0.21257833
       2      0.63765967
       3       2.0945730
       4       2.5785686
       5       4.8826322
       6       7.6084370
       7       7.2598062
       8       3.7903759
       9       2.3404692
      10      0.36579226
      11      0.14458801
      12      0.19316399
      13    32.11
 
       1      0.65146786
       2       1.5619748
       3       2.9818260
       4       4.3892149
       5       4.5765501
       6       4.2499750
       7       3.6089947
       8       1.9516402
       9       1.8532900
      10       1.0498034
      11      0.83433802
      12      0.81820217
      13     2.38
 
       1 0.0
       2 0.0
       3 0.0
       4 0.0
       5 0.0
       6 0.0
       7 0.0
       8 0.0
       9 0.0
      10 0.0
      11 0.0
      12 0.0
      13 0.0
 
       1     0.018222409
       2     0.043170655
       3     0.079697872
       4      0.11927103
       5      0.12159277
       6      0.10314516
       7     0.084901818
       8     0.045608659
       9     0.046139983
      10     0.027367021
      11     0.022406454
      12     0.023720064
      13   0.0613
 
       1      0.85279540
       2      0.85059002
       3      0.84803075
       4      0.84921555
       5      0.84981832
       6      0.84679373
       7      0.84617882
       8      0.84479739
       9      0.84758158
      10      0.84958613
      11      0.85117180
      12      0.85520533
      13   0.8493
 
       1    0.0027726147
       2    0.0065996360
       3     0.012301442
       4     0.018198147
       5     0.018613132
       6     0.016426113
       7     0.013749948
       8    0.0074621042
       9    0.0073325176
      10    0.0043155857
      11    0.0034962556
      12    0.0035337447
      13   0.0096
 
       1      0.89524911
       2      0.87611241
       3      0.95458090
       4      0.98421523
       5      0.98596499
       6      0.98039803
       7      0.96425075
       8      0.96432512
       9      0.98252645
      10      0.93702657
      11      0.89706879
      12      0.92926476
      13   0.9459
 
