       1       137.03719
       2       119.11497
       3       169.16524
       4       209.49345
       5       242.54162
       6       271.47975
       7       247.60230
       8       189.20274
       9       140.26388
      10       105.75701
      11       144.53572
      12       225.06353
      13  2201.26
 
       1       92.438131
       2       81.940213
       3       108.51604
       4       131.89134
       5       148.29043
       6       161.53243
       7       141.21405
       8       109.99171
       9       89.475990
      10       71.337540
      11       94.477585
      12       151.28579
      13  1382.39
 
       1       11.740081
       2       11.578489
       3       13.762128
       4       16.113894
       5       16.990731
       6       17.664108
       7       15.564937
       8       12.919067
       9       10.967324
      10       9.4937155
      11       11.895930
      12       20.248564
      13   168.94
 
       1       15.139848
       2       15.064116
       3       19.708414
       4       27.843910
       5       33.561566
       6       48.504645
       7       49.950885
       8       33.230987
       9       19.191545
      10       12.059664
      11       17.008467
      12       27.204003
      13   318.47
 
       1       12.761580
       2       11.941176
       3       17.380818
       4       24.823897
       5       34.212265
       6       48.473997
       7       49.694757
       8       39.889140
       9       27.174291
      10       14.669322
      11       15.368754
      12       28.493038
      13   324.88
 
       1       11.191377
       2       13.613119
       3       18.323988
       4       30.670485
       5       37.295478
       6       44.539290
       7       36.217884
       8       24.507237
       9       20.060271
      10       13.803304
      11       13.236624
      12       17.175925
      13    23.39
 
       1 0.0
       2 0.0
       3 0.0
       4 0.0
       5 0.0
       6 0.0
       7 0.0
       8 0.0
       9 0.0
      10 0.0
      11 0.0
      12 0.0
      13 0.0
 
       1     0.010700692
       2     0.013111311
       3     0.017367763
       4     0.029912405
       5     0.036535021
       6     0.044208446
       7     0.034788608
       8     0.022760393
       9     0.018714385
      10     0.013091362
      11     0.012663500
      12     0.017160211
      13   0.0226
 
       1      0.84338102
       2      0.84130554
       3      0.83964180
       4      0.84164970
       5      0.84111915
       6      0.84374267
       7      0.84537361
       8      0.84623127
       9      0.84147613
      10      0.84310781
      11      0.84567541
      12      0.84520735
      13   0.8432
 
       1    0.0018931591
       2    0.0023107267
       3    0.0030759944
       4    0.0052068072
       5    0.0063365827
       6    0.0075813042
       7    0.0060744341
       8    0.0040617900
       9    0.0033484531
      10    0.0023361537
      11    0.0022357755
      12    0.0029355696
      13   0.0039
 
       1      0.25640480
       2      0.27969764
       3      0.30072149
       4      0.36033843
       5      0.38730047
       6      0.39119265
       7      0.37000776
       8      0.32572557
       9      0.30288656
      10      0.29256694
      11      0.28180107
      12      0.28176614
      13   0.3192
 
