       1       10.264008
       2       9.0570706
       3       16.197914
       4       22.263666
       5       38.727410
       6       46.435298
       7       44.772937
       8       25.612088
       9       18.791298
      10       13.710025
      11       5.8661562
      12       4.1893775
      13   255.89
 
       1       7.0788992
       2       6.3147500
       3       10.145525
       4       13.654434
       5       19.758844
       6       23.377597
       7       23.337868
       8       14.120176
       9       10.784649
      10       8.5362873
      11       4.6538139
      12       3.4577655
      13   145.22
 
       1      0.87374603
       2      0.94264836
       3       1.7593448
       4       2.7247831
       5       2.9346790
       6       2.9534178
       7       3.1048516
       8       1.9050757
       9       1.4687460
      10       1.0911201
      11      0.65303808
      12      0.45083590
      13    20.86
 
       1      0.67299368
       2       1.1345334
       3       2.2015327
       4       4.0193186
       5       5.5428739
       6       14.713764
       7       14.402844
       8       6.1993254
       9       3.4529702
      10      0.59979076
      11      0.69336659
      12      0.60694245
      13    54.24
 
       1      0.13974162
       2      0.44175473
       3       1.4923393
       4       2.4183240
       5       4.2838311
       6       7.2128316
       7       6.3745197
       8       3.9685322
       9       2.4034853
      10      0.30783909
      11     0.094047526
      12      0.14276402
      13    29.28
 
       1      0.68729678
       2      0.87452104
       3       2.0249175
       4       3.8278192
       5       3.7757878
       6       3.8953403
       7       3.7613250
       8       2.1596263
       9       1.7322829
      10       1.0742071
      11      0.76175227
      12      0.49139933
      13     2.09
 
       1 0.0
       2 0.0
       3 0.0
       4 0.0
       5 0.0
       6 0.0
       7 0.0
       8 0.0
       9 0.0
      10 0.0
      11 0.0
      12 0.0
      13 0.0
 
       1     0.014937295
       2     0.018197826
       3     0.042497174
       4     0.082096697
       5     0.078954877
       6     0.076310555
       7     0.072381820
       8     0.041096815
       9     0.034382369
      10     0.022539771
      11     0.016971200
      12     0.011012281
      13   0.0426
 
       1      0.83154162
       2      0.82566274
       3      0.82501856
       4      0.82524202
       5      0.82755153
       6      0.82385032
       7      0.82338506
       8      0.82097833
       9      0.82281132
      10      0.82878227
      11      0.82987250
      12      0.83252247
      13   0.8264
 
       1    0.0026303930
       2    0.0032900142
       3    0.0075939994
       4     0.014505613
       5     0.013960711
       6     0.013869158
       7     0.013292622
       8    0.0076459253
       9    0.0062807602
      10    0.0040370043
      11    0.0029771371
      12    0.0019336275
      13   0.0077
 
       1      0.83679072
       2      0.86581787
       3      0.94985928
       4      0.97565019
       5      0.97797755
       6      0.98133353
       7      0.97232320
       8      0.97552871
       9      0.98417822
      10      0.93989556
      11      0.89969005
      12      0.89325343
      13   0.9377
 
