       1       11.432303
       2       9.4131959
       3       18.778821
       4       23.823850
       5       39.932190
       6       45.881428
       7       38.825812
       8       27.460930
       9       19.868596
      10       10.451458
      11       10.320123
      12       7.7666526
      13   263.96
 
       1       7.3506974
       2       6.8151382
       3       11.821145
       4       14.413989
       5       20.384263
       6       23.919357
       7       21.051232
       8       15.647741
       9       11.307104
      10       6.7048559
      11       7.1679408
      12       6.0790743
      13   152.66
 
       1      0.87519605
       2       1.0843944
       3       2.0983016
       4       2.8041746
       5       2.8727892
       6       2.9498126
       7       2.8217247
       8       2.3122072
       9       1.4051696
      10      0.97769663
      11       1.0806777
      12      0.74116403
      13    22.02
 
       1      0.72795154
       2       2.0161432
       3       2.9607355
       4       3.9297259
       5       5.6921268
       6       13.051288
       7       11.916134
       8       6.8759992
       9       3.1786558
      10      0.96595892
      11      0.89940583
      12       1.1214275
      13    53.34
 
       1      0.34252378
       2      0.84251741
       3       1.9339248
       4       2.8556369
       5       3.6064521
       6       5.6919483
       7       5.2566639
       8       4.5293167
       9       1.9154700
      10      0.50527423
      11     0.080101741
      12      0.17824093
      13    27.74
 
       1      0.86924559
       2       1.4386368
       3       2.6012024
       4       4.1238475
       5       3.4338219
       6       4.1645094
       7       3.5718502
       8       2.4229477
       9       1.6360076
      10      0.99372481
      11      0.93325500
      12      0.75291432
      13     2.25
 
       1 0.0
       2 0.0
       3 0.0
       4 0.0
       5 0.0
       6 0.0
       7 0.0
       8 0.0
       9 0.0
      10 0.0
      11 0.0
      12 0.0
      13 0.0
 
       1     0.018626421
       2     0.031286556
       3     0.055603375
       4     0.088427483
       5     0.069996278
       6     0.081377185
       7     0.068474894
       8     0.045821193
       9     0.031350400
      10     0.020817566
      11     0.020707281
      12     0.017105886
      13   0.0458
 
       1      0.87298720
       2      0.87210325
       3      0.86956106
       4      0.86966359
       5      0.86976337
       6      0.86638061
       7      0.86569776
       8      0.86647509
       9      0.86503078
      10      0.86961852
      11      0.87319319
      12      0.87401071
      13   0.8695
 
       1    0.0024974411
       2    0.0041481377
       3    0.0074059932
       4     0.011749354
       5    0.0095131166
       6     0.011290259
       7    0.0096272223
       8    0.0065383692
       9    0.0044556951
      10    0.0028171644
      11    0.0027164827
      12    0.0022170901
      13   0.0062
 
       1      0.77398220
       2      0.91362935
       3      0.93938096
       4      0.97364113
       5      0.97715072
       6      0.98217573
       7      0.97844375
       8      0.96350116
       9      0.97735492
      10      0.95444990
      11      0.95197024
      12      0.90608975
      13   0.9410
 
