       1       119.70788
       2       80.774121
       3       145.22354
       4       134.51648
       5       148.34255
       6       106.76230
       7       126.08874
       8       112.95745
       9       113.63675
      10       102.00879
      11       114.61864
      12       127.83140
      13  1432.47
 
       1       78.748755
       2       56.719352
       3       89.108795
       4       86.645731
       5       90.961795
       6       66.268870
       7       70.589152
       8       66.976310
       9       71.494884
      10       69.250227
      11       78.585959
      12       86.812554
      13   912.16
 
       1       8.7596123
       2       7.8805159
       3       9.5922079
       4       9.8906047
       5       9.0369756
       6       7.1754535
       7       6.5735731
       8       6.8969095
       9       8.1511106
      10       8.3531960
      11       9.6301964
      12       10.746719
      13   102.69
 
       1       8.8334040
       2       9.7306093
       3       10.945044
       4       13.791830
       5       12.806967
       6       13.097254
       7       14.962006
       8       13.941633
       9       12.278326
      10       7.7715511
      11       9.9641281
      12       12.573498
      13   140.70
 
       1       8.2167925
       2       9.9781577
       3       10.753137
       4       14.928065
       5       17.134240
       6       13.912464
       7       17.592681
       8       22.193722
       9       23.146167
      10       18.155327
      11       16.636244
      12       10.956077
      13   183.60
 
       1       8.3292808
       2       8.9141325
       3       12.889703
       4       17.973433
       5       19.543407
       6       16.724531
       7       14.964983
       8       14.721715
       9       14.575447
      10       11.856001
      11       10.429961
      12       8.5704897
      13    13.29
 
       1 0.0
       2 0.0
       3 0.0
       4 0.0
       5 0.0
       6 0.0
       7 0.0
       8 0.0
       9 0.0
      10 0.0
      11 0.0
      12 0.0
      13 0.0
 
       1     0.085583301
       2     0.093283246
       3      0.12977382
       4      0.18409735
       5      0.19733420
       6      0.16667087
       7      0.14492018
       8      0.14422793
       9      0.14429327
      10      0.11966955
      11      0.10821847
      12     0.088881636
      13   0.1339
 
       1      0.93277516
       2      0.93303734
       3      0.93146882
       4      0.93287709
       5      0.93254938
       6      0.93129181
       7      0.93201840
       8      0.93235722
       9      0.93261956
      10      0.93358655
      11      0.93459366
      12      0.93294721
      13   0.9327
 
       1    0.0060930199
       2    0.0065716523
       3    0.0093679235
       4     0.013123412
       5     0.014205620
       6     0.012132193
       7     0.010731887
       8     0.010605750
       9     0.010542905
      10    0.0086532527
      11    0.0076632266
      12    0.0062896271
      13   0.0097
 
       1      0.69308472
       2      0.68240305
       3      0.75082881
       4      0.76388587
       5      0.81569463
       6      0.82413540
       7      0.77095881
       8      0.77976079
       9      0.78823659
      10      0.69546477
      11      0.67751728
      12      0.67827197
      13   0.7434
 
