       1       10.012873
       2       11.378916
       3       21.401721
       4       22.386684
       5       45.413213
       6       41.549919
       7       39.498592
       8       27.907774
       9       19.416834
      10       10.007805
      11       5.7181584
      12       7.3226022
      13   262.02
 
       1       7.2733163
       2       8.1584334
       3       14.118114
       4       14.652802
       5       24.936013
       6       22.425286
       7       21.525949
       8       15.906451
       9       11.125904
      10       6.7096690
      11       4.5276228
      12       5.2227232
      13   156.58
 
       1      0.94259215
       2       1.3179725
       3       2.5983572
       4       2.9486221
       5       3.8734136
       6       3.0783360
       7       3.0326537
       8       2.2436850
       9       1.4274386
      10       1.0038473
      11      0.70263128
      12      0.65393532
      13    23.82
 
       1       1.6209925
       2       1.9692091
       3       4.1157090
       4       4.3985049
       5       6.2751344
       6       9.1577361
       7       12.244943
       8       7.2879449
       9       3.0476556
      10       1.1380864
      11       1.1845517
      12      0.60466068
      13    53.05
 
       1      0.27321722
       2       1.1007626
       3       2.0568191
       4       3.2902678
       5       5.4315725
       6       6.2657970
       7       6.8189745
       8       4.9208104
       9       2.6849291
      10      0.50820272
      11      0.16324217
      12     0.097704506
      13    33.61
 
       1      0.86051712
       2       1.6914988
       3       3.4736839
       4       4.4060760
       5       5.0971282
       6       4.1920949
       7       3.4760703
       8       2.5191240
       9       1.6577239
      10       1.2350688
      11      0.94495899
      12      0.55481251
      13     2.51
 
       1 0.0
       2 0.0
       3 0.0
       4 0.0
       5 0.0
       6 0.0
       7 0.0
       8 0.0
       9 0.0
      10 0.0
      11 0.0
      12 0.0
      13 0.0
 
       1     0.018810879
       2     0.036599193
       3     0.075258658
       4     0.093521283
       5      0.10824984
       6     0.084536357
       7     0.066858678
       8     0.047824226
       9     0.032019592
      10     0.027573893
      11     0.021598306
      12     0.012036491
      13   0.0521
 
       1      0.82932558
       2      0.82751789
       3      0.82708387
       4      0.82570003
       5      0.82927389
       6      0.82643306
       7      0.82235640
       8      0.82051600
       9      0.82226218
      10      0.83072230
      11      0.83325812
      12      0.83187280
      13   0.8272
 
       1    0.0033043412
       2    0.0064483825
       3     0.013207417
       4     0.016565208
       5     0.019008446
       6     0.015171204
       7     0.012319636
       8    0.0089234360
       9    0.0059467103
      10    0.0047697766
      11    0.0037256902
      12    0.0021384668
      13   0.0093
 
       1      0.89541207
       2      0.88800794
       3      0.94203038
       4      0.96634396
       5      0.98531264
       6      0.98298013
       7      0.96755619
       8      0.96437917
       9      0.96540990
      10      0.96353362
      11      0.96241551
      12      0.87098475
      13   0.9462
 
