       1       464.03430
       2       442.52119
       3       481.22249
       4       460.97230
       5       502.25683
       6       495.13343
       7       520.40880
       8       542.32513
       9       500.03936
      10       462.91848
      11       436.98610
      12       465.54517
      13  5774.36
 
       1       279.75837
       2       266.93514
       3       296.09990
       4       284.61228
       5       307.11130
       6       302.34723
       7       315.46044
       8       331.71007
       9       309.15874
      10       288.69719
      11       268.95477
      12       282.64933
      13  3533.49
 
       1       35.647457
       2       34.215210
       3       36.758678
       4       34.030210
       5       37.798089
       6       36.928723
       7       39.326164
       8       41.379954
       9       38.477368
      10       34.979871
      11       33.011259
      12       35.338486
      13   437.89
 
       1       126.47208
       2       119.99259
       3       127.29672
       4       121.65317
       5       131.27068
       6       130.75643
       7       139.46924
       8       141.44929
       9       130.28770
      10       120.99742
      11       116.15097
      12       127.25479
      13  1533.05
 
       1       20.998394
       2       21.234808
       3       21.677156
       4       20.559538
       5       25.322470
       6       24.934591
       7       26.300574
       8       26.663426
       9       22.661976
      10       19.711465
      11       18.755271
      12       20.398758
      13   269.22
 
       1       5.6879996
       2       6.0675820
       3       5.7372943
       4       5.5373457
       5       5.9864216
       6       6.2876950
       7       6.4236738
       8       6.7738458
       9       6.3691640
      10       5.5318334
      11       5.4722588
      12       5.6712407
      13     5.96
 
       1 0.0
       2 0.0
       3 0.0
       4 0.0
       5 0.0
       6 0.0
       7 0.0
       8 0.0
       9 0.0
      10 0.0
      11 0.0
      12 0.0
      13 0.0
 
       1     0.023440689
       2     0.024912729
       3     0.024001536
       4     0.022965379
       5     0.024366629
       6     0.025687211
       7     0.026005563
       8     0.027757227
       9     0.026471547
      10     0.023094686
      11     0.022768796
      12     0.023411074
      13   0.0246
 
       1       1.0000000
       2       1.0000000
       3       1.0000000
       4       1.0000000
       5       1.0000000
       6       1.0000000
       7       1.0000000
       8       1.0000000
       9       1.0000000
      10       1.0000000
      11       1.0000000
      12       1.0000000
      13   1.0000
 
       1       0.0000000
       2       0.0000000
       3       0.0000000
       4       0.0000000
       5       0.0000000
       6       0.0000000
       7       0.0000000
       8       0.0000000
       9       0.0000000
      10       0.0000000
      11       0.0000000
      12       0.0000000
      13   0.0000
 
       1      0.72787906
       2      0.71048184
       3      0.67186721
       4      0.63476258
       5      0.59855559
       6      0.60776835
       7      0.63989862
       8      0.65532199
       9      0.67736729
      10      0.69647672
      11      0.70817405
      12      0.71718742
      13   0.6705
 
