       1       12.410971
       2       12.020245
       3       19.185136
       4       25.965485
       5       33.604435
       6       50.131713
       7       38.006858
       8       23.711378
       9       17.140178
      10       11.050306
      11       7.1317778
      12       6.0727046
      13   256.43
 
       1       8.4875474
       2       8.0841692
       3       12.381633
       4       17.368566
       5       18.917598
       6       24.938980
       7       20.511318
       8       13.881145
       9       10.184596
      10       7.4361455
      11       5.2264515
      12       4.8629309
      13   152.28
 
       1       1.1710154
       2       1.0094692
       3       2.0865320
       4       3.7344097
       5       2.8382232
       6       2.9321866
       7       2.9389300
       8       2.0240872
       9       1.4489094
      10       1.0288031
      11      0.72113426
      12      0.67059429
      13    22.60
 
       1      0.45983718
       2       1.1027875
       3       2.4727483
       4       6.5765556
       5       5.5570253
       6       13.274703
       7       12.306302
       8       4.9365755
       9       2.7559887
      10      0.88572396
      11      0.66003333
      12      0.77186205
      13    51.76
 
       1      0.27555462
       2      0.37567516
       3       1.6433536
       4       4.7064095
       5       4.6020927
       6       6.6567448
       7       6.8214536
       8       3.4766617
       9       2.1595775
      10      0.63548865
      11      0.12672575
      12      0.21546631
      13    31.70
 
       1      0.78656171
       2       1.1410253
       3       2.7431494
       4       5.3022240
       5       3.6025195
       6       3.9409973
       7       3.3158400
       8       2.1529698
       9       1.5810756
      10       1.1760050
      11      0.71835131
      12      0.56945908
      13     2.25
 
       1 0.0
       2 0.0
       3 0.0
       4 0.0
       5 0.0
       6 0.0
       7 0.0
       8 0.0
       9 0.0
      10 0.0
      11 0.0
      12 0.0
      13 0.0
 
       1     0.022446537
       2     0.030263225
       3     0.076583755
       4      0.14593184
       5     0.095005188
       6     0.097524377
       7     0.081196691
       8     0.052234205
       9     0.039837735
      10     0.032061262
      11     0.020719041
      12     0.016029714
      13   0.0592
 
       1      0.89282027
       2      0.88666999
       3      0.88762662
       4      0.88679635
       5      0.88626673
       6      0.88204814
       7      0.88441834
       8      0.88292923
       9      0.88365202
      10      0.88717128
      11      0.88900954
      12      0.89041560
      13   0.8867
 
       1    0.0025567746
       2    0.0035955937
       3    0.0087780460
       4     0.016875689
       5     0.011190485
       6     0.011794628
       7    0.0099304229
       8    0.0064609534
       9    0.0048381010
      10    0.0037534943
      11    0.0023572493
      12    0.0018597429
      13   0.0070
 
       1      0.81620123
       2      0.82749910
       3      0.94576399
       4      0.98203666
       5      0.98570558
       6      0.98604771
       7      0.97848470
       8      0.97013245
       9      0.97798174
      10      0.95276956
      11      0.95220903
      12      0.87599311
      13   0.9376
 
