       1       10.733950
       2       12.250778
       3       20.877446
       4       20.017788
       5       38.528073
       6       43.802578
       7       35.649735
       8       23.614114
       9       16.066121
      10       12.375594
      11       7.6686170
      12       8.2371588
      13   249.82
 
       1       6.9897188
       2       8.2646845
       3       12.994304
       4       13.005052
       5       20.715329
       6       22.664892
       7       19.280852
       8       13.851287
       9       9.3930030
      10       7.8479987
      11       5.5597371
      12       6.1748693
      13   146.74
 
       1      0.90474849
       2       1.2038336
       3       1.9366108
       4       2.6725340
       5       3.0588763
       6       2.9759902
       7       2.6989260
       8       2.0517762
       9       1.2488131
      10       1.0861432
      11      0.74023047
      12      0.71172297
      13    21.29
 
       1      0.79394073
       2      0.90222379
       3       2.6589154
       4       3.8120243
       5       7.0038660
       6       10.535454
       7       10.873173
       8       6.0548370
       9       2.1150163
      10      0.93818875
      11      0.62120002
      12      0.67566040
      13    46.98
 
       1      0.34875335
       2      0.27570346
       3       1.1666238
       4       3.1946659
       5       4.5284649
       6       6.2894703
       7       6.9382927
       8       4.2952457
       9       1.9307221
      10      0.45792386
      11     0.084909625
      12     0.043784693
      13    29.55
 
       1      0.59821488
       2       1.0445960
       3       2.7647578
       4       3.9449364
       5       4.3124883
       6       3.9425834
       7       2.9721203
       8       2.1886073
       9       1.3803510
      10       1.1159213
      11      0.69523126
      12      0.50952095
      13     2.12
 
       1 0.0
       2 0.0
       3 0.0
       4 0.0
       5 0.0
       6 0.0
       7 0.0
       8 0.0
       9 0.0
      10 0.0
      11 0.0
      12 0.0
      13 0.0
 
       1     0.016615429
       2     0.028642792
       3     0.072946552
       4      0.10713036
       5      0.11409810
       6     0.099098570
       7     0.071171433
       8     0.052601497
       9     0.034356820
      10     0.030433138
      11     0.019763815
      12     0.014780542
      13   0.0551
 
       1      0.88989995
       2      0.88817828
       3      0.88303699
       4      0.88478533
       5      0.88510328
       6      0.88385738
       7      0.88435507
       8      0.88239721
       9      0.88258669
      10      0.88769311
      11      0.88985972
      12      0.89138553
      13   0.8861
 
       1    0.0019193752
       2    0.0033370866
       3    0.0086590448
       4     0.012520247
       5     0.013392437
       6     0.011922350
       7    0.0088124536
       8    0.0065348857
       9    0.0042064972
      10    0.0035551052
      11    0.0022674973
      12    0.0016748397
      13   0.0066
 
       1      0.87774383
       2      0.90250537
       3      0.95383847
       4      0.98033487
       5      0.98197316
       6      0.98576468
       7      0.96740128
       8      0.96704472
       9      0.97658294
      10      0.95622306
      11      0.93920600
      12      0.92466685
      13   0.9511
 
