       1       481.74228
       2       435.40636
       3       469.72213
       4       483.60411
       5       509.93657
       6       483.34652
       7       522.35201
       8       526.60673
       9       484.06624
      10       466.60636
      11       476.42767
      12       457.76514
      13  5797.58
 
       1       287.45735
       2       268.25588
       3       287.99920
       4       298.27426
       5       311.52453
       6       288.76867
       7       317.36908
       8       322.75405
       9       298.93322
      10       288.99395
      11       291.26012
      12       281.87790
      13  3543.47
 
       1       37.502147
       2       33.736758
       3       35.483524
       4       36.463088
       5       38.013204
       6       36.592410
       7       39.449381
       8       40.283825
       9       36.844412
      10       34.853761
      11       36.093752
      12       34.089316
      13   439.41
 
       1       133.26744
       2       115.99859
       3       124.81043
       4       125.55932
       5       134.20160
       6       131.18906
       7       141.59601
       8       138.40719
       9       125.37050
      10       122.37088
      11       126.76487
      12       122.20959
      13  1541.75
 
       1       22.651891
       2       18.119021
       3       20.918018
       4       23.680027
       5       25.825885
       6       25.194530
       7       25.822232
       8       25.190542
       9       22.768932
      10       20.605135
      11       21.916728
      12       19.915331
      13   272.61
 
       1       6.0627479
       2       5.8937795
       3       5.6760526
       4       5.8052125
       5       5.9828037
       6       6.1812164
       7       6.5156032
       8       6.5040328
       9       6.1732503
      10       5.5828518
      11       5.9131926
      12       5.4146317
      13     5.98
 
       1 0.0
       2 0.0
       3 0.0
       4 0.0
       5 0.0
       6 0.0
       7 0.0
       8 0.0
       9 0.0
      10 0.0
      11 0.0
      12 0.0
      13 0.0
 
       1     0.024696990
       2     0.024702534
       3     0.023684640
       4     0.024087595
       5     0.024521574
       6     0.024720104
       7     0.026553268
       8     0.026843346
       9     0.025612346
      10     0.023224050
      11     0.024430070
      12     0.022606623
      13   0.0246
 
       1       1.0000000
       2       1.0000000
       3       1.0000000
       4       1.0000000
       5       1.0000000
       6       1.0000000
       7       1.0000000
       8       1.0000000
       9       1.0000000
      10       1.0000000
      11       1.0000000
      12       1.0000000
      13   1.0000
 
       1       0.0000000
       2       0.0000000
       3       0.0000000
       4       0.0000000
       5       0.0000000
       6       0.0000000
       7       0.0000000
       8       0.0000000
       9       0.0000000
      10       0.0000000
      11       0.0000000
      12       0.0000000
      13   0.0000
 
       1      0.74322979
       2      0.69954799
       3      0.66860826
       4      0.64594253
       5      0.61280289
       6      0.61749180
       7      0.64456047
       8      0.67553250
       9      0.68935200
      10      0.70253528
      11      0.71373157
      12      0.73371835
      13   0.6789
 
