       1       111.88426
       2       147.22892
       3       160.95903
       4       148.78792
       5       160.93669
       6       137.25814
       7       127.22671
       8       110.18618
       9       91.823092
      10       70.720803
      11       87.099055
      12       89.824625
      13  1443.94
 
       1       80.148621
       2       92.897153
       3       105.32027
       4       93.061763
       5       99.389515
       6       83.200670
       7       70.826305
       8       64.407451
       9       58.164799
      10       47.468736
      11       60.062031
      12       62.058190
      13   917.01
 
       1       11.601176
       2       9.3156496
       3       11.752898
       4       8.8380914
       5       9.5461196
       6       7.2612095
       7       6.2499835
       8       6.3435289
       9       6.2539990
      10       5.5027052
      11       6.7111561
      12       7.0350613
      13    96.41
 
       1       15.703468
       2       10.310700
       3       15.197707
       4       11.505862
       5       13.609307
       6       14.353575
       7       13.336172
       8       12.978489
       9       9.1687166
      10       4.8047573
      11       7.7553537
      12       7.8500903
      13   136.57
 
       1       11.039089
       2       10.737009
       3       14.367338
       4       14.634829
       5       18.400885
       6       18.380347
       7       19.945762
       8       20.135931
       9       18.880018
      10       12.028552
      11       11.658830
      12       7.9673938
      13   178.18
 
       1       9.0585940
       2       12.422921
       3       17.434136
       4       19.320443
       5       23.865439
       6       23.419181
       7       16.325184
       8       15.124306
       9       12.272029
      10       8.1221447
      11       8.1629684
      12       6.4272933
      13    14.33
 
       1 0.0
       2 0.0
       3 0.0
       4 0.0
       5 0.0
       6 0.0
       7 0.0
       8 0.0
       9 0.0
      10 0.0
      11 0.0
      12 0.0
      13 0.0
 
       1     0.099092749
       2      0.13278040
       3      0.18804040
       4      0.20502802
       5      0.25181229
       6      0.24689106
       7      0.16479143
       8      0.15275296
       9      0.12398917
      10     0.081767991
      11     0.083888016
      12     0.067022517
      13   0.1498
 
       1      0.83110573
       2      0.83264762
       3      0.83291398
       4      0.83380349
       5      0.83210683
       6      0.83075013
       7      0.83201151
       8      0.83080949
       9      0.83093403
      10      0.83087023
      11      0.83120390
      12      0.83197911
      13   0.8318
 
       1     0.017087471
       2     0.023146485
       3     0.032614270
       4     0.035910085
       5     0.044360943
       6     0.043438312
       7     0.029702605
       8     0.027512875
       9     0.022433500
      10     0.014938693
      11     0.015110473
      12     0.011984421
      13   0.0265
 
       1      0.69891474
       2      0.69762029
       3      0.78242239
       4      0.77955699
       5      0.83420112
       6      0.86998981
       7      0.80799963
       8      0.81527768
       9      0.76383516
      10      0.64548107
      11      0.62701967
      12      0.62542531
      13   0.7456
 
