       1       11.661404
       2       12.696862
       3       16.058335
       4       22.851819
       5       36.154927
       6       48.008160
       7       43.047918
       8       25.973002
       9       22.976523
      10       10.622570
      11       7.0159340
      12       8.4301855
      13   265.50
 
       1       8.0738263
       2       8.8897531
       3       10.558546
       4       13.837040
       5       19.484134
       6       24.571763
       7       22.712170
       8       14.177913
       9       13.035315
      10       7.0251369
      11       5.1645342
      12       6.1763769
      13   153.71
 
       1       1.0099683
       2       1.3760616
       3       1.8884260
       4       2.6835945
       5       2.8014726
       6       3.0934073
       7       3.0804992
       8       2.0383885
       9       1.5849438
      10       1.0208651
      11      0.70375766
      12      0.77991331
      13    22.06
 
       1       1.3306135
       2       1.2621534
       3       2.1603434
       4       3.5268898
       5       5.6255016
       6       15.439641
       7       16.527110
       8       7.1811143
       9       4.1732841
      10       1.0843961
      11      0.64560562
      12      0.81189180
      13    59.77
 
       1      0.35686109
       2      0.27138964
       3       1.3567960
       4       2.4629583
       5       4.2186398
       6       6.7394227
       7       7.4385233
       8       4.3696534
       9       2.3368509
      10      0.54430641
      11      0.16343854
      12      0.26743230
      13    30.53
 
       1      0.84975475
       2       1.3573639
       3       2.2887566
       4       3.7035677
       5       3.9553814
       6       4.1641640
       7       3.7766149
       8       2.1574078
       9       1.8721953
      10       1.0869879
      11      0.78110718
      12      0.69069220
      13     2.22
 
       1 0.0
       2 0.0
       3 0.0
       4 0.0
       5 0.0
       6 0.0
       7 0.0
       8 0.0
       9 0.0
      10 0.0
      11 0.0
      12 0.0
      13 0.0
 
       1     0.018293490
       2     0.030509761
       3     0.048072319
       4     0.078089032
       5     0.082728971
       6     0.082807871
       7     0.072876528
       8     0.040878672
       9     0.036452796
      10     0.023403365
      11     0.017012218
      12     0.015203900
      13   0.0455
 
       1      0.82913299
       2      0.83062628
       3      0.82304527
       4      0.82430306
       5      0.82692070
       6      0.82543925
       7      0.82506637
       8      0.82294068
       9      0.82230487
      10      0.82980528
      11      0.83005918
      12      0.82949292
      13   0.8266
 
       1    0.0032380882
       2    0.0052500959
       3    0.0086363199
       4     0.013887581
       5     0.014634477
       6     0.014930886
       7     0.013361102
       8    0.0076247218
       9    0.0067327557
      10    0.0041280227
      11    0.0030129158
      12    0.0026774235
      13   0.0082
 
       1      0.87332651
       2      0.92110961
       3      0.93424055
       4      0.96649430
       5      0.98115029
       6      0.98068253
       7      0.97046273
       8      0.97021104
       9      0.97382717
      10      0.95959878
      11      0.92397473
      12      0.86467965
      13   0.9433
 
