       1       6.3950613
       2       9.0628288
       3       19.930780
       4       22.513126
       5       29.383707
       6       47.986276
       7       43.499039
       8       25.837455
       9       18.464908
      10       8.6608103
      11       8.1088547
      12       10.275157
      13   250.12
 
       1       4.7562935
       2       6.2883525
       3       12.695779
       4       12.886778
       5       16.507834
       6       24.153876
       7       23.081204
       8       15.230046
       9       10.981448
      10       5.9011859
      11       5.9392382
      12       7.4355082
      13   145.86
 
       1      0.60246785
       2      0.86948314
       3       2.2703800
       4       2.4536782
       5       2.6643505
       6       2.8985133
       7       2.9801674
       8       2.1245805
       9       1.5060377
      10      0.89516643
      11      0.82210077
      12      0.91675337
      13    21.00
 
       1      0.59854344
       2      0.85376231
       3       3.2563846
       4       3.5598323
       5       4.3717334
       6       13.206536
       7       14.709920
       8       5.7871522
       9       3.2266600
      10      0.81956469
      11      0.76136927
      12      0.69218794
      13    51.84
 
       1      0.12719238
       2      0.48805578
       3       2.1758123
       4       2.7972792
       5       3.0991931
       6       6.4952981
       7       6.6366077
       8       4.2734017
       9       2.3075811
      10      0.41029349
      11      0.10786968
      12      0.11180904
      13    29.03
 
       1      0.50868664
       2       1.1725801
       3       2.4314684
       4       2.9942961
       5       3.5717313
       6       3.7022317
       7       3.6729047
       8       2.4401191
       9       1.6387974
      10       1.0599844
      11      0.80283246
      12      0.64351417
      13     2.05
 
       1 0.0
       2 0.0
       3 0.0
       4 0.0
       5 0.0
       6 0.0
       7 0.0
       8 0.0
       9 0.0
      10 0.0
      11 0.0
      12 0.0
      13 0.0
 
       1     0.013702746
       2     0.030851530
       3     0.065004514
       4     0.078893081
       5     0.094857001
       6     0.089264900
       7     0.087210244
       8     0.058973442
       9     0.039953153
      10     0.028368901
      11     0.023321183
      12     0.018459928
      13   0.0524
 
       1      0.85264234
       2      0.84675941
       3      0.84860737
       4      0.84798111
       5      0.85036478
       6      0.84589070
       7      0.84673520
       8      0.84556493
       9      0.84550515
      10      0.84994141
      11      0.85553997
      12      0.85686436
      13   0.8494
 
       1    0.0021284269
       2    0.0048562878
       3     0.010017718
       4     0.012218678
       5     0.014534299
       6     0.014214673
       7     0.014029957
       8    0.0094840996
       9    0.0064351458
      10    0.0044073153
      11    0.0034725192
      12    0.0027616834
      13   0.0082
 
       1      0.81764065
       2      0.86090458
       3      0.94156801
       4      0.97450262
       5      0.98641710
       6      0.98292143
       7      0.98004122
       8      0.98088166
       9      0.98013921
      10      0.95750771
      11      0.96053072
      12      0.93169472
      13   0.9462
 
