       1       8.3916370
       2       11.822114
       3       19.646209
       4       21.456518
       5       31.655283
       6       45.697000
       7       36.913966
       8       22.871741
       9       16.440686
      10       10.023290
      11       6.1582404
      12       7.1430899
      13   238.22
 
       1       6.2202049
       2       7.8107597
       3       13.053737
       4       12.724701
       5       17.007441
       6       23.346566
       7       19.949845
       8       13.444176
       9       9.4950405
      10       6.7566679
      11       4.6833090
      12       5.4152869
      13   139.91
 
       1      0.84491401
       2       1.0785059
       3       2.1958644
       4       2.3200077
       5       2.5803750
       6       2.7835307
       7       2.7395325
       8       2.0343791
       9       1.2372048
      10       1.0376487
      11      0.67881502
      12      0.71987242
      13    20.25
 
       1       1.0204459
       2      0.85847569
       3       2.4936518
       4       4.0316219
       5       4.7615380
       6       12.852027
       7       10.538347
       8       5.0098248
       9       2.2257937
      10      0.90840056
      11      0.84499293
      12       1.2846475
      13    46.83
 
       1      0.10588419
       2      0.22775775
       3       1.5991485
       4       3.2625293
       5       3.8762837
       6       6.1387048
       7       5.2385127
       8       3.5840002
       9       1.7135531
      10      0.29839003
      11      0.15841300
      12      0.29459544
      13    26.50
 
       1      0.74670217
       2       1.0188180
       3       2.4078692
       4       2.8541611
       5       3.3007005
       6       3.6514676
       7       3.1401444
       8       2.1611098
       9       1.3891473
      10       1.0981978
      11      0.70548080
      12      0.72439246
      13     1.93
 
       1 0.0
       2 0.0
       3 0.0
       4 0.0
       5 0.0
       6 0.0
       7 0.0
       8 0.0
       9 0.0
      10 0.0
      11 0.0
      12 0.0
      13 0.0
 
       1     0.015916886
       2     0.021180723
       3     0.048758479
       4     0.056648595
       5     0.065964575
       6     0.069072440
       7     0.058520538
       8     0.040267792
       9     0.026425667
      10     0.023112663
      11     0.015166662
      12     0.015329489
      13   0.0380
 
       1      0.93193564
       2      0.93134983
       3      0.92964390
       4      0.92840665
       5      0.92963048
       6      0.92865977
       7      0.92841152
       8      0.92734106
       9      0.92732957
      10      0.93130481
      11      0.93287234
      12      0.93317236
      13   0.9300
 
       1    0.0011235865
       2    0.0015155827
       3    0.0035415841
       4    0.0041751616
       5    0.0048146291
       6    0.0052135461
       7    0.0044668743
       8    0.0030926956
       9    0.0020058888
      10    0.0016464793
      11    0.0010671102
      12    0.0010887150
      13   0.0028
 
       1      0.88068612
       2      0.86185210
       3      0.93062063
       4      0.96547073
       5      0.97474124
       6      0.97441154
       7      0.97131064
       8      0.96888896
       9      0.98168799
      10      0.97104628
      11      0.92665048
      12      0.88429676
      13   0.9410
 
