       1       475.73829
       2       473.15331
       3       492.52892
       4       460.88171
       5       508.23468
       6       511.00082
       7       556.79634
       8       507.74945
       9       482.58369
      10       444.97346
      11       452.00848
      12       490.70058
      13  5856.35
 
       1       283.88726
       2       287.46906
       3       305.68290
       4       283.45880
       5       309.75905
       6       312.18699
       7       338.07739
       8       312.42154
       9       298.06329
      10       274.74433
      11       278.45631
      12       298.80379
      13  3583.01
 
       1       36.616080
       2       36.900392
       3       37.589944
       4       34.890879
       5       37.902568
       6       38.506058
       7       42.217651
       8       38.794292
       9       37.201112
      10       33.308035
      11       33.729227
      12       37.802375
      13   445.46
 
       1       131.05318
       2       129.24613
       3       130.96716
       4       119.91731
       5       133.08139
       6       134.48365
       7       148.87599
       8       132.59541
       9       127.31384
      10       116.44350
      11       121.04499
      12       131.58464
      13  1556.61
 
       1       23.149510
       2       18.660918
       3       21.102433
       4       22.109777
       5       25.929443
       6       25.835363
       7       27.196662
       8       24.895169
       9       20.358675
      10       20.169473
      11       19.390076
      12       21.855717
      13   270.65
 
       1       5.7809154
       2       6.4545670
       3       5.9954418
       4       5.6239263
       5       5.8742860
       6       6.5144640
       7       6.8296464
       8       6.3362292
       9       6.1141748
      10       5.3054556
      11       5.5331079
      12       6.0797325
      13     6.04
 
       1 0.0
       2 0.0
       3 0.0
       4 0.0
       5 0.0
       6 0.0
       7 0.0
       8 0.0
       9 0.0
      10 0.0
      11 0.0
      12 0.0
      13 0.0
 
       1     0.023630600
       2     0.026767456
       3     0.025273216
       4     0.023448005
       5     0.024015867
       6     0.026676609
       7     0.027998165
       8     0.026266599
       9     0.025313074
      10     0.022099565
      11     0.023052320
      12     0.025133771
      13   0.0250
 
       1       1.0000000
       2       1.0000000
       3       1.0000000
       4       1.0000000
       5       1.0000000
       6       1.0000000
       7       1.0000000
       8       1.0000000
       9       1.0000000
      10       1.0000000
      11       1.0000000
      12       1.0000000
      13   1.0000
 
       1       0.0000000
       2       0.0000000
       3       0.0000000
       4       0.0000000
       5       0.0000000
       6       0.0000000
       7       0.0000000
       8       0.0000000
       9       0.0000000
      10       0.0000000
      11       0.0000000
      12       0.0000000
      13   0.0000
 
       1      0.71341276
       2      0.71380882
       3      0.67844996
       4      0.62932797
       5      0.61830992
       6      0.60445512
       7      0.63347318
       8      0.66532352
       9      0.68709353
      10      0.69747406
      11      0.69552791
      12      0.70897639
      13   0.6705
 
