       1       26.028501
       2       26.750444
       3       25.201009
       4       21.233739
       5       20.023520
       6       20.144507
       7       17.886137
       8       16.158191
       9       11.456190
      10       10.957942
      11       19.421429
      12       27.335783
      13   242.60
 
       1       13.574988
       2       14.494958
       3       13.666407
       4       12.089821
       5       12.034602
       6       12.260873
       7       10.547695
       8       9.8414344
       9       6.8568278
      10       6.2461924
      11       10.206372
      12       13.843662
      13   135.66
 
       1       2.1462020
       2       2.1667165
       3       2.1127827
       4       1.7326143
       5       1.6974499
       6       1.6298308
       7       1.2940055
       8       1.2069699
       9      0.92067512
      10      0.93871431
      11       1.4755241
      12       2.2350915
      13    19.56
 
       1       8.6922869
       2       8.7120913
       3       8.2300097
       4       6.5589945
       5       5.3141475
       6       5.8653834
       7       5.8390136
       8       5.1081895
       9       3.7449999
      10       3.5277867
      11       6.1724404
      12       9.0090879
      13    76.77
 
       1       1.1819676
       2       1.2477235
       3       1.7313063
       4      0.91148047
       5      0.70920923
       6      0.63854872
       7      0.68486776
       8      0.86028867
       9      0.89856664
      10       1.0425531
      11       1.3127847
      12       1.6080618
      13    12.83
 
       1      0.38785101
       2      0.43789492
       3      0.38239064
       4      0.37707111
       5      0.39207242
       6      0.40496856
       7      0.31703721
       8      0.28267034
       9      0.20247430
      10      0.17740831
      11      0.25687367
      12      0.39434073
      13     0.33
 
       1 0.0
       2 0.0
       3 0.0
       4 0.0
       5 0.0
       6 0.0
       7 0.0
       8 0.0
       9 0.0
      10 0.0
      11 0.0
      12 0.0
      13 0.0
 
       1     0.014208523
       2     0.016163711
       3     0.014500655
       4     0.014603681
       5     0.015286744
       6     0.016475263
       7     0.012976496
       8     0.011993405
       9    0.0083736864
      10    0.0068114013
      11    0.0097740262
      12     0.014415641
      13   0.0130
 
       1       1.0000000
       2       1.0000000
       3       1.0000000
       4       1.0000000
       5       1.0000000
       6       1.0000000
       7       1.0000000
       8       1.0000000
       9       1.0000000
      10       1.0000000
      11       1.0000000
      12       1.0000000
      13   1.0000
 
       1       0.0000000
       2       0.0000000
       3       0.0000000
       4       0.0000000
       5       0.0000000
       6       0.0000000
       7       0.0000000
       8       0.0000000
       9       0.0000000
      10       0.0000000
      11       0.0000000
      12       0.0000000
      13   0.0000
 
       1      0.26940755
       2      0.22425705
       3      0.23791915
       4      0.27971247
       5      0.14625021
       6     0.098644166
       7      0.13469080
       8      0.17377857
       9      0.20174296
      10      0.26622099
      11      0.30434150
      12      0.32266523
      13   0.2216
 
