       1       8.8873744
       2       14.074549
       3       16.934013
       4       20.631383
       5       45.559129
       6       44.767178
       7       41.934488
       8       24.965396
       9       21.706760
      10       10.251042
      11       9.1430526
      12       6.7599618
      13   265.61
 
       1       6.1034974
       2       9.6023989
       3       11.749929
       4       13.151840
       5       24.458889
       6       22.059775
       7       21.501886
       8       14.017013
       9       12.335921
      10       6.9756939
      11       6.6415073
      12       5.2790437
      13   153.88
 
       1      0.71578140
       2       1.3519630
       3       2.2224295
       4       2.8100620
       5       3.6768278
       6       2.7034527
       7       2.7948299
       8       1.8719960
       9       1.5604774
      10       1.0843426
      11       1.0015638
      12      0.80939342
      13    22.60
 
       1      0.49036212
       2       1.4092989
       3       4.2499585
       4       4.6351959
       5       7.6938788
       6       13.142740
       7       15.450297
       8       6.1748358
       9       3.7322377
      10       1.1905606
      11       1.2858339
      12       1.3807976
      13    60.84
 
       1      0.13190601
       2      0.52198561
       3       2.1821981
       4       3.0453230
       5       4.9859900
       6       6.1026579
       7       6.4968054
       8       3.7924896
       9       2.4698457
      10      0.44739815
      11      0.20365335
      12      0.42507716
      13    30.81
 
       1      0.62516503
       2       1.4051868
       3       2.8191416
       4       3.8576192
       5       4.7264411
       6       3.4134558
       7       3.3728617
       8       2.1446304
       9       1.9157978
      10       1.1468263
      11      0.94973811
      12      0.67578742
      13     2.25
 
       1 0.0
       2 0.0
       3 0.0
       4 0.0
       5 0.0
       6 0.0
       7 0.0
       8 0.0
       9 0.0
      10 0.0
      11 0.0
      12 0.0
      13 0.0
 
       1     0.017776221
       2     0.038733036
       3     0.077482679
       4      0.10538983
       5      0.12529011
       6     0.084011690
       7     0.081724757
       8     0.051946624
       9     0.048001104
      10     0.031171847
      11     0.027155042
      12     0.019334197
      13   0.0590
 
       1      0.89019710
       2      0.88835808
       3      0.88594788
       4      0.88610612
       5      0.88547840
       6      0.88558210
       7      0.88352106
       8      0.88380369
       9      0.88353432
      10      0.88755860
      11      0.89068234
      12      0.88978989
      13   0.8867
 
       1    0.0020286572
       2    0.0044984349
       3    0.0089915173
       4     0.012260631
       5     0.014700078
       6     0.010187463
       7     0.010034406
       8    0.0064156230
       9    0.0058373936
      10    0.0036499778
      11    0.0030924163
      12    0.0022072914
      13   0.0070
 
       1      0.90963496
       2      0.91523856
       3      0.96707627
       4      0.98396307
       5      0.98576838
       6      0.98485692
       7      0.97657605
       8      0.96991824
       9      0.98062581
      10      0.96397832
      11      0.93466633
      12      0.90345701
      13   0.9563
 
