       1       12.956682
       2       8.1844900
       3       20.272742
       4       25.359797
       5       42.699155
       6       46.392034
       7       34.224871
       8       26.208571
       9       18.514665
      10       11.500262
      11       9.7150293
      12       8.0514667
      13   264.08
 
       1       9.2457995
       2       6.2252903
       3       12.689013
       4       15.790023
       5       22.582053
       6       24.071895
       7       19.204856
       8       14.659389
       9       10.718036
      10       7.2817460
      11       6.9843383
      12       6.1804746
      13   155.63
 
       1       1.2536012
       2       1.0392987
       3       2.2023155
       4       3.1100349
       5       3.2469611
       6       2.9729750
       7       2.8026614
       8       2.0360024
       9       1.4125849
      10       1.0548277
      11       1.0038657
      12      0.84247378
      13    22.98
 
       1      0.61568756
       2       1.0577235
       3       3.1398427
       4       5.1293329
       5       7.0899376
       6       12.907149
       7       9.9383241
       8       5.9660446
       9       3.2192318
      10      0.81912552
      11      0.92327594
      12      0.99872542
      13    51.80
 
       1      0.27871619
       2      0.46915559
       3       1.7712419
       4       4.0946134
       5       3.7673109
       6       6.1419048
       7       5.5694836
       8       4.4021668
       9       2.1459261
      10      0.43137033
      11      0.12873684
      12      0.13593934
      13    29.34
 
       1      0.91087592
       2       1.4291211
       3       2.4741155
       4       4.5818388
       5       3.9918109
       6       4.1720346
       7       3.2219781
       8       2.2883700
       9       1.7355576
      10       1.0396809
      11      0.82427811
      12      0.69586708
      13     2.28
 
       1 0.0
       2 0.0
       3 0.0
       4 0.0
       5 0.0
       6 0.0
       7 0.0
       8 0.0
       9 0.0
      10 0.0
      11 0.0
      12 0.0
      13 0.0
 
       1     0.020501081
       2     0.031477334
       3     0.051906757
       4     0.098297407
       5     0.082935356
       6     0.082419265
       7     0.062132712
       8     0.043570779
       9     0.034773292
      10     0.021928526
      11     0.017841740
      12     0.015488513
      13   0.0469
 
       1      0.83533310
       2      0.82795016
       3      0.82410777
       4      0.82679650
       5      0.82705172
       6      0.82538461
       7      0.82519110
       8      0.82033533
       9      0.82499684
      10      0.83036426
      11      0.83048094
      12      0.83310288
      13   0.8276
 
       1    0.0035275189
       2    0.0055195307
       3    0.0092812182
       4     0.017289413
       5     0.014670304
       6     0.014930783
       7     0.011444012
       8    0.0081032053
       9    0.0063300779
      10    0.0039351367
      11    0.0031672495
      12    0.0026989001
      13   0.0084
 
       1      0.88554115
       2      0.93412371
       3      0.94566564
       4      0.97354485
       5      0.98468784
       6      0.98101325
       7      0.97551264
       8      0.96953624
       9      0.98416504
      10      0.94784220
      11      0.92543709
      12      0.87690162
      13   0.9487
 
