       1       10.477156
       2       11.639133
       3       16.204960
       4       22.500601
       5       31.926515
       6       49.057434
       7       41.359463
       8       29.008585
       9       19.413918
      10       10.118892
      11       6.4401096
      12       6.1419822
      13   254.29
 
       1       7.3770606
       2       8.3588524
       3       10.648729
       4       13.175498
       5       16.679179
       6       24.656894
       7       22.252116
       8       16.144681
       9       11.151877
      10       6.5359364
      11       4.8687321
      12       4.6247520
      13   146.47
 
       1      0.96593887
       2       1.4804116
       3       1.9950957
       4       2.5447726
       5       2.5180564
       6       3.0085843
       7       3.2233254
       8       2.3273388
       9       1.4726122
      10      0.92746981
      11      0.65326249
      12      0.67266279
      13    21.79
 
       1       1.3203466
       2       2.6866129
       3       2.4552133
       4       3.2541892
       5       5.1208599
       6       12.632609
       7       13.406587
       8       8.1188790
       9       3.5888247
      10      0.89227758
      11      0.77666293
      12      0.93738551
      13    55.19
 
       1      0.41557205
       2       1.1844568
       3       2.2073208
       4       2.3981881
       5       3.0756937
       6       6.2335506
       7       6.7834431
       8       4.2204625
       9       2.5139219
      10      0.46815411
      11      0.14772017
      12      0.21796894
      13    29.87
 
       1      0.90826940
       2       1.6773832
       3       2.1870636
       4       2.9988257
       5       3.1779668
       6       3.9494721
       7       3.4383988
       8       2.4031408
       9       1.6853834
      10      0.86655641
      11      0.70068563
      12      0.57978850
      13     2.05
 
       1 0.0
       2 0.0
       3 0.0
       4 0.0
       5 0.0
       6 0.0
       7 0.0
       8 0.0
       9 0.0
      10 0.0
      11 0.0
      12 0.0
      13 0.0
 
       1     0.019956000
       2     0.037034331
       3     0.045441615
       4     0.063859506
       5     0.064537482
       6     0.076362647
       7     0.065107191
       8     0.045260798
       9     0.032294668
      10     0.017379415
      11     0.015122648
      12     0.013065335
      13   0.0413
 
       1      0.87361394
       2      0.87187905
       3      0.86643026
       4      0.86859585
       5      0.86739624
       6      0.86502488
       7      0.86633063
       8      0.86555889
       9      0.86276039
      10      0.86848482
      11      0.87126002
      12      0.87403167
      13   0.8684
 
       1    0.0026414371
       2    0.0048787001
       3    0.0061833058
       4    0.0085359736
       5    0.0088208256
       6     0.010664901
       7    0.0092183919
       8    0.0064724218
       9    0.0045893026
      10    0.0024241644
      11    0.0020275644
      12    0.0017040811
      13   0.0057
 
       1      0.86039201
       2      0.91606806
       3      0.92585348
       4      0.96395924
       5      0.98131261
       6      0.98352165
       7      0.96615546
       8      0.95775553
       9      0.96915884
      10      0.93197788
      11      0.90995554
      12      0.91983802
      13   0.9405
 
