       1       76.110221
       2       67.292124
       3       55.049667
       4       33.582027
       5       24.354322
       6       18.753636
       7       14.283430
       8       8.6352578
       9       10.615845
      10       26.895206
      11       49.234772
      12       56.478538
      13   441.29
 
       1       38.643098
       2       35.376732
       3       31.612996
       4       20.770684
       5       15.901855
       6       12.433690
       7       9.3132290
       8       5.9611192
       9       7.1091454
      10       15.151997
      11       25.839514
      12       28.810170
      13   246.92
 
       1       6.4051081
       2       6.1163828
       3       4.4496706
       4       2.5380567
       5       1.4889386
       6       1.0608535
       7      0.84359418
       8      0.48524690
       9      0.67843126
      10       2.0354037
      11       4.0763126
      12       4.9429923
      13    35.12
 
       1       23.554683
       2       21.129630
       3       16.172347
       4       9.4730014
       5       7.0048500
       6       5.5518780
       7       4.7588487
       8       2.3649549
       9       2.5514157
      10       8.1870370
      11       16.607312
      12       18.334403
      13   135.69
 
       1       3.6658546
       2       3.6213390
       3       2.5529059
       4       1.7664933
       5       1.5152660
       6       1.4919862
       7       1.4648800
       8      0.77025227
       9      0.65832178
      10       1.4442421
      11       2.3910259
      12       2.9784808
      13    24.32
 
       1      0.98215748
       2       1.0908017
       3      0.70018657
       4      0.43601728
       5      0.28367049
       6      0.22019740
       7      0.17108752
       8     0.089198891
       9      0.11868802
      10      0.32895949
      11      0.63743489
      12      0.75185206
      13     0.48
 
       1 0.0
       2 0.0
       3 0.0
       4 0.0
       5 0.0
       6 0.0
       7 0.0
       8 0.0
       9 0.0
      10 0.0
      11 0.0
      12 0.0
      13 0.0
 
       1     0.026278211
       2     0.029248928
       3     0.019158141
       4     0.012112737
       5    0.0079224311
       6    0.0062608581
       7    0.0047517135
       8    0.0026724370
       9    0.0036325912
      10    0.0086488469
      11     0.016320438
      12     0.019507745
      13   0.0130
 
       1       1.0000000
       2       1.0000000
       3       1.0000000
       4       1.0000000
       5       1.0000000
       6       1.0000000
       7       1.0000000
       8       1.0000000
       9       1.0000000
      10       1.0000000
      11       1.0000000
      12       1.0000000
      13   1.0000
 
       1       0.0000000
       2       0.0000000
       3       0.0000000
       4       0.0000000
       5       0.0000000
       6       0.0000000
       7       0.0000000
       8       0.0000000
       9       0.0000000
      10       0.0000000
      11       0.0000000
      12       0.0000000
      13   0.0000
 
       1      0.72716661
       2      0.66540308
       3      0.56972958
       4      0.50068486
       5      0.39800754
       6      0.37409303
       7      0.43728125
       8      0.48983759
       9      0.49851158
      10      0.55486216
      11      0.64307847
      12      0.68454268
      13   0.5453
 
