       1       221.56625
       2       165.77999
       3       181.88553
       4       197.03404
       5       261.23495
       6       266.00462
       7       234.59629
       8       201.48809
       9       158.79505
      10       116.18706
      11       105.78217
      12       109.82496
      13  2220.18
 
       1       146.10706
       2       111.68702
       3       118.81494
       4       123.90799
       5       157.27957
       6       154.04569
       7       132.15800
       8       116.52518
       9       100.91573
      10       75.349129
      11       70.946501
      12       75.980383
      13  1383.72
 
       1       18.410634
       2       16.171389
       3       16.229416
       4       15.801860
       5       17.572357
       6       17.545441
       7       15.323392
       8       13.122843
       9       12.787069
      10       9.5533533
      11       9.0033772
      12       9.9682400
      13   171.49
 
       1       25.239835
       2       22.460372
       3       23.871003
       4       26.351315
       5       33.224082
       6       51.747907
       7       48.408736
       8       33.363079
       9       22.017601
      10       13.786189
      11       15.929140
      12       15.089579
      13   331.49
 
       1       22.321809
       2       16.735080
       3       20.648110
       4       23.600955
       5       39.685000
       6       52.923233
       7       49.982879
       8       37.339834
       9       35.051881
      10       17.534951
      11       13.020180
      12       10.910116
      13   339.75
 
       1       16.769252
       2       18.288713
       3       20.973632
       4       28.277371
       5       38.641241
       6       41.791419
       7       30.648697
       8       25.474045
       9       21.636884
      10       13.326148
      11       11.627406
      12       10.801927
      13    23.19
 
       1 0.0
       2 0.0
       3 0.0
       4 0.0
       5 0.0
       6 0.0
       7 0.0
       8 0.0
       9 0.0
      10 0.0
      11 0.0
      12 0.0
      13 0.0
 
       1     0.020994442
       2     0.023046849
       3     0.026076974
       4     0.034653954
       5     0.047488005
       6     0.051012990
       7     0.036299466
       8     0.029917035
       9     0.025807750
      10     0.015807279
      11     0.014194473
      12     0.013447124
      13   0.0282
 
       1      0.89674566
       2      0.89613816
       3      0.89684580
       4      0.89610948
       5      0.89602725
       6      0.89715800
       7      0.89804275
       8      0.89875443
       9      0.89686802
      10      0.89670557
      11      0.89801582
      12      0.89821317
      13   0.8971
 
       1    0.0023966586
       2    0.0026264281
       3    0.0029916629
       4    0.0040101767
       5    0.0054844028
       6    0.0058910437
       7    0.0042647157
       8    0.0035391953
       9    0.0030347345
      10    0.0018762728
      11    0.0016566881
      12    0.0015496929
      13   0.0033
 
       1      0.30506355
       2      0.32505677
       3      0.31516882
       4      0.35424761
       5      0.38954204
       6      0.40631208
       7      0.37622764
       8      0.32866105
       9      0.33786879
      10      0.30512341
      11      0.30925429
      12      0.31164762
      13   0.3387
 
