       1       80.289739
       2       53.809642
       3       55.999102
       4       43.541012
       5       30.177055
       6       14.620948
       7       11.795790
       8       9.0579663
       9       11.508000
      10       32.802418
      11       44.430896
      12       64.293081
      13   452.33
 
       1       40.257526
       2       27.774304
       3       31.452519
       4       27.339589
       5       19.559252
       6       9.9176974
       7       8.5252424
       8       6.4943903
       9       7.2778701
      10       17.781879
      11       23.139429
      12       31.279907
      13   250.80
 
       1       7.1561351
       2       4.9240799
       3       4.7447398
       4       3.1555205
       5       1.8347283
       6      0.81535561
       7      0.58722659
       8      0.52437024
       9      0.81594373
      10       2.3685842
      11       3.7105444
      12       5.9307093
      13    36.57
 
       1       24.580594
       2       17.970229
       3       16.574527
       4       12.095564
       5       8.1306336
       6       4.4086441
       7       2.6714414
       8       2.2105694
       9       2.8092216
      10       10.310230
      11       13.797573
      12       20.039369
      13   135.60
 
       1       3.9933719
       2       2.6941888
       3       2.9655773
       4       2.0186683
       5       1.5181191
       6       1.2625016
       7      0.86933080
       8      0.75186264
       9      0.68544998
      10       1.9889319
      11       2.5167332
      12       3.5126521
      13    24.78
 
       1       1.0643575
       2      0.84176238
       3      0.73611181
       4      0.53286747
       5      0.32404614
       6      0.16944600
       7      0.10252039
       8     0.096561699
       9      0.13762300
      10      0.37864120
      11      0.57939678
      12      0.86131113
      13     0.49
 
       1 0.0
       2 0.0
       3 0.0
       4 0.0
       5 0.0
       6 0.0
       7 0.0
       8 0.0
       9 0.0
      10 0.0
      11 0.0
      12 0.0
      13 0.0
 
       1     0.027291072
       2     0.021661881
       3     0.019338226
       4     0.014968506
       5    0.0091106392
       6    0.0047311746
       7    0.0032064393
       8    0.0029384063
       9    0.0040308378
      10    0.0099088414
      11     0.014844679
      12     0.021734594
      13   0.0128
 
       1       1.0000000
       2       1.0000000
       3       1.0000000
       4       1.0000000
       5       1.0000000
       6       1.0000000
       7       1.0000000
       8       1.0000000
       9       1.0000000
      10       1.0000000
      11       1.0000000
      12       1.0000000
      13   1.0000
 
       1       0.0000000
       2       0.0000000
       3       0.0000000
       4       0.0000000
       5       0.0000000
       6       0.0000000
       7       0.0000000
       8       0.0000000
       9       0.0000000
      10       0.0000000
      11       0.0000000
      12       0.0000000
      13   0.0000
 
       1      0.67704967
       2      0.57488807
       3      0.53553845
       4      0.48762402
       5      0.40139712
       6      0.32837334
       7      0.44106556
       8      0.53181663
       9      0.51344834
      10      0.53741592
      11      0.62051586
      12      0.65640452
      13   0.5255
 
