       1       475.43845
       2       463.70092
       3       493.73313
       4       472.78540
       5       494.36007
       6       475.11295
       7       536.06231
       8       515.68000
       9       458.24098
      10       458.85500
      11       444.77752
      12       467.50292
      13  5756.25
 
       1       287.31315
       2       280.57565
       3       297.60187
       4       289.49233
       5       304.34845
       6       288.66222
       7       325.31218
       8       317.79598
       9       282.78803
      10       284.12503
      11       272.84337
      12       284.09071
      13  3514.95
 
       1       36.229243
       2       35.961098
       3       37.799858
       4       35.717305
       5       36.914183
       6       35.634680
       7       40.037176
       8       40.261352
       9       35.231481
      10       34.684146
      11       33.410826
      12       35.481936
      13   437.36
 
       1       128.70618
       2       127.82233
       3       133.65885
       4       124.96134
       5       128.62394
       6       126.52120
       7       144.45025
       8       135.42481
       9       119.84610
      10       119.33860
      11       119.98231
      12       126.19833
      13  1535.53
 
       1       21.721338
       2       20.795679
       3       22.949052
       4       22.114055
       5       24.913030
       6       24.854582
       7       24.589831
       8       23.390103
       9       20.202408
      10       20.703055
      11       20.118385
      12       20.107188
      13   266.46
 
       1       5.7421100
       2       6.1866668
       3       5.9040156
       4       5.7479659
       5       5.7869557
       6       5.9067262
       7       6.5514325
       8       6.5994347
       9       5.9043636
      10       5.4655560
      11       5.4899064
      12       5.5714171
      13     5.90
 
       1 0.0
       2 0.0
       3 0.0
       4 0.0
       5 0.0
       6 0.0
       7 0.0
       8 0.0
       9 0.0
      10 0.0
      11 0.0
      12 0.0
      13 0.0
 
       1     0.023824283
       2     0.025621192
       3     0.024165685
       4     0.023694843
       5     0.023904525
       6     0.024030288
       7     0.026851545
       8     0.027155781
       9     0.024551280
      10     0.022977300
      11     0.022751377
      12     0.023129092
      13   0.0244
 
       1       1.0000000
       2       1.0000000
       3       1.0000000
       4       1.0000000
       5       1.0000000
       6       1.0000000
       7       1.0000000
       8       1.0000000
       9       1.0000000
      10       1.0000000
      11       1.0000000
      12       1.0000000
      13   1.0000
 
       1       0.0000000
       2       0.0000000
       3       0.0000000
       4       0.0000000
       5       0.0000000
       6       0.0000000
       7       0.0000000
       8       0.0000000
       9       0.0000000
      10       0.0000000
      11       0.0000000
      12       0.0000000
      13   0.0000
 
       1      0.70586895
       2      0.73149009
       3      0.67721148
       4      0.63842967
       5      0.60688294
       6      0.59697558
       7      0.66498338
       8      0.68231062
       9      0.68905832
      10      0.70568641
      11      0.69609703
      12      0.69610755
      13   0.6743
 
