       1       489.14435
       2       437.14564
       3       493.21447
       4       460.77426
       5       539.37391
       6       506.43790
       7       524.93521
       8       513.28034
       9       495.24149
      10       458.19880
      11       456.71002
      12       484.72898
      13  5859.19
 
       1       293.41340
       2       267.00781
       3       304.69209
       4       287.07619
       5       332.04785
       6       308.84385
       7       318.42642
       8       311.52737
       9       306.72132
      10       281.94134
      11       282.16568
      12       294.33438
      13  3588.20
 
       1       37.384776
       2       34.071829
       3       37.412766
       4       33.929623
       5       40.152186
       6       37.715155
       7       39.968427
       8       39.097614
       9       37.830351
      10       34.669655
      11       34.029299
      12       36.931705
      13   443.19
 
       1       134.95071
       2       118.26922
       3       128.76881
       4       117.59500
       5       139.10994
       6       132.70972
       7       139.90738
       8       137.91158
       9       128.25486
      10       119.64687
      11       120.27341
      12       132.90496
      13  1550.30
 
       1       22.477460
       2       20.342971
       3       22.687028
       4       22.069670
       5       27.086841
       6       25.917032
       7       26.445954
       8       24.746630
       9       23.954938
      10       21.945728
      11       20.317673
      12       20.992445
      13   278.98
 
       1       6.0288400
       2       6.1098950
       3       5.7860092
       4       5.5412776
       5       6.3268722
       6       6.2990191
       7       6.5144164
       8       6.2715143
       9       6.2466027
      10       5.4330536
      11       5.5490496
      12       5.9331773
      13     6.00
 
       1 0.0
       2 0.0
       3 0.0
       4 0.0
       5 0.0
       6 0.0
       7 0.0
       8 0.0
       9 0.0
      10 0.0
      11 0.0
      12 0.0
      13 0.0
 
       1     0.024580877
       2     0.025215486
       3     0.024309416
       4     0.023250656
       5     0.026069433
       6     0.025746512
       7     0.026568385
       8     0.025589900
       9     0.026134483
      10     0.022681152
      11     0.023224673
      12     0.024493964
      13   0.0248
 
       1       1.0000000
       2       1.0000000
       3       1.0000000
       4       1.0000000
       5       1.0000000
       6       1.0000000
       7       1.0000000
       8       1.0000000
       9       1.0000000
      10       1.0000000
      11       1.0000000
      12       1.0000000
      13   1.0000
 
       1       0.0000000
       2       0.0000000
       3       0.0000000
       4       0.0000000
       5       0.0000000
       6       0.0000000
       7       0.0000000
       8       0.0000000
       9       0.0000000
      10       0.0000000
      11       0.0000000
      12       0.0000000
      13   0.0000
 
       1      0.72697858
       2      0.72567860
       3      0.67891266
       4      0.65783695
       5      0.61181883
       6      0.60030417
       7      0.66465281
       8      0.68135134
       9      0.68523074
      10      0.70863109
      11      0.74336768
      12      0.75311510
      13   0.6865
 
