       1       8.5802618
       2       13.394016
       3       20.199505
       4       20.739712
       5       36.145189
       6       47.421309
       7       44.753427
       8       24.423835
       9       19.920390
      10       9.0952168
      11       8.8922305
      12       7.0832677
      13   260.65
 
       1       6.2760641
       2       8.9529413
       3       12.980215
       4       13.156899
       5       19.623064
       6       24.662649
       7       23.522571
       8       14.578085
       9       11.194367
      10       5.9596659
      11       6.2152273
      12       5.4820192
      13   152.60
 
       1      0.80714481
       2       1.3028946
       3       2.3036123
       4       2.6986021
       5       2.8797163
       6       3.3574477
       7       3.0780179
       8       2.1095104
       9       1.3838690
      10      0.80526355
      11      0.91341545
      12      0.70681405
      13    22.35
 
       1      0.89070644
       2       2.6266393
       3       3.7179673
       4       4.1697595
       5       5.7610447
       6       14.134146
       7       15.666397
       8       6.1134134
       9       2.9265210
      10      0.54465305
      11      0.73328593
      12      0.75368615
      13    58.04
 
       1      0.37614994
       2       1.2029211
       3       2.1328015
       4       3.0097198
       5       3.7461628
       6       6.4909794
       7       6.0832949
       8       4.0579053
       9       2.2943062
      10      0.28586111
      11      0.12576278
      12      0.10711446
      13    29.91
 
       1      0.75906612
       2       1.5246403
       3       2.5531234
       4       3.8758301
       5       3.5789586
       6       3.9821498
       7       3.5795748
       8       2.3336763
       9       1.6355477
      10      0.76271341
      11      0.85683929
      12      0.52822110
      13     2.16
 
       1 0.0
       2 0.0
       3 0.0
       4 0.0
       5 0.0
       6 0.0
       7 0.0
       8 0.0
       9 0.0
      10 0.0
      11 0.0
      12 0.0
      13 0.0
 
       1     0.016489833
       2     0.031912221
       3     0.052801909
       4     0.080063547
       5     0.071696033
       6     0.075698784
       7     0.066441731
       8     0.043692525
       9     0.030865156
      10     0.015254449
      11     0.018410098
      12     0.011661885
      13   0.0429
 
       1      0.93375867
       2      0.93200174
       3      0.93057313
       4      0.92927097
       5      0.92962282
       6      0.92801853
       7      0.92746228
       8      0.92763037
       9      0.92736640
      10      0.93061597
      11      0.93331371
      12      0.93473774
      13   0.9304
 
       1    0.0011473907
       2    0.0022719250
       3    0.0037842010
       4    0.0057418212
       5    0.0052186308
       6    0.0056857938
       7    0.0050807911
       8    0.0033388101
       9    0.0023523348
      10    0.0011248048
      11    0.0012902377
      12   0.00080324926
      13   0.0032
 
       1      0.86695537
       2      0.86566682
       3      0.87810955
       4      0.97044144
       5      0.97920036
       6      0.98350251
       7      0.97440354
       8      0.97235081
       9      0.97195424
      10      0.91973722
      11      0.86923618
      12      0.85436223
      13   0.9255
 
