       1       67.897690
       2       62.876231
       3       47.772392
       4       29.931089
       5       25.932044
       6       18.960612
       7       16.575176
       8       10.939950
       9       11.888069
      10       29.116115
      11       45.659190
      12       67.741709
      13   435.29
 
       1       38.072707
       2       32.672291
       3       27.127833
       4       18.212420
       5       16.274139
       6       12.264214
       7       10.902552
       8       7.7384064
       9       7.9187978
      10       17.089075
      11       23.695589
      12       35.035261
      13   247.00
 
       1       5.8653889
       2       5.9442399
       3       4.0244692
       4       2.2852952
       5       1.7731564
       6       1.0469759
       7      0.89294155
       8      0.59020939
       9      0.79097391
      10       2.2047365
      11       3.8368127
      12       6.0561253
      13    35.31
 
       1       22.012787
       2       18.688032
       3       14.905598
       4       8.5011322
       5       7.2414926
       6       6.0323913
       7       5.4277987
       8       3.0022411
       9       2.9528642
      10       8.5870726
      11       13.898075
      12       22.351591
      13   133.60
 
       1       3.1200440
       2       2.9348488
       3       2.1157168
       4       1.5818293
       5       1.4585523
       6       1.4663531
       7       1.3830448
       8      0.87824884
       9      0.69556866
      10       1.4796211
      11       2.3475673
      12       3.9272720
      13    23.39
 
       1      0.90264181
       2      0.96836200
       3      0.67663661
       4      0.39929242
       5      0.30343273
       6      0.21693244
       7      0.17743718
       8      0.10837278
       9      0.13569391
      10      0.34125687
      11      0.59810248
      12      0.92435504
      13     0.48
 
       1 0.0
       2 0.0
       3 0.0
       4 0.0
       5 0.0
       6 0.0
       7 0.0
       8 0.0
       9 0.0
      10 0.0
      11 0.0
      12 0.0
      13 0.0
 
       1     0.024248857
       2     0.025641324
       3     0.017912246
       4     0.010841868
       5    0.0086920083
       6    0.0060246472
       7    0.0050505430
       8    0.0033061059
       9    0.0041111587
      10    0.0092318122
      11     0.015487074
      12     0.023760740
      13   0.0129
 
       1       1.0000000
       2       1.0000000
       3       1.0000000
       4       1.0000000
       5       1.0000000
       6       1.0000000
       7       1.0000000
       8       1.0000000
       9       1.0000000
      10       1.0000000
      11       1.0000000
      12       1.0000000
      13   1.0000
 
       1       0.0000000
       2       0.0000000
       3       0.0000000
       4       0.0000000
       5       0.0000000
       6       0.0000000
       7       0.0000000
       8       0.0000000
       9       0.0000000
      10       0.0000000
      11       0.0000000
      12       0.0000000
      13   0.0000
 
       1      0.69339830
       2      0.62561186
       3      0.54075255
       4      0.44589691
       5      0.42965670
       6      0.34680490
       7      0.45180925
       8      0.50460671
       9      0.50752083
      10      0.56182025
      11      0.64741128
      12      0.69848457
      13   0.5378
 
