       1       9.2652879
       2       12.202457
       3       19.959866
       4       18.738940
       5       36.975253
       6       50.491857
       7       40.685104
       8       28.264917
       9       20.326489
      10       13.248274
      11       5.8091172
      12       8.3703592
      13   264.34
 
       1       5.9583984
       2       8.1631127
       3       12.220709
       4       11.822960
       5       20.242797
       6       26.310876
       7       22.689142
       8       16.060539
       9       11.915439
      10       8.4310111
      11       4.4084170
      12       6.1786723
      13   154.40
 
       1      0.66297035
       2       1.1966182
       3       1.8326839
       4       2.3898544
       5       3.1862280
       6       3.2799268
       7       3.2186656
       8       2.4072123
       9       1.6480013
      10       1.1023204
      11      0.63328109
      12      0.77141420
      13    22.33
 
       1      0.79322472
       2       1.7472370
       3       2.4723265
       4       3.6399465
       5       7.6365118
       6       15.023612
       7       13.203494
       8       8.0739162
       9       3.1124620
      10       1.0076478
      11      0.65732140
      12       1.5193395
      13    58.89
 
       1      0.24822530
       2      0.85649626
       3       1.6915052
       4       2.5105816
       5       4.5865651
       6       7.6758239
       7       6.2705671
       8       4.8561503
       9       2.1932225
      10      0.52568319
      11     0.097248751
      12      0.64202850
      13    32.15
 
       1      0.69805423
       2       1.0295722
       3       2.0600925
       4       3.4796249
       5       4.4898909
       6       4.3506329
       7       4.0911966
       8       2.5767208
       9       1.8633628
      10       1.1595258
      11      0.71383338
      12      0.65968273
      13     2.26
 
       1 0.0
       2 0.0
       3 0.0
       4 0.0
       5 0.0
       6 0.0
       7 0.0
       8 0.0
       9 0.0
      10 0.0
      11 0.0
      12 0.0
      13 0.0
 
       1     0.014734199
       2     0.021718956
       3     0.042731431
       4     0.074972625
       5     0.094320957
       6     0.086183441
       7     0.080126686
       8     0.049066209
       9     0.036951029
      10     0.024311471
      11     0.016188902
      12     0.014056419
      13   0.0463
 
       1      0.82769061
       2      0.82810278
       3      0.82735468
       4      0.82531469
       5      0.82634352
       6      0.82449636
       7      0.82348084
       8      0.82308003
       9      0.82352162
      10      0.82794574
      11      0.83162459
      12      0.82914291
      13   0.8265
 
       1    0.0026489755
       2    0.0038789408
       3    0.0076670736
       4     0.013222037
       5     0.016650106
       6     0.015551756
       7     0.014625928
       8    0.0091426984
       9    0.0067497919
      10    0.0043451601
      11    0.0028058426
      12    0.0025108772
      13   0.0083
 
       1      0.77968793
       2      0.83279129
       3      0.91518917
       4      0.97217819
       5      0.98430224
       6      0.98320492
       7      0.97543223
       8      0.96803701
       9      0.97837275
      10      0.95788219
      11      0.93777301
      12      0.82742746
      13   0.9260
 
