       1       107.48632
       2       125.64641
       3       121.55746
       4       141.28864
       5       117.21985
       6       99.854290
       7       122.78844
       8       117.21225
       9       106.33585
      10       80.361019
      11       84.835244
      12       125.28776
      13  1349.87
 
       1       74.964491
       2       82.596165
       3       78.809306
       4       87.801341
       5       74.529016
       6       60.122616
       7       68.621087
       8       69.226698
       9       66.285377
      10       52.497684
      11       59.694917
      12       85.687080
      13   860.84
 
       1       9.9922430
       2       9.9545133
       3       9.7878689
       4       9.9356592
       5       8.2265552
       6       6.3740574
       7       6.2245810
       8       7.1032739
       9       7.5606171
      10       6.1436066
      11       7.5563909
      12       10.833559
      13    99.69
 
       1       10.857819
       2       11.001547
       3       11.925347
       4       13.628965
       5       10.301730
       6       11.261942
       7       16.080496
       8       13.766978
       9       11.019805
      10       5.6602117
      11       9.6687004
      12       12.962590
      13   138.14
 
       1       8.9204508
       2       11.075942
       3       12.432264
       4       18.310988
       5       14.828054
       6       13.267655
       7       20.484561
       8       23.660167
       9       22.638082
      10       14.166587
      11       13.719918
      12       10.813607
      13   184.32
 
       1       8.4898937
       2       12.699882
       3       12.605111
       4       17.452764
       5       17.300597
       6       14.035080
       7       15.180526
       8       15.505427
       9       13.704838
      10       8.9906460
      11       8.8076418
      12       9.1616636
      13    12.83
 
       1 0.0
       2 0.0
       3 0.0
       4 0.0
       5 0.0
       6 0.0
       7 0.0
       8 0.0
       9 0.0
      10 0.0
      11 0.0
      12 0.0
      13 0.0
 
       1     0.089366510
       2      0.13432881
       3      0.12816193
       4      0.17571001
       5      0.17365545
       6      0.13737758
       7      0.14683671
       8      0.15158985
       9      0.13401596
      10     0.086957304
      11     0.089712624
      12     0.096379862
      13   0.1287
 
       1      0.93282395
       2      0.93464873
       3      0.93217748
       4      0.93138282
       5      0.93165730
       6      0.93074818
       7      0.93111628
       8      0.93215760
       9      0.93240266
      10      0.93159673
      11      0.93346002
      12      0.93366582
      13   0.9323
 
       1    0.0062619044
       2    0.0093443869
       3    0.0091968584
       4     0.012684471
       5     0.012588687
       6     0.010138950
       7     0.010889823
       8     0.011170476
       9    0.0098882582
      10    0.0065010958
      11    0.0064531190
      12    0.0067513797
      13   0.0093
 
       1      0.68772211
       2      0.70257699
       3      0.75146459
       4      0.78546277
       5      0.81349324
       6      0.79516284
       7      0.81151842
       8      0.78463313
       9      0.78848400
      10      0.70407810
      11      0.67693820
      12      0.70174513
      13   0.7503
 
