       1       10.437279
       2       14.805888
       3       14.676151
       4       21.147627
       5       44.500855
       6       50.978741
       7       41.380075
       8       29.452840
       9       23.800833
      10       11.179823
      11       5.8836354
      12       9.3365153
      13   277.58
 
       1       7.1734404
       2       9.9618532
       3       9.6937596
       4       13.110250
       5       24.445880
       6       25.308556
       7       22.875702
       8       16.522626
       9       13.657996
      10       7.4745900
      11       4.6311081
      12       7.0892276
      13   161.94
 
       1      0.83106598
       2       1.4596462
       3       1.6632473
       4       2.5683168
       5       3.7812759
       6       3.2047655
       7       3.0304864
       8       2.3562303
       9       1.7642269
      10       1.1866846
      11      0.74611819
      12      0.97389639
      13    23.57
 
       1      0.68383511
       2       2.4128101
       3       1.7520375
       4       4.4312838
       5       7.5020608
       6       15.915181
       7       13.440422
       8       7.5148095
       9       4.5803916
      10       1.0820740
      11      0.79092643
      12       1.1067473
      13    61.21
 
       1      0.19377469
       2       1.0432075
       3       1.3595687
       4       3.0606785
       5       5.3984255
       6       7.4211870
       7       6.1114001
       8       5.3824062
       9       2.8056908
      10      0.33998768
      11      0.21010237
      12     0.098794315
      13    33.43
 
       1      0.77999518
       2       2.0628665
       3       1.8354188
       4       3.8539614
       5       5.3189831
       6       4.3184889
       7       3.5805187
       8       2.4429320
       9       1.9766750
      10       1.2761582
      11      0.82206921
      12      0.83194404
      13     2.43
 
       1 0.0
       2 0.0
       3 0.0
       4 0.0
       5 0.0
       6 0.0
       7 0.0
       8 0.0
       9 0.0
      10 0.0
      11 0.0
      12 0.0
      13 0.0
 
       1     0.017244448
       2     0.045565157
       3     0.039140254
       4     0.081082497
       5      0.11378592
       6     0.084274684
       7     0.068941715
       8     0.046590643
       9     0.038773729
      10     0.028477114
      11     0.019089079
      12     0.018511898
      13   0.0501
 
       1      0.87315674
       2      0.87258193
       3      0.86983591
       4      0.86664720
       5      0.87065966
       6      0.86851555
       7      0.86737858
       8      0.86588975
       9      0.86586953
      10      0.87463327
      11      0.87613235
      12      0.87490073
      13   0.8705
 
       1    0.0022749598
       2    0.0059510257
       3    0.0052439523
       4     0.010964705
       5     0.015058208
       6     0.011694673
       7    0.0096546303
       8    0.0065983931
       9    0.0054221182
      10    0.0037121462
      11    0.0024480299
      12    0.0024238661
      13   0.0068
 
       1      0.87903195
       2      0.93823658
       3      0.94081601
       4      0.97686134
       5      0.98733128
       6      0.98176488
       7      0.97604405
       8      0.96482741
       9      0.96955038
      10      0.95547445
      11      0.91184846
      12      0.88994117
      13   0.9476
 
