       1       66.039521
       2       53.274717
       3       49.561132
       4       39.910816
       5       24.438627
       6       17.808623
       7       18.320894
       8       12.398860
       9       14.546448
      10       29.402328
      11       51.872084
      12       64.821815
      13   442.40
 
       1       33.679218
       2       27.392305
       3       29.179658
       4       24.150372
       5       16.095822
       6       12.452940
       7       12.163933
       8       8.2892597
       9       9.2086084
      10       16.816576
      11       27.331828
      12       34.459302
      13   251.22
 
       1       6.0690044
       2       5.1995761
       3       4.2250870
       4       2.9758244
       5       1.6078556
       6      0.98048500
       7      0.98773146
       8      0.67604543
       9      0.93201854
      10       2.2308712
      11       4.2916713
      12       5.5462469
      13    35.72
 
       1       20.956891
       2       15.491796
       3       15.262327
       4       10.654176
       5       6.5916668
       6       5.3651543
       7       6.2391848
       8       3.7522163
       9       3.5777959
      10       9.3012243
      11       16.917436
      12       20.251528
      13   134.36
 
       1       3.5998085
       2       2.9656455
       3       2.4798834
       4       1.7844938
       5       1.3966713
       6       1.3233135
       7       1.6021583
       8       1.1053151
       9      0.73094412
      10       1.9335092
      11       2.6529660
      12       3.4448304
      13    25.02
 
       1      0.96776192
       2      0.84459508
       3      0.67233635
       4      0.48620165
       5      0.28588046
       6      0.20488360
       7      0.20936717
       8      0.13124975
       9      0.15895705
      10      0.36161628
      11      0.66626675
      12      0.83811028
      13     0.49
 
       1 0.0
       2 0.0
       3 0.0
       4 0.0
       5 0.0
       6 0.0
       7 0.0
       8 0.0
       9 0.0
      10 0.0
      11 0.0
      12 0.0
      13 0.0
 
       1     0.025499646
       2     0.022753707
       3     0.018727159
       4     0.013605710
       5    0.0081956130
       6    0.0058617321
       7    0.0058469279
       8    0.0037920657
       9    0.0046013463
      10    0.0097301001
      11     0.017124205
      12     0.022156974
      13   0.0132
 
       1       1.0000000
       2       1.0000000
       3       1.0000000
       4       1.0000000
       5       1.0000000
       6       1.0000000
       7       1.0000000
       8       1.0000000
       9       1.0000000
      10       1.0000000
      11       1.0000000
      12       1.0000000
      13   1.0000
 
       1       0.0000000
       2       0.0000000
       3       0.0000000
       4       0.0000000
       5       0.0000000
       6       0.0000000
       7       0.0000000
       8       0.0000000
       9       0.0000000
      10       0.0000000
      11       0.0000000
      12       0.0000000
      13   0.0000
 
       1      0.66554024
       2      0.67350549
       3      0.53236088
       4      0.49317398
       5      0.35655859
       6      0.32876606
       7      0.41996564
       8      0.46466976
       9      0.49294040
      10      0.55281946
      11      0.57728071
      12      0.67534970
      13   0.5194
 
