       1       220.53791
       2       163.81173
       3       257.27400
       4       214.49492
       5       194.65046
       6       157.22733
       7       205.10348
       8       191.91594
       9       147.08871
      10       113.83253
      11       127.86568
      12       154.31897
      13  2148.12
 
       1       149.28147
       2       109.55801
       3       161.96849
       4       134.82357
       5       122.63990
       6       94.018587
       7       112.45497
       8       111.02389
       9       91.775081
      10       75.083797
      11       86.549443
      12       103.31091
      13  1352.49
 
       1       22.378773
       2       15.768044
       3       21.886903
       4       19.147807
       5       16.763834
       6       12.572326
       7       12.618070
       8       13.349669
       9       11.626308
      10       10.504106
      11       11.259358
      12       13.647891
      13   181.52
 
       1       31.173541
       2       18.763178
       3       31.142722
       4       32.338713
       5       28.175961
       6       31.573603
       7       41.032158
       8       39.484593
       9       19.753863
      10       13.761794
      11       14.716476
      12       20.528886
      13   322.45
 
       1       18.447116
       2       17.123806
       3       26.545241
       4       29.200822
       5       31.641629
       6       27.699119
       7       31.535561
       8       36.126306
       9       26.418885
      10       18.558644
      11       16.290792
      12       15.060790
      13   294.65
 
       1       17.084799
       2       17.257405
       3       29.534771
       4       30.055057
       5       30.051270
       6       22.410215
       7       22.969735
       8       24.307695
       9       18.753513
      10       13.738848
      11       13.757342
      12       12.868344
      13    21.07
 
       1 0.0
       2 0.0
       3 0.0
       4 0.0
       5 0.0
       6 0.0
       7 0.0
       8 0.0
       9 0.0
      10 0.0
      11 0.0
      12 0.0
      13 0.0
 
       1     0.016938585
       2     0.016563610
       3     0.028730841
       4     0.029140238
       5     0.028542852
       6     0.020537845
       7     0.020486076
       8     0.022183339
       9     0.017005050
      10     0.012759385
      11     0.013210459
      12     0.012422116
      13   0.0199
 
       1      0.88459214
       2      0.88189194
       3      0.88161842
       4      0.88369970
       5      0.88119056
       6      0.87937113
       7      0.88082383
       8      0.88272890
       9      0.88100198
      10      0.88184432
      11      0.88419265
      12      0.88445611
      13   0.8823
 
       1    0.0021965468
       2    0.0022046337
       3    0.0037770068
       4    0.0038382651
       5    0.0038188223
       6    0.0028108897
       7    0.0028360500
       8    0.0030265607
       9    0.0023432261
      10    0.0017387613
      11    0.0017625999
      12    0.0016451779
      13   0.0027
 
       1      0.26159237
       2      0.26500331
       3      0.34045096
       4      0.35222767
       5      0.36139477
       6      0.36116050
       7      0.31044091
       8      0.31243692
       9      0.29856621
      10      0.29036046
      11      0.29277460
      12      0.28275084
      13   0.3108
 
