       1       102.27479
       2       130.45331
       3       180.15573
       4       122.38757
       5       148.77643
       6       124.69665
       7       123.01285
       8       123.26850
       9       70.881877
      10       60.670472
      11       86.839714
      12       167.88835
      13  1441.31
 
       1       69.927760
       2       82.870528
       3       116.09368
       4       77.024749
       5       89.204150
       6       76.878000
       7       68.252947
       8       72.063791
       9       46.896606
      10       40.364037
      11       57.655802
      12       113.25534
      13   910.49
 
       1       8.3372259
       2       9.5071286
       3       14.277562
       4       9.5552352
       5       9.3334602
       6       8.7823541
       7       6.9704314
       8       7.7140657
       9       5.9689704
      10       5.2539606
      11       6.3908994
      12       14.304511
      13   106.40
 
       1       8.1608343
       2       11.576703
       3       16.226288
       4       12.067824
       5       12.279595
       6       18.631413
       7       14.944949
       8       14.437280
       9       8.5008463
      10       5.5579094
      11       6.9567061
      12       17.702710
      13   147.04
 
       1       9.0798594
       2       10.843436
       3       14.945939
       4       15.380351
       5       17.374517
       6       19.064696
       7       18.638004
       8       23.462414
       9       16.311572
      10       11.616754
      11       10.647645
      12       16.623534
      13   183.99
 
       1       8.1532739
       2       11.850795
       3       18.899546
       4       15.288182
       5       18.677996
       6       18.132611
       7       14.289561
       8       15.754168
       9       10.217365
      10       6.9909334
      11       7.9167360
      12       11.582831
      13    13.15
 
       1 0.0
       2 0.0
       3 0.0
       4 0.0
       5 0.0
       6 0.0
       7 0.0
       8 0.0
       9 0.0
      10 0.0
      11 0.0
      12 0.0
      13 0.0
 
       1     0.086443572
       2      0.12458414
       3      0.20275347
       4      0.15760411
       5      0.18899230
       6      0.18373751
       7      0.13957786
       8      0.15594739
       9      0.10061780
      10     0.067791953
      11     0.079890759
      12      0.12504496
      13   0.1344
 
       1      0.87423208
       2      0.87325532
       3      0.87382321
       4      0.87226196
       5      0.87047714
       6      0.87136959
       7      0.87085812
       8      0.87197269
       9      0.87249038
      10      0.86990731
      11      0.87315221
      12      0.87343160
      13   0.8723
 
       1     0.011520735
       2     0.016648763
       3     0.026632251
       4     0.021308397
       5     0.025803960
       6     0.025017147
       7     0.019433676
       8     0.021563369
       9     0.014062070
      10    0.0096201488
      11     0.011006439
      12     0.016375582
      13   0.0182
 
       1      0.68903192
       2      0.67828885
       3      0.79279203
       4      0.78613276
       5      0.77801662
       6      0.83324822
       7      0.78694156
       8      0.78053123
       9      0.71670689
      10      0.67068229
      11      0.64029581
      12      0.72961083
      13   0.7402
 
