       1       483.20641
       2       428.83977
       3       504.42544
       4       471.87453
       5       495.41592
       6       521.24188
       7       511.71019
       8       536.22538
       9       490.95740
      10       479.11263
      11       449.63491
      12       488.02931
      13  5860.67
 
       1       294.92178
       2       260.38460
       3       306.04820
       4       293.69399
       5       301.75867
       6       316.33209
       7       309.59162
       8       325.90364
       9       306.26554
      10       298.48741
      11       277.29717
      12       292.45902
      13  3583.14
 
       1       36.884644
       2       33.006476
       3       38.937478
       4       35.338898
       5       36.894856
       6       39.409302
       7       38.681878
       8       40.574891
       9       36.830436
      10       36.430674
      11       33.429351
      12       36.633685
      13   443.05
 
       1       131.60269
       2       115.21563
       3       133.63145
       4       121.36207
       5       128.96646
       6       139.00201
       7       137.61825
       8       141.43626
       9       125.37822
      10       123.81374
      11       119.90049
      12       133.79846
      13  1551.73
 
       1       20.905983
       2       20.000853
       3       24.483080
       4       22.910499
       5       26.217798
       6       26.753855
       7       27.332381
       8       27.320404
       9       21.236374
      10       21.937399
      11       19.467907
      12       23.290005
      13   281.86
 
       1       5.8632227
       2       5.7729424
       3       6.0878283
       4       5.7018219
       5       5.7911551
       6       6.4901712
       7       6.2662596
       8       6.4882282
       9       6.0349951
      10       5.7483737
      11       5.5516546
      12       5.8208958
      13     5.97
 
       1 0.0
       2 0.0
       3 0.0
       4 0.0
       5 0.0
       6 0.0
       7 0.0
       8 0.0
       9 0.0
      10 0.0
      11 0.0
      12 0.0
      13 0.0
 
       1     0.024303030
       2     0.023957058
       3     0.025062520
       4     0.023796562
       5     0.023731150
       6     0.026399136
       7     0.025391661
       8     0.026478725
       9     0.025429189
      10     0.024258663
      11     0.022882415
      12     0.023906363
      13   0.0246
 
       1       1.0000000
       2       1.0000000
       3       1.0000000
       4       1.0000000
       5       1.0000000
       6       1.0000000
       7       1.0000000
       8       1.0000000
       9       1.0000000
      10       1.0000000
      11       1.0000000
      12       1.0000000
      13   1.0000
 
       1       0.0000000
       2       0.0000000
       3       0.0000000
       4       0.0000000
       5       0.0000000
       6       0.0000000
       7       0.0000000
       8       0.0000000
       9       0.0000000
      10       0.0000000
      11       0.0000000
      12       0.0000000
      13   0.0000
 
       1      0.71665390
       2      0.69910546
       3      0.68550712
       4      0.67099745
       5      0.64579621
       6      0.63415023
       7      0.67393118
       8      0.69283448
       9      0.69958348
      10      0.69810711
      11      0.71875387
      12      0.73970996
      13   0.6896
 
