       1       491.30471
       2       452.14949
       3       497.72429
       4       465.19950
       5       522.18616
       6       498.93001
       7       553.46363
       8       529.32072
       9       476.25050
      10       477.84825
      11       428.89421
      12       480.25012
      13  5873.52
 
       1       295.47928
       2       272.94802
       3       304.62277
       4       285.36953
       5       323.10385
       6       305.31986
       7       335.12651
       8       326.61381
       9       297.95888
      10       296.92567
      11       264.12011
      12       288.70165
      13  3596.29
 
       1       37.717108
       2       34.809451
       3       38.420035
       4       34.682868
       5       39.032359
       6       37.762365
       7       41.972928
       8       39.800832
       9       35.994645
      10       35.826550
      11       32.317972
      12       36.275827
      13   444.61
 
       1       136.22744
       2       123.16493
       3       133.12240
       4       124.50300
       5       133.09723
       6       133.25874
       7       147.71473
       8       140.18893
       9       122.39827
      10       124.06241
      11       114.73369
      12       130.87779
      13  1563.35
 
       1       21.802871
       2       20.702009
       3       22.120760
       4       21.613521
       5       25.093879
       6       23.742275
       7       25.802172
       8       24.834743
       9       20.451947
      10       21.276187
      11       18.668745
      12       21.932344
      13   268.04
 
       1       6.0460633
       2       6.0983361
       3       6.0356602
       4       5.6700307
       5       6.1012075
       6       6.2832976
       7       6.8691029
       8       6.5025866
       9       6.0099057
      10       5.6964814
      11       5.3302072
      12       5.7577935
      13     6.03
 
       1 0.0
       2 0.0
       3 0.0
       4 0.0
       5 0.0
       6 0.0
       7 0.0
       8 0.0
       9 0.0
      10 0.0
      11 0.0
      12 0.0
      13 0.0
 
       1     0.024831609
       2     0.025326224
       3     0.025084826
       4     0.023450399
       5     0.025393399
       6     0.025791474
       7     0.027874302
       8     0.026921244
       9     0.025232959
      10     0.023877740
      11     0.022071648
      12     0.023614135
      13   0.0250
 
       1       1.0000000
       2       1.0000000
       3       1.0000000
       4       1.0000000
       5       1.0000000
       6       1.0000000
       7       1.0000000
       8       1.0000000
       9       1.0000000
      10       1.0000000
      11       1.0000000
      12       1.0000000
      13   1.0000
 
       1       0.0000000
       2       0.0000000
       3       0.0000000
       4       0.0000000
       5       0.0000000
       6       0.0000000
       7       0.0000000
       8       0.0000000
       9       0.0000000
      10       0.0000000
      11       0.0000000
      12       0.0000000
      13   0.0000
 
       1      0.69815971
       2      0.69528457
       3      0.67029639
       4      0.63372861
       5      0.60423971
       6      0.58353500
       7      0.62588742
       8      0.63639489
       9      0.66296310
      10      0.67277073
      11      0.68305631
      12      0.68061250
      13   0.6539
 
