       1       454.01462
       2       504.48212
       3       494.80811
       4       498.26329
       5       496.18296
       6       491.08916
       7       547.24828
       8       511.86470
       9       476.40729
      10       474.41538
      11       458.90093
      12       467.91753
      13  5875.59
 
       1       275.53261
       2       302.00519
       3       302.97759
       4       305.23861
       5       301.31519
       6       300.04443
       7       334.22116
       8       314.83540
       9       298.04653
      10       297.48844
      11       283.68455
      12       284.87094
      13  3600.26
 
       1       35.219782
       2       38.609238
       3       38.586204
       4       37.296637
       5       37.435410
       6       36.513118
       7       41.497506
       8       38.713187
       9       36.388574
      10       35.629262
      11       34.667163
      12       35.352233
      13   445.91
 
       1       121.70069
       2       139.76639
       3       129.99840
       4       133.54315
       5       130.04908
       6       129.98807
       7       145.43528
       8       133.04705
       9       122.01879
      10       120.83673
      11       120.51951
      12       124.85996
      13  1551.76
 
       1       21.294001
       2       23.041243
       3       23.761666
       4       22.415022
       5       27.268599
       6       24.150300
       7       25.471170
       8       25.259684
       9       21.457794
      10       20.562239
      11       20.198413
      12       21.429602
      13   276.31
 
       1       5.6216694
       2       6.8538636
       3       6.1172873
       4       6.0274704
       5       5.9880854
       6       6.0700598
       7       6.8480501
       8       6.2945888
       9       6.1263386
      10       5.7222123
      11       5.6059686
      12       5.6134146
      13     6.07
 
       1 0.0
       2 0.0
       3 0.0
       4 0.0
       5 0.0
       6 0.0
       7 0.0
       8 0.0
       9 0.0
      10 0.0
      11 0.0
      12 0.0
      13 0.0
 
       1     0.023213422
       2     0.028019723
       3     0.025262910
       4     0.024966033
       5     0.024361397
       6     0.024710355
       7     0.027981156
       8     0.026071552
       9     0.025577945
      10     0.024207796
      11     0.023511912
      12     0.023255172
      13   0.0251
 
       1       1.0000000
       2       1.0000000
       3       1.0000000
       4       1.0000000
       5       1.0000000
       6       1.0000000
       7       1.0000000
       8       1.0000000
       9       1.0000000
      10       1.0000000
      11       1.0000000
      12       1.0000000
      13   1.0000
 
       1       0.0000000
       2       0.0000000
       3       0.0000000
       4       0.0000000
       5       0.0000000
       6       0.0000000
       7       0.0000000
       8       0.0000000
       9       0.0000000
      10       0.0000000
      11       0.0000000
      12       0.0000000
      13   0.0000
 
       1      0.70754610
       2      0.71583069
       3      0.66855876
       4      0.64368042
       5      0.59059526
       6      0.58201709
       7      0.63514222
       8      0.67049581
       9      0.67626084
      10      0.67527352
      11      0.69693688
      12      0.68423740
      13   0.6622
 
