       1       128.63226
       2       180.89908
       3       179.83183
       4       220.55123
       5       228.39987
       6       282.20552
       7       226.26136
       8       202.86497
       9       171.39171
      10       111.98907
      11       108.82747
      12       120.21659
      13  2162.07
 
       1       89.431098
       2       118.99303
       3       117.12840
       4       137.04306
       5       141.68432
       6       164.02716
       7       130.33662
       8       117.31026
       9       107.47465
      10       75.787290
      11       72.756521
      12       80.755823
      13  1352.73
 
       1       12.484870
       2       15.717324
       3       15.356380
       4       15.297883
       5       17.783562
       6       17.729818
       7       15.289585
       8       13.107243
       9       12.647574
      10       10.349389
      11       8.9808355
      12       10.200596
      13   164.95
 
       1       15.801924
       2       20.085252
       3       21.962495
       4       25.947070
       5       33.031621
       6       49.646809
       7       47.363501
       8       32.011360
       9       23.470787
      10       14.544144
      11       14.001866
      12       16.261691
      13   314.13
 
       1       11.894343
       2       15.261470
       3       19.295807
       4       21.284639
       5       38.504214
       6       51.653394
       7       51.749125
       8       39.260671
       9       34.500467
      10       19.614080
      11       13.199851
      12       15.449734
      13   331.67
 
       1       11.453518
       2       18.021518
       3       23.172469
       4       32.316202
       5       38.057609
       6       43.221459
       7       32.889866
       8       25.433258
       9       23.078988
      10       14.087322
      11       11.903727
      12       10.918477
      13    23.71
 
       1 0.0
       2 0.0
       3 0.0
       4 0.0
       5 0.0
       6 0.0
       7 0.0
       8 0.0
       9 0.0
      10 0.0
      11 0.0
      12 0.0
      13 0.0
 
       1     0.014019793
       2     0.022021793
       3     0.028392572
       4     0.039707058
       5     0.047141389
       6     0.052808203
       7     0.039036441
       8     0.029740321
       9     0.027460029
      10     0.016848676
      11     0.014275309
      12     0.013256515
      13   0.0287
 
       1      0.88965310
       2      0.88886672
       3      0.88913790
       4      0.88909116
       5      0.88887576
       6      0.88834961
       7      0.88998341
       8      0.89011778
       9      0.88918997
      10      0.88904637
      11      0.88978240
      12      0.88912569
      13   0.8893
 
       1    0.0017197983
       2    0.0026930523
       3    0.0034744931
       4    0.0048417964
       5    0.0057128681
       6    0.0064317994
       7    0.0048172630
       8    0.0037089871
       9    0.0034009682
      10    0.0020932408
      11    0.0017740940
      12    0.0016344734
      13   0.0035
 
       1      0.29340849
       2      0.30520613
       3      0.34874727
       4      0.36673310
       5      0.40681954
       6      0.40861938
       7      0.38440995
       8      0.33482279
       9      0.33915224
      10      0.31193130
      11      0.29436757
      12      0.30486703
      13   0.3416
 
