       1       212.30187
       2       249.05918
       3       188.44607
       4       190.60421
       5       233.53652
       6       214.10657
       7       220.80018
       8       190.21139
       9       125.58543
      10       104.40266
      11       108.86290
      12       108.65914
      13  2146.58
 
       1       142.89567
       2       164.88117
       3       125.20957
       4       118.15892
       5       143.59200
       6       125.84530
       7       121.51854
       8       109.55253
       9       80.120544
      10       68.385866
      11       73.498231
      12       74.289799
      13  1347.95
 
       1       20.512462
       2       24.794647
       3       19.472576
       4       16.161353
       5       18.531593
       6       15.881068
       7       13.950375
       8       12.984915
       9       10.890999
      10       9.2965548
      11       9.6309924
      12       10.080025
      13   182.19
 
       1       27.171743
       2       31.686241
       3       26.939539
       4       24.606037
       5       30.823255
       6       43.146345
       7       47.143733
       8       35.557568
       9       19.725346
      10       12.864092
      11       13.402520
      12       14.620352
      13   327.69
 
       1       18.807416
       2       21.854020
       3       24.093149
       4       23.861827
       5       32.257504
       6       37.520901
       7       38.586918
       8       36.607163
       9       24.672256
      10       15.321706
      11       13.504500
      12       11.895195
      13   298.98
 
       1       17.666821
       2       25.087810
       3       24.099522
       4       24.168186
       5       31.727521
       6       30.762614
       7       25.944669
       8       23.301453
       9       17.022314
      10       12.574557
      11       12.222674
      12       10.538564
      13    21.26
 
       1 0.0
       2 0.0
       3 0.0
       4 0.0
       5 0.0
       6 0.0
       7 0.0
       8 0.0
       9 0.0
      10 0.0
      11 0.0
      12 0.0
      13 0.0
 
       1     0.017466283
       2     0.024944969
       3     0.023662761
       4     0.022951994
       5     0.030189175
       6     0.028759456
       7     0.023562130
       8     0.021217383
       9     0.015542679
      10     0.011504449
      11     0.011658064
      12     0.010133829
      13   0.0201
 
       1      0.88374169
       2      0.88287859
       3      0.88244798
       4      0.88252226
       5      0.88087410
       6      0.88116634
       7      0.88288951
       8      0.88393248
       9      0.88162895
      10      0.88235426
      11      0.88504825
      12      0.88361554
      13   0.8828
 
       1    0.0022730501
       2    0.0032264401
       3    0.0030970955
       4    0.0030674044
       5    0.0040183196
       6    0.0038718897
       7    0.0032214629
       8    0.0029004464
       9    0.0021330217
      10    0.0015860748
      11    0.0015633081
      12    0.0013511096
      13   0.0027
 
       1      0.27226310
       2      0.31225380
       3      0.33562904
       4      0.33751087
       5      0.37391204
       6      0.37263460
       7      0.32532248
       8      0.29869333
       9      0.29177106
      10      0.28045160
      11      0.27714988
      12      0.29476499
      13   0.3144
 
