       1       10.369826
       2       10.981434
       3       12.583669
       4       24.154470
       5       35.203412
       6       47.818864
       7       44.026836
       8       22.597271
       9       17.773448
      10       11.337512
      11       9.7356887
      12       7.2579187
      13   253.84
 
       1       6.4263163
       2       7.8613137
       3       9.5545610
       4       14.111320
       5       19.811197
       6       23.903010
       7       24.428084
       8       13.470755
       9       10.484966
      10       7.3136265
      11       6.9451363
      12       5.3356488
      13   149.65
 
       1      0.74942137
       2       1.2018207
       3       2.3132163
       4       2.8759053
       5       3.1936206
       6       2.9448459
       7       3.2752216
       8       2.0260547
       9       1.4177193
      10       1.0682539
      11       1.0382110
      12      0.76158798
      13    22.87
 
       1      0.60423411
       2       1.9991411
       3       4.1131227
       4       4.6250960
       5       5.8549596
       6       14.210499
       7       14.254854
       8       5.6279166
       9       2.6448664
      10      0.89394521
      11       1.1479545
      12       1.1492295
      13    57.13
 
       1      0.35328626
       2       1.1538080
       3       2.7801265
       4       3.0715189
       5       4.4699630
       6       6.5130201
       7       6.4399826
       8       3.7298901
       9       2.2527538
      10      0.24290728
      11      0.22471618
      12      0.37309156
      13    31.61
 
       1      0.66153273
       2       1.9079368
       3       3.1013863
       4       3.5054134
       5       4.4819925
       6       3.8513318
       7       4.0502808
       8       2.0998490
       9       1.6451662
      10       1.0152935
      11      0.90009798
      12      0.65603205
      13     2.32
 
       1 0.0
       2 0.0
       3 0.0
       4 0.0
       5 0.0
       6 0.0
       7 0.0
       8 0.0
       9 0.0
      10 0.0
      11 0.0
      12 0.0
      13 0.0
 
       1     0.017386941
       2     0.051755736
       3     0.086664419
       4     0.094144123
       5      0.11796385
       6     0.093294850
       7     0.097439513
       8     0.049915984
       9     0.040625057
      10     0.027464261
      11     0.025015971
      12     0.018484608
      13   0.0600
 
       1      0.84997547
       2      0.84889149
       3      0.85196215
       4      0.84984438
       5      0.84894913
       6      0.84696130
       7      0.84621127
       8      0.84481735
       9      0.84600958
      10      0.85113278
      11      0.85218102
      12      0.85539026
      13   0.8494
 
       1    0.0027241104
       2    0.0079766242
       3     0.013094516
       4     0.014415182
       5     0.018185240
       6     0.014848610
       7     0.015598168
       8    0.0080991573
       9    0.0064920378
      10    0.0042262641
      11    0.0038150716
      12    0.0027966222
      13   0.0094
 
       1      0.76976139
       2      0.93625611
       3      0.96292592
       4      0.97876848
       5      0.98743618
       6      0.98575436
       7      0.97819205
       8      0.97664183
       9      0.97730078
      10      0.96864481
      11      0.96335796
      12      0.89682101
      13   0.9485
 
