       1       259.14641
       2       189.14585
       3       193.12959
       4       199.95485
       5       208.68554
       6       236.52594
       7       244.83682
       8       197.24357
       9       142.99481
      10       125.84934
      11       142.72752
      12       168.34899
      13  2308.59
 
       1       171.86149
       2       128.99993
       3       125.49983
       4       123.73269
       5       128.56373
       6       138.47456
       7       135.10109
       8       115.39307
       9       89.958833
      10       83.221271
      11       97.298402
      12       113.66553
      13  1451.77
 
       1       22.941629
       2       18.685957
       3       16.720593
       4       15.257506
       5       16.020118
       6       15.894548
       7       14.399897
       8       13.476262
       9       10.958942
      10       10.941384
      11       12.336464
      12       14.375757
      13   182.01
 
       1       29.595187
       2       25.347045
       3       24.758542
       4       26.650494
       5       28.450951
       6       45.476758
       7       50.731733
       8       33.970088
       9       18.179890
      10       13.607842
      11       18.098792
      12       20.175371
      13   335.04
 
       1       24.490717
       2       21.504946
       3       21.565398
       4       24.736341
       5       30.494636
       6       45.716885
       7       44.255565
       8       43.597389
       9       28.621499
      10       18.516821
      11       21.542372
      12       17.352121
      13   342.39
 
       1       19.242390
       2       22.234329
       3       24.513656
       4       28.006686
       5       32.768714
       6       38.244573
       7       30.826587
       8       26.470715
       9       19.264371
      10       14.499621
      11       14.368754
      12       14.433451
      13    23.74
 
       1 0.0
       2 0.0
       3 0.0
       4 0.0
       5 0.0
       6 0.0
       7 0.0
       8 0.0
       9 0.0
      10 0.0
      11 0.0
      12 0.0
      13 0.0
 
       1     0.024053145
       2     0.028434165
       3     0.031023403
       4     0.033817872
       5     0.040244367
       6     0.046716536
       7     0.036052118
       8     0.031269760
       9     0.022581836
      10     0.017220097
      11     0.017600429
      12     0.017836133
      13   0.0289
 
       1      0.88949600
       2      0.88959891
       3      0.89057995
       4      0.88918996
       5      0.88781488
       6      0.88778107
       7      0.88981911
       8      0.89059271
       9      0.88941797
      10      0.88977777
      11      0.89105046
      12      0.89039516
      13   0.8896
 
       1    0.0028931603
       2    0.0033859860
       3    0.0037225026
       4    0.0041555371
       5    0.0049073517
       6    0.0056895761
       7    0.0044813006
       8    0.0038764643
       9    0.0028256206
      10    0.0021477440
      11    0.0021533207
      12    0.0021707137
      13   0.0035
 
       1      0.30137979
       2      0.33576655
       3      0.36371596
       4      0.36368976
       5      0.39174630
       6      0.41860278
       7      0.37615534
       8      0.35209354
       9      0.32419949
      10      0.30580222
      11      0.29912974
      12      0.29341571
      13   0.3438
 
