       1       234.04516
       2       175.93955
       3       195.70502
       4       179.49369
       5       235.73469
       6       231.81994
       7       233.77475
       8       194.56723
       9       137.22781
      10       107.39218
      11       96.033446
      12       151.51938
      13  2173.25
 
       1       157.94242
       2       118.75424
       3       125.66845
       4       115.40244
       5       142.05124
       6       135.21138
       7       130.06683
       8       111.99145
       9       86.483666
      10       69.494956
      11       65.106402
      12       103.04739
      13  1361.22
 
       1       22.494182
       2       17.729359
       3       16.773893
       4       16.156920
       5       16.649540
       6       16.397546
       7       14.128463
       8       13.288522
       9       10.870491
      10       9.2449728
      11       8.8036229
      12       12.744218
      13   175.28
 
       1       28.879660
       2       22.719051
       3       23.036598
       4       25.969004
       5       30.209589
       6       46.122382
       7       47.894708
       8       35.877085
       9       18.074178
      10       14.017103
      11       13.728445
      12       17.911606
      13   324.44
 
       1       19.693927
       2       17.414652
       3       22.171463
       4       24.340935
       5       30.231895
       6       46.422216
       7       43.544558
       8       43.217606
       9       27.313589
      10       15.672762
      11       13.350755
      12       15.311948
      13   318.69
 
       1       17.195682
       2       20.690278
       3       23.716283
       4       27.997208
       5       34.461147
       6       36.210670
       7       30.211199
       8       25.426327
       9       18.697673
      10       13.237806
      11       10.840448
      12       12.829472
      13    22.63
 
       1 0.0
       2 0.0
       3 0.0
       4 0.0
       5 0.0
       6 0.0
       7 0.0
       8 0.0
       9 0.0
      10 0.0
      11 0.0
      12 0.0
      13 0.0
 
       1     0.016913844
       2     0.020516995
       3     0.023062243
       4     0.027035058
       5     0.032618106
       6     0.034743139
       7     0.027782794
       8     0.023360985
       9     0.017106947
      10     0.012256609
      11     0.010187714
      12     0.012443007
      13   0.0215
 
       1      0.88535372
       2      0.88366718
       3      0.88384127
       4      0.88222423
       5      0.87996454
       6      0.88097082
       7      0.88385322
       8      0.88375422
       9      0.88130092
      10      0.88164100
      11      0.88482885
      12      0.88484088
      13   0.8830
 
       1    0.0022080187
       2    0.0026714977
       3    0.0030434842
       4    0.0035827422
       5    0.0043724091
       6    0.0045990899
       7    0.0037715122
       8    0.0031782768
       9    0.0023477695
      10    0.0016754134
      11    0.0013803491
      12    0.0016443475
      13   0.0029
 
       1      0.26224335
       2      0.28887572
       3      0.30806705
       4      0.35850697
       5      0.36137305
       6      0.39128324
       7      0.34628435
       8      0.32415388
       9      0.31078604
      10      0.29830941
      11      0.28918003
      12      0.27289432
      13   0.3177
 
