       1       172.18070
       2       119.48347
       3       93.874771
       4       135.52899
       5       138.56525
       6       116.07662
       7       122.36768
       8       122.54989
       9       100.09512
      10       110.84118
      11       85.485030
      12       146.73550
      13  1463.78
 
       1       115.78709
       2       81.442151
       3       58.615553
       4       82.099683
       5       86.010940
       6       71.729114
       7       68.652946
       8       71.719818
       9       62.816484
      10       72.823356
      11       56.832628
      12       98.460609
      13   926.99
 
       1       16.227180
       2       10.742247
       3       6.8591011
       4       8.2069478
       5       9.6335776
       6       8.0864381
       7       6.7650045
       8       7.4987154
       9       7.3481014
      10       9.2021632
      11       6.6903983
      12       12.487358
      13   109.75
 
       1       21.090018
       2       9.5755156
       3       6.9441302
       4       9.9457940
       5       12.812578
       6       15.371639
       7       16.513253
       8       15.686636
       9       10.629713
      10       10.251391
      11       8.1908974
      12       14.789557
      13   151.80
 
       1       16.760343
       2       10.424322
       3       8.3473941
       4       13.053275
       5       18.215833
       6       16.106496
       7       18.694361
       8       22.445854
       9       19.077419
      10       21.499819
      11       12.074967
      12       12.973724
      13   189.67
 
       1       12.412768
       2       11.706890
       3       8.6270429
       4       15.311922
       5       19.984399
       6       17.681351
       7       14.543074
       8       15.355740
       9       12.546797
      10       12.475967
      11       7.7472049
      12       10.936081
      13    13.28
 
       1 0.0
       2 0.0
       3 0.0
       4 0.0
       5 0.0
       6 0.0
       7 0.0
       8 0.0
       9 0.0
      10 0.0
      11 0.0
      12 0.0
      13 0.0
 
       1      0.13510278
       2      0.12572191
       3     0.087490221
       4      0.15475358
       5      0.20447669
       6      0.17765305
       7      0.14219018
       8      0.15191901
       9      0.12397289
      10      0.12678987
      11     0.078906822
      12      0.11588926
      13   0.1354
 
       1      0.87354272
       2      0.87363747
       3      0.87153172
       4      0.87267038
       5      0.87112524
       6      0.86918647
       7      0.87080599
       8      0.87117751
       9      0.87168801
      10      0.87157445
      11      0.87423895
      12      0.87334704
      13   0.8720
 
       1     0.017574704
       2     0.016563368
       3     0.011973860
       4     0.021147585
       5     0.027774045
       6     0.024394679
       7     0.019778682
       8     0.020976035
       9     0.017225459
      10     0.017305607
      11     0.010811185
      12     0.015398820
      13   0.0184
 
       1      0.71069991
       2      0.76607064
       3      0.67137794
       4      0.68436099
       5      0.82577026
       6      0.83043090
       7      0.78327912
       8      0.80919986
       9      0.76164186
      10      0.76126082
      11      0.62438423
      12      0.71093301
      13   0.7450
 
