       1       29.339800
       2       27.280933
       3       20.839091
       4       19.289792
       5       18.759988
       6       21.489049
       7       18.105559
       8       15.775875
       9       13.489018
      10       13.251787
      11       20.416592
      12       23.909342
      13   241.95
 
       1       14.983017
       2       14.191639
       3       11.389904
       4       11.009824
       5       11.256406
       6       12.899481
       7       10.767935
       8       9.5078770
       9       7.9506342
      10       7.2272688
      11       10.762526
      12       11.966594
      13   133.91
 
       1       2.4295125
       2       2.3135977
       3       1.9046893
       4       1.6264243
       5       1.4433345
       6       1.7029498
       7       1.3664996
       8       1.1766420
       9       1.0785746
      10       1.1353998
      11       1.5799622
      12       1.8622163
      13    19.62
 
       1       9.8525382
       2       9.0750504
       3       6.6668901
       4       5.8080421
       5       4.7206283
       6       6.2665217
       7       5.7868353
       8       5.0858820
       9       4.1173467
      10       4.0239472
      11       6.5318708
      12       8.0008739
      13    75.94
 
       1       1.4455975
       2       1.0812066
       3       1.0439537
       4       1.1453939
       5      0.67733821
       6      0.71830720
       7      0.74453602
       8      0.83428384
       9      0.91084828
      10       1.1490191
      11       1.3976250
      12       1.3173964
      13    12.47
 
       1      0.42399573
       2      0.47388514
       3      0.34566152
       4      0.33159094
       5      0.31513606
       6      0.40776813
       7      0.33327181
       8      0.28156723
       9      0.23730362
      10      0.20264978
      11      0.29242021
      12      0.32206151
      13     0.33
 
       1 0.0
       2 0.0
       3 0.0
       4 0.0
       5 0.0
       6 0.0
       7 0.0
       8 0.0
       9 0.0
      10 0.0
      11 0.0
      12 0.0
      13 0.0
 
       1     0.015477476
       2     0.017312188
       3     0.013207575
       4     0.012753165
       5     0.013054555
       6     0.016969848
       7     0.013853402
       8     0.011787721
       9    0.0096226275
      10    0.0078368864
      11     0.010847354
      12     0.011573066
      13   0.0129
 
       1       1.0000000
       2       1.0000000
       3       1.0000000
       4       1.0000000
       5       1.0000000
       6       1.0000000
       7       1.0000000
       8       1.0000000
       9       1.0000000
      10       1.0000000
      11       1.0000000
      12       1.0000000
      13   1.0000
 
       1       0.0000000
       2       0.0000000
       3       0.0000000
       4       0.0000000
       5       0.0000000
       6       0.0000000
       7       0.0000000
       8       0.0000000
       9       0.0000000
      10       0.0000000
      11       0.0000000
      12       0.0000000
      13   0.0000
 
       1      0.26161534
       2      0.23717320
       3      0.25298734
       4      0.23110176
       5      0.11757443
       6      0.16278494
       7      0.18640409
       8      0.16613768
       9      0.19209671
      10      0.28716111
      11      0.27992265
      12      0.28131756
      13   0.2214
 
