       1       32.570654
       2       26.383584
       3       28.652197
       4       20.401518
       5       19.612361
       6       22.209764
       7       20.398122
       8       16.767171
       9       12.407601
      10       11.442737
      11       18.027036
      12       33.174926
      13   262.05
 
       1       16.809689
       2       14.348618
       3       15.126017
       4       11.904810
       5       11.476414
       6       13.479927
       7       12.218296
       8       10.167654
       9       7.5198858
      10       6.5031824
      11       9.2786902
      12       16.953373
      13   145.79
 
       1       2.5885650
       2       2.1593229
       3       2.4852703
       4       1.7350328
       5       1.5183478
       6       1.8222585
       7       1.5636724
       8       1.2398310
       9      0.98757022
      10      0.98690174
      11       1.6055076
      12       2.6262314
      13    21.32
 
       1       10.902187
       2       8.5213565
       3       9.2180381
       4       5.8713690
       5       5.4270723
       6       6.7188032
       7       6.4730151
       8       5.4822024
       9       3.7791730
      10       3.8326412
      11       6.0400597
      12       11.492182
      13    83.76
 
       1       1.5820592
       2       1.1543464
       3       1.2052131
       4      0.84280018
       5      0.83915232
       6      0.75848956
       7      0.80810809
       8      0.97621428
       9      0.79651409
      10       1.0366368
      11       1.2204179
      12       2.6955013
      13    13.92
 
       1      0.47022039
       2      0.45855742
       3      0.44081404
       4      0.38641186
       5      0.33793655
       6      0.44803715
       7      0.37906534
       8      0.29212574
       9      0.22615157
      10      0.17949640
      11      0.27683660
      12      0.43045067
      13     0.36
 
       1 0.0
       2 0.0
       3 0.0
       4 0.0
       5 0.0
       6 0.0
       7 0.0
       8 0.0
       9 0.0
      10 0.0
      11 0.0
      12 0.0
      13 0.0
 
       1     0.017006115
       2     0.017206185
       3     0.016595981
       4     0.015034501
       5     0.013526033
       6     0.018481557
       7     0.015999771
       8     0.012503253
       9    0.0093885475
      10    0.0070443027
      11     0.010538635
      12     0.016074778
      13   0.0141
 
       1       1.0000000
       2       1.0000000
       3       1.0000000
       4       1.0000000
       5       1.0000000
       6       1.0000000
       7       1.0000000
       8       1.0000000
       9       1.0000000
      10       1.0000000
      11       1.0000000
      12       1.0000000
      13   1.0000
 
       1       0.0000000
       2       0.0000000
       3       0.0000000
       4       0.0000000
       5       0.0000000
       6       0.0000000
       7       0.0000000
       8       0.0000000
       9       0.0000000
      10       0.0000000
      11       0.0000000
      12       0.0000000
      13   0.0000
 
       1      0.29664642
       2      0.24784166
       3      0.24947348
       4      0.20125060
       5      0.18928122
       6      0.13391206
       7      0.17870963
       8      0.20551991
       9      0.18725390
      10      0.25511514
      11      0.43482337
      12      0.37632339
      13   0.2463
 
