  0.0278
  0.0102
  0.0148
  0.0280
  0.0102
  0.0104
  0.0119
  0.0282
  0.0410
  0.0410
  0.0410
  0.0600
  0.0600
  0.0661
  0.0450
  0.0589
  0.0589
  0.8856
  0.1566
  0.7987
  0.0954
  0.0257
  0.0323
  7.3819
 13.9005
  0.0028
 27.3763
  0.0037
  0.0097
  0.0234
  0.6312
  0.0255
 29.7055
  0.0438
  2.2550
  1.2352
  5.3421
  7.8076
  9.4498
 41.8836
 38.2963
 38.2963
 34.8710
 45.5087
  0.0743
 37.4814
 41.2552
  0.0421
 24.5472
  0.3066
 18.0240
 10.9623
  0.4528
  9.2469
 14.6633
  9.2469
  0.0650
  9.2469
 12.1991
 11.0212
  0.6523
  7.4695
  2.8869
  0.6620
 50.4492
  0.4084
  1.1467
  1.7631
  0.3541
  1.1911
  1.3815
  1.3815
  0.8091
  0.3558
  0.3493
  0.7125
  0.7125
  0.1703
  0.7248
  0.7248
  0.0068
  0.0100
  0.0063
  0.0079
