  0.0260
  0.0099
  0.0136
  0.0256
  0.0101
  0.0102
  0.0117
  0.0248
  0.0381
  0.0381
  0.0381
  0.0520
  0.0520
  0.0603
  0.0423
  0.0469
  0.0469
  0.8452
  0.1576
  0.8208
  0.1090
  0.0291
  0.0302
  5.8750
 12.9790
  0.0027
 28.9193
  0.0030
  0.0040
  0.0240
  0.5301
  0.0269
 25.8200
  0.0421
  1.8063
  0.9615
  4.1813
  6.0851
  7.5627
 35.7888
 32.1686
 32.1686
 21.5402
 35.8412
  0.0736
 25.5404
 27.2503
  0.0422
 18.9929
  0.2825
 13.5869
  9.5929
  0.4076
  7.9271
 11.2256
  7.9271
  0.0635
  7.9271
 10.1780
 13.7740
  0.5769
  6.6507
  1.9553
  0.6224
 41.8582
  0.4167
  1.2212
  1.8151
  0.3728
  1.1348
  1.6365
  1.6365
  1.1468
  0.3381
  0.3360
  0.7647
  0.7647
  0.1526
  0.4557
  0.4557
  0.0053
  0.0060
  0.0049
  0.0071
