  0.0239
  0.0102
  0.0109
  0.0251
  0.0106
  0.0108
  0.0126
  0.0239
  0.0415
  0.0415
  0.0415
  0.0662
  0.0662
  0.0639
  0.0458
  0.0605
  0.0605
  0.6927
  0.1289
  0.8543
  0.1000
  0.0242
  0.0274
  6.6568
 12.2247
  0.0025
 29.6119
  0.0031
  0.0040
  0.0198
  0.4866
  0.0152
 26.7863
  0.0395
  1.6431
  0.8894
  3.8623
  5.8570
  7.3140
 36.4822
 32.4464
 32.4464
 25.2673
 37.4221
  0.0649
 29.9355
 31.4417
  0.0351
 16.5130
  0.2535
 15.2967
 11.3036
  0.3960
 11.2613
  7.9603
 11.2613
  0.0597
 11.2613
  6.9672
  9.0998
  0.5283
  9.1725
  3.2116
  0.5905
 38.9839
  0.3706
  1.0799
  2.3212
  0.3270
  1.2901
  1.7471
  1.7471
  1.0121
  0.3550
  0.3291
  0.7808
  0.7808
  0.1508
  0.4004
  0.4004
  0.0140
  0.0099
  0.0085
  0.0107
