  0.0232
  0.0087
  0.0095
  0.0244
  0.0090
  0.0091
  0.0103
  0.0245
  0.0351
  0.0351
  0.0351
  0.0834
  0.0834
  0.0575
  0.0388
  0.0762
  0.0762
  0.7641
  0.1462
  0.8025
  0.1260
  0.0280
  0.0291
  7.4303
 12.0458
  0.0028
 27.2980
  0.0029
  0.0034
  0.0267
  0.6293
  0.0234
 27.4181
  0.0617
  2.0456
  1.1640
  4.1059
  6.0386
  7.7400
 38.6344
 35.2307
 35.2307
 31.4039
 40.8562
  0.0726
 31.1415
 33.6563
  0.0690
 17.7441
  0.2762
 13.4315
  9.8625
  0.4447
  8.4684
  8.2272
  8.4684
  0.0551
  8.4684
  7.3679
  9.0720
  0.6070
  6.7811
  1.7230
  0.6129
 40.9598
  0.3832
  0.3667
  0.7540
  0.3299
  0.4743
  0.6175
  0.6175
  0.4101
  0.3116
  0.2989
  0.3799
  0.3799
  0.1306
  0.4207
  0.4207
  0.0060
  0.0065
  0.0051
  0.0068
