  0.0276
  0.0096
  0.0130
  0.0279
  0.0099
  0.0100
  0.0115
  0.0268
  0.0384
  0.0384
  0.0384
  0.0544
  0.0544
  0.0602
  0.0438
  0.0545
  0.0545
  0.8534
  0.1372
  0.8264
  0.1304
  0.0286
  0.0270
  6.7969
 12.9267
  0.0027
 25.3276
  0.0030
  0.0030
  0.0214
  0.5148
  0.0245
 25.9854
  0.0450
  1.8907
  1.0142
  3.8459
  5.8797
  7.4836
 36.3221
 32.5437
 32.5437
 26.6555
 37.5079
  0.0667
 30.0598
 33.1485
  0.0375
 20.1995
  0.2808
 13.4966
 10.0745
  0.4490
  8.1225
 13.8369
  8.1225
  0.0642
  8.1225
  9.8492
  9.7382
  0.6319
  7.7002
  2.3679
  0.6396
 40.1578
  0.3816
  1.7186
  2.7954
  0.3234
  1.3998
  1.7868
  1.7868
  1.0022
  0.3383
  0.3150
  0.5691
  0.5691
  0.1406
  0.6584
  0.6584
  0.0076
  0.0108
  0.0070
  0.0082
