  0.0246
  0.0098
  0.0103
  0.0232
  0.0100
  0.0102
  0.0116
  0.0204
  0.0392
  0.0392
  0.0392
  0.0471
  0.0471
  0.0654
  0.0447
  0.0448
  0.0448
  0.9159
  0.1368
  0.8440
  0.1269
  0.0330
  0.0264
  6.0270
 12.1099
  0.0038
 27.6190
  0.0032
  0.0103
  0.0232
  0.4494
  0.0277
 25.2574
  0.0378
  1.7421
  0.8259
  3.6492
  5.3723
  6.7435
 35.3029
 31.7475
 31.7475
 23.0469
 35.9330
  0.0675
 26.7288
 29.3559
  0.0356
 18.3690
  0.2809
 11.1459
  9.0585
  0.4169
  7.1315
 12.3981
  7.1315
  0.0564
  7.1315
  7.5440
  6.4557
  0.5804
  6.7824
  2.2574
  0.5801
 44.7137
  0.4043
  1.3119
  1.9393
  0.3405
  1.2415
  1.5745
  1.5745
  1.1742
  0.3151
  0.3273
  0.3628
  0.3628
  0.1484
  0.4421
  0.4421
  0.0145
  0.0125
  0.0097
  0.0100
