Provided by Bingqi Yi, TAMU, 11/9/2011
Dust refractive indices based on Levoni et al. 1997
   0.3000000        1.530000       8.0000004E-03
   0.3371000        1.530000       8.0000004E-03
   0.4000000        1.530000       8.0000004E-03
   0.4880000        1.530000       8.0000004E-03
   0.5145000        1.530000       8.0000004E-03
   0.5500000        1.530000       8.0000004E-03
   0.6328000        1.530000       8.0000004E-03
   0.6943000        1.530000       8.0000004E-03
   0.8600000        1.520000       8.0000004E-03
    1.060000        1.520000       8.0000004E-03
    1.300000        1.460000       8.0000004E-03
    1.536000        1.400000       8.0000004E-03
    1.800000        1.330000       8.0000004E-03
    2.000000        1.260000       8.0000004E-03
    2.250000        1.220000       8.9999996E-03
    2.500000        1.180000       8.9999996E-03
    2.700000        1.180000       1.3000000E-02
    3.000000        1.160000       1.2000000E-02
    3.200000        1.220000       9.9999998E-03
    3.392300        1.260000       1.3000000E-02
    3.500000        1.280000       1.1000000E-02
    3.750000        1.270000       1.1000000E-02
    4.000000        1.260000       1.2000000E-02
    4.500000        1.260000       1.4000000E-02
    5.000000        1.250000       1.6000001E-02
    5.500000        1.220000       2.1000000E-02
    6.000000        1.150000       3.7000000E-02
    6.200000        1.140000       3.9000001E-02
    6.500000        1.130000       4.1999999E-02
    7.200000        1.400000       5.5000000E-02
    7.900000        1.150000       3.9999999E-02
    8.200000        1.130000       7.4000001E-02
    8.500000        1.300000       9.0000004E-02
    8.700000        1.400000       0.1000000    
    9.000000        1.700000       0.1400000    
    9.200000        1.720000       0.1500000    
    9.500000        1.730000       0.1620000    
    9.800000        1.740000       0.1620000    
    10.00000        1.750000       0.1620000    
    10.59100        1.620000       0.1200000    
    11.00000        1.620000       0.1050000    
    11.50000        1.590000       0.1000000    
    12.50000        1.510000       9.0000004E-02
    13.00000        1.470000       0.1000000    
    14.00000        1.520000       8.5000001E-02
    14.80000        1.570000       0.1000000    
    15.00000        1.570000       0.1000000    
    16.40000        1.600000       0.1000000    
    17.20000        1.630000       0.1000000    
    18.00000        1.640000       0.1150000    
    18.50000        1.640000       0.1200000    
    20.00000        1.680000       0.2200000    
    21.30000        1.770000       0.2800000    
    22.50000        1.900000       0.2800000    
    25.00000        1.970000       0.2400000    
    27.90000        1.890000       0.3200000    
    30.00000        1.800000       0.4200000    
    35.00000        1.900000       0.5000000    
    40.00000        2.100000       0.6000000    
